epsilon_quality=0.173116
volume_quality=0.385466
