epsilon_quality=0.0363775
volume_quality=0.184722
