epsilon_quality=0.0376361
volume_quality=0.00961667
