epsilon_quality=0.00121937
volume_quality=0.216283
