epsilon_quality=0.00681253
volume_quality=0.00835394
