epsilon_quality=0.0946316
volume_quality=0.119312
