epsilon_quality=0.0728219
volume_quality=0.253597
