epsilon_quality=0.142925
volume_quality=0.199587
