epsilon_quality=0.270238
volume_quality=1.90633
