epsilon_quality=0.0529324
volume_quality=0.0574213
