epsilon_quality=0.0020467
volume_quality=0.0378973
