epsilon_quality=0.0914498
volume_quality=0.396861
