epsilon_quality=0.137278
volume_quality=0.062259
