epsilon_quality=0.129903
volume_quality=0.277189
