epsilon_quality=0.148675
volume_quality=0.406839
