epsilon_quality=0.01673
volume_quality=0.290124
