epsilon_quality=0.29816
volume_quality=0.930792
