epsilon_quality=0.124272
volume_quality=0.224056
