epsilon_quality=0.0325142
volume_quality=0.0339993
