epsilon_quality=0.146319
volume_quality=0.331519
