epsilon_quality=0.153521
volume_quality=1.14254
