epsilon_quality=0.457818
volume_quality=2.12215
