epsilon_quality=0.177425
volume_quality=1.03018
