epsilon_quality=0.22076
volume_quality=2.37616
