epsilon_quality=0.0649121
volume_quality=0.025995
