epsilon_quality=0.22445
volume_quality=0.403608
