epsilon_quality=0.0656307
volume_quality=0.0180604
