epsilon_quality=0.163786
volume_quality=0.108818
