epsilon_quality=0.196693
volume_quality=0.601926
