epsilon_quality=0.157825
volume_quality=0.143351
