epsilon_quality=0.0959169
volume_quality=0.0229098
