epsilon_quality=0.00544832
volume_quality=0.0484913
