epsilon_quality=0.0871021
volume_quality=0.208172
