epsilon_quality=0.152319
volume_quality=0.194527
