epsilon_quality=0.037972
volume_quality=0.237548
