epsilon_quality=0.0659083
volume_quality=0.0490344
