epsilon_quality=0.0673761
volume_quality=0.0192564
