epsilon_quality=0.121735
volume_quality=0.251038
