epsilon_quality=0.13465
volume_quality=0.150935
