epsilon_quality=0.0046191
volume_quality=0.00607449
