epsilon_quality=0.0816611
volume_quality=0.0471633
