epsilon_quality=0.0283566
volume_quality=0.133307
