epsilon_quality=0.12624
volume_quality=0.374833
