epsilon_quality=0.103469
volume_quality=0.28643
