epsilon_quality=0.0213189
volume_quality=0.00868956
