epsilon_quality=0.0731893
volume_quality=0.112153
