epsilon_quality=0.193838
volume_quality=0.41592
