epsilon_quality=0.15559
volume_quality=0.483299
