epsilon_quality=0.118756
volume_quality=0.350448
