epsilon_quality=0.266994
volume_quality=1.25483
