epsilon_quality=0.000318688
volume_quality=0.106494
