epsilon_quality=0.0242021
volume_quality=0.00388046
