epsilon_quality=0.0374281
volume_quality=0.00852646
