epsilon_quality=0.0418762
volume_quality=0.205274
