epsilon_quality=0.0617884
volume_quality=0.0370002
