epsilon_quality=0.113729
volume_quality=0.0790643
