epsilon_quality=0.0733743
volume_quality=0.0776581
