epsilon_quality=0.137363
volume_quality=0.121843
