epsilon_quality=0.0319014
volume_quality=0.0505322
