epsilon_quality=0.0789149
volume_quality=0.33549
