epsilon_quality=0.0414527
volume_quality=0.0393337
