epsilon_quality=0.0883579
volume_quality=0.0324047
