epsilon_quality=0.0853126
volume_quality=0.108147
