epsilon_quality=0.0635244
volume_quality=0.0348085
