epsilon_quality=0.000357696
volume_quality=0.00248763
