epsilon_quality=0.0589482
volume_quality=0.053628
