epsilon_quality=0.0653215
volume_quality=0.142821
