epsilon_quality=0.145685
volume_quality=0.394959
