epsilon_quality=0.124251
volume_quality=0.102966
