epsilon_quality=0.0817757
volume_quality=0.0757464
