epsilon_quality=0.131502
volume_quality=0.290433
