epsilon_quality=0.27663
volume_quality=0.866003
