epsilon_quality=0.0327937
volume_quality=0.00867196
