epsilon_quality=0.0754429
volume_quality=0.0745055
