epsilon_quality=0.191811
volume_quality=0.464023
