epsilon_quality=0.149972
volume_quality=0.863248
