epsilon_quality=0.18167
volume_quality=0.488245
