epsilon_quality=0.0381066
volume_quality=0.147699
