epsilon_quality=0.175017
volume_quality=0.281781
