epsilon_quality=0.138947
volume_quality=0.0778778
