epsilon_quality=0.0837137
volume_quality=0.103759
