epsilon_quality=0.0705722
volume_quality=0.0311832
