epsilon_quality=0.16033
volume_quality=0.478621
