epsilon_quality=0.00362792
volume_quality=0.0709403
