epsilon_quality=0.0540327
volume_quality=0.0462165
