epsilon_quality=0.102396
volume_quality=0.175147
