epsilon_quality=0.018704
volume_quality=0.0317883
