epsilon_quality=0.0263854
volume_quality=0.00987611
