epsilon_quality=0.119001
volume_quality=0.103886
