epsilon_quality=0.0496807
volume_quality=0.00610635
