epsilon_quality=0.0895736
volume_quality=0.0647823
