epsilon_quality=0.0110619
volume_quality=0.106994
