epsilon_quality=0.135362
volume_quality=0.0920263
