epsilon_quality=0.0175284
volume_quality=0.00277621
