epsilon_quality=0.152487
volume_quality=0.513657
