epsilon_quality=0.0251927
volume_quality=0.00188296
