epsilon_quality=0.0170778
volume_quality=0.00341451
