epsilon_quality=0.0210473
volume_quality=0.0148193
