epsilon_quality=0.0864391
volume_quality=0.0435973
