epsilon_quality=0.136483
volume_quality=0.0741316
