epsilon_quality=0.154084
volume_quality=0.199912
