epsilon_quality=0.0323095
volume_quality=0.0504504
