epsilon_quality=0.0710393
volume_quality=0.0868667
