epsilon_quality=0.0599963
volume_quality=0.0606479
