epsilon_quality=0.493362
volume_quality=3.46723
