epsilon_quality=0.0771074
volume_quality=0.50648
