epsilon_quality=0.0801223
volume_quality=0.102586
