epsilon_quality=0.0337106
volume_quality=0.00332935
