epsilon_quality=0.031488
volume_quality=0.010262
