epsilon_quality=0.0367562
volume_quality=0.0343992
