epsilon_quality=0.0705888
volume_quality=0.0283858
