epsilon_quality=0.206314
volume_quality=0.413432
