epsilon_quality=0.0580111
volume_quality=0.16733
