epsilon_quality=0.106934
volume_quality=0.0742323
