epsilon_quality=0.0206839
volume_quality=0.131982
