epsilon_quality=0.176034
volume_quality=0.292355
