epsilon_quality=0.18116
volume_quality=0.490343
