epsilon_quality=0.0652693
volume_quality=0.0683751
