epsilon_quality=0.0696904
volume_quality=0.0441449
