epsilon_quality=0.12103
volume_quality=0.0943076
