epsilon_quality=0.299775
volume_quality=1.07137
