epsilon_quality=0.00770283
volume_quality=0.457655
