epsilon_quality=0.0935317
volume_quality=0.126725
