epsilon_quality=0.160328
volume_quality=0.329936
