epsilon_quality=0.0795978
volume_quality=0.158949
