epsilon_quality=0.104349
volume_quality=0.133407
