epsilon_quality=0.102857
volume_quality=0.590401
