epsilon_quality=0.0121869
volume_quality=0.133993
