epsilon_quality=0.146024
volume_quality=0.188324
