epsilon_quality=0.161739
volume_quality=0.157327
