epsilon_quality=0.147993
volume_quality=0.23276
