epsilon_quality=0.156285
volume_quality=0.501903
