epsilon_quality=0.0306232
volume_quality=0.0188272
