epsilon_quality=0.0642908
volume_quality=0.01282
