epsilon_quality=0.152408
volume_quality=0.46791
