epsilon_quality=0.109342
volume_quality=0.106775
