epsilon_quality=0.0894606
volume_quality=0.0447634
