epsilon_quality=0.0697738
volume_quality=0.0308441
