epsilon_quality=0.0420589
volume_quality=0.018365
