epsilon_quality=0.0448023
volume_quality=0.137181
