epsilon_quality=0.0325056
volume_quality=0.0567952
