epsilon_quality=0.0668209
volume_quality=0.23252
