epsilon_quality=0.0170562
volume_quality=0.0198063
