epsilon_quality=0.0460503
volume_quality=0.291012
