epsilon_quality=0.0754073
volume_quality=0.0207053
