epsilon_quality=0.215219
volume_quality=0.862524
