epsilon_quality=0.16214
volume_quality=0.874671
