epsilon_quality=0.0292449
volume_quality=0.226876
