epsilon_quality=0.214612
volume_quality=0.393153
