epsilon_quality=0.243075
volume_quality=0.481442
