epsilon_quality=0.0404459
volume_quality=0.0253355
