epsilon_quality=0.0353784
volume_quality=0.122354
