epsilon_quality=0.0769582
volume_quality=0.0959527
