epsilon_quality=0.0312923
volume_quality=0.0164954
