epsilon_quality=0.0659002
volume_quality=0.0752752
