epsilon_quality=0.221402
volume_quality=0.32754
