epsilon_quality=0.0746796
volume_quality=0.17004
