epsilon_quality=0.00391749
volume_quality=0.0711276
