epsilon_quality=0.0307513
volume_quality=0.033407
