epsilon_quality=0.197461
volume_quality=0.557381
