epsilon_quality=0.0583157
volume_quality=0.108009
