epsilon_quality=0.124335
volume_quality=0.532306
