epsilon_quality=0.107175
volume_quality=0.175104
