epsilon_quality=0.109112
volume_quality=0.144541
