epsilon_quality=0.0609187
volume_quality=0.056088
