epsilon_quality=0.0690756
volume_quality=0.0235463
