epsilon_quality=0.147045
volume_quality=0.189881
