epsilon_quality=0.092913
volume_quality=0.204408
