epsilon_quality=0.188334
volume_quality=0.272157
