epsilon_quality=0.10888
volume_quality=0.0834774
