epsilon_quality=0.0351729
volume_quality=0.056973
