epsilon_quality=0.0879893
volume_quality=0.111996
