epsilon_quality=0.0220554
volume_quality=0.00330928
