epsilon_quality=0.102937
volume_quality=0.0890381
