epsilon_quality=0.093904
volume_quality=0.0481997
