epsilon_quality=0.149884
volume_quality=0.174459
