epsilon_quality=0.128728
volume_quality=0.36725
