epsilon_quality=0.194891
volume_quality=0.25064
