epsilon_quality=0.109324
volume_quality=0.113593
