epsilon_quality=0.0240053
volume_quality=0.0108438
