epsilon_quality=0.0195202
volume_quality=0.0524468
