epsilon_quality=0.037064
volume_quality=0.0102354
