epsilon_quality=0.0387642
volume_quality=0.0366932
