epsilon_quality=0.23842
volume_quality=0.972153
