epsilon_quality=0.0160373
volume_quality=0.287448
