epsilon_quality=0.0924267
volume_quality=0.0996691
