epsilon_quality=0.142581
volume_quality=0.28375
