epsilon_quality=0.0934646
volume_quality=0.039662
