epsilon_quality=0.0955661
volume_quality=0.0388514
