epsilon_quality=0.145293
volume_quality=0.384944
