epsilon_quality=0.0389448
volume_quality=0.03721
