epsilon_quality=0.120877
volume_quality=0.189876
