epsilon_quality=0.0781563
volume_quality=0.179302
