epsilon_quality=0.0806588
volume_quality=0.195471
