epsilon_quality=0.114544
volume_quality=0.288564
