epsilon_quality=0.182773
volume_quality=0.140148
