epsilon_quality=0.0876682
volume_quality=0.0551969
