epsilon_quality=0.169484
volume_quality=0.237907
