epsilon_quality=0.132601
volume_quality=0.195687
