epsilon_quality=0.00315642
volume_quality=0.360299
