epsilon_quality=0.0313195
volume_quality=0.034672
