epsilon_quality=0.0326058
volume_quality=0.0112106
