epsilon_quality=0.155637
volume_quality=0.517572
