epsilon_quality=0.0874804
volume_quality=0.0364892
