epsilon_quality=0.0471328
volume_quality=0.0238303
