epsilon_quality=0.139972
volume_quality=0.445683
