epsilon_quality=0.058373
volume_quality=0.323076
