epsilon_quality=0.078528
volume_quality=0.160822
