epsilon_quality=0.0124621
volume_quality=0.101081
