epsilon_quality=0.0774475
volume_quality=0.0221156
