epsilon_quality=0.0275335
volume_quality=0.291247
