epsilon_quality=0.0932514
volume_quality=0.0642148
