epsilon_quality=0.0769884
volume_quality=0.0529381
