epsilon_quality=0.0354414
volume_quality=0.0094941
