epsilon_quality=0.0704894
volume_quality=0.0642725
