epsilon_quality=0.0620356
volume_quality=0.0466337
