epsilon_quality=0.110027
volume_quality=0.100665
