epsilon_quality=0.0347807
volume_quality=0.127808
