epsilon_quality=0.0794546
volume_quality=0.0677054
