epsilon_quality=0.0984416
volume_quality=0.0827102
