epsilon_quality=0.209272
volume_quality=0.289318
