epsilon_quality=0.0374864
volume_quality=0.00577665
