epsilon_quality=0.0474813
volume_quality=0.00707775
