epsilon_quality=0.0123422
volume_quality=0.00083878
