epsilon_quality=0.0575186
volume_quality=0.0715409
