epsilon_quality=0.0455354
volume_quality=0.00984249
