epsilon_quality=0.0390481
volume_quality=0.00456511
