epsilon_quality=0.00390181
volume_quality=0.00304278
