epsilon_quality=0.0227111
volume_quality=0.002501
