epsilon_quality=0.0421546
volume_quality=0.0761446
