epsilon_quality=0.0719613
volume_quality=0.0445029
