epsilon_quality=0.0427228
volume_quality=0.154383
