epsilon_quality=0.110873
volume_quality=0.0526346
