epsilon_quality=0.323055
volume_quality=2.88667
