epsilon_quality=0.0379378
volume_quality=0.00997585
