epsilon_quality=0.0189764
volume_quality=0.0968487
