epsilon_quality=0.0911137
volume_quality=0.13819
