epsilon_quality=0.00282715
volume_quality=0.0791354
