epsilon_quality=0.0328832
volume_quality=0.0397152
