epsilon_quality=0.0809604
volume_quality=0.0652805
