epsilon_quality=0.136014
volume_quality=0.28133
