epsilon_quality=0.0425505
volume_quality=0.156168
