epsilon_quality=0.261793
volume_quality=1.08719
