epsilon_quality=0.165546
volume_quality=0.393953
