epsilon_quality=0.0499583
volume_quality=0.026152
