epsilon_quality=0.307717
volume_quality=2.07618
