epsilon_quality=0.0912757
volume_quality=0.0860704
