epsilon_quality=0.0625516
volume_quality=0.0123069
