epsilon_quality=0.115921
volume_quality=0.301313
