epsilon_quality=0.0176523
volume_quality=0.00278195
