epsilon_quality=0.0158389
volume_quality=0.0508626
