epsilon_quality=0.108901
volume_quality=0.141702
