epsilon_quality=0.0540407
volume_quality=0.00981468
