epsilon_quality=0.0234468
volume_quality=0.01913
