epsilon_quality=0.078664
volume_quality=0.0506476
