epsilon_quality=0.100573
volume_quality=0.044737
