epsilon_quality=0.124266
volume_quality=0.224102
