epsilon_quality=0.0637881
volume_quality=0.209961
