epsilon_quality=0.109598
volume_quality=0.0536704
