epsilon_quality=0.0739081
volume_quality=0.016685
