epsilon_quality=0.0854778
volume_quality=0.0596519
