epsilon_quality=0.0504389
volume_quality=0.0527068
