epsilon_quality=0.0875839
volume_quality=0.175645
