epsilon_quality=0.10416
volume_quality=0.147909
