epsilon_quality=0.120134
volume_quality=0.226657
