epsilon_quality=0.0861323
volume_quality=0.0942858
