epsilon_quality=0.0930682
volume_quality=0.0545367
