epsilon_quality=0.111914
volume_quality=0.152601
