epsilon_quality=0.0833391
volume_quality=0.13735
