epsilon_quality=0.140535
volume_quality=0.177181
