epsilon_quality=0.0418192
volume_quality=0.038673
