epsilon_quality=0.0901892
volume_quality=0.0503667
