epsilon_quality=0.0781787
volume_quality=0.162159
