epsilon_quality=3.58871e-17
volume_quality=0.0169412
