epsilon_quality=0.0882705
volume_quality=0.113648
