epsilon_quality=0.0819234
volume_quality=0.177846
