epsilon_quality=0.066833
volume_quality=0.110922
