epsilon_quality=0.0706066
volume_quality=0.0283256
