epsilon_quality=0.0272332
volume_quality=0.200468
