epsilon_quality=0.0612224
volume_quality=0.0290503
