epsilon_quality=0.0393638
volume_quality=0.0601917
