epsilon_quality=0.0726418
volume_quality=0.0182617
