epsilon_quality=0.159795
volume_quality=0.236656
