epsilon_quality=0.0170516
volume_quality=0.0302504
