epsilon_quality=0.0530721
volume_quality=0.153475
