epsilon_quality=0.257301
volume_quality=1.48061
