epsilon_quality=0.0652152
volume_quality=0.926916
