epsilon_quality=0.0745633
volume_quality=0.051901
