epsilon_quality=0.0115954
volume_quality=0.0896917
