epsilon_quality=0.0416304
volume_quality=0.0196904
