epsilon_quality=0.0435374
volume_quality=0.0334009
