epsilon_quality=0.0404667
volume_quality=0.00376076
