gpsEpsilon=21.7359
gpsVolume=69.5681
mQualEpsilon=0.0139156
mQualVolume=0.00625942
new_planned_energy=103.032
