gpsEpsilon=10.0593
gpsVolume=60.9669
mQualEpsilon=0.0102399
mQualVolume=0.00429553
new_planned_energy=95.0136
