gpsEpsilon=18.1173
gpsVolume=60.9669
mQualEpsilon=0.0767984
mQualVolume=0.00803746
new_planned_energy=79.6567
