gpsEpsilon=22.0944
gpsVolume=111.745
mQualEpsilon=0.0361911
mQualVolume=0.0117688
new_planned_energy=85.7468
