gpsEpsilon=11.9994
gpsVolume=97.8438
mQualEpsilon=0.0269193
mQualVolume=0.0183058
new_planned_energy=73.1881
