gpsEpsilon=27.3233
gpsVolume=90.7839
mQualEpsilon=0.0325081
mQualVolume=0.00646122
new_planned_energy=52.4279
