gpsEpsilon=17.8196
gpsVolume=87.917
mQualEpsilon=0.00426902
mQualVolume=0.00742567
new_planned_energy=105.923
