gpsEpsilon=30.8496
gpsVolume=87.917
mQualEpsilon=0.0369539
mQualVolume=0.0172578
new_planned_energy=89.6237
