gpsEpsilon=9.37169
gpsVolume=82.7562
mQualEpsilon=0.00735764
mQualVolume=0.00726029
new_planned_energy=119.891
