gpsEpsilon=21.7497
gpsVolume=82.7562
mQualEpsilon=0.0233748
mQualVolume=0.00701232
new_planned_energy=69.9845
