epsilon_quality=0.0462108
volume_quality=0.0345116
