epsilon_quality=0.0305098
volume_quality=0.0670467
