epsilon_quality=0.165079
volume_quality=0.0966863
