epsilon_quality=0.0987238
volume_quality=0.148651
