epsilon_quality=0.0794587
volume_quality=0.0442395
