epsilon_quality=0.0762389
volume_quality=0.150767
