epsilon_quality=0.0785656
volume_quality=0.0667431
