epsilon_quality=0.0857301
volume_quality=0.0311594
