epsilon_quality=0.0726218
volume_quality=0.0329195
