epsilon_quality=0.0681355
volume_quality=0.044293
