epsilon_quality=0.0876066
volume_quality=0.231262
