epsilon_quality=0.00148095
volume_quality=0.508518
