epsilon_quality=0.0623416
volume_quality=0.253835
