epsilon_quality=0.0340898
volume_quality=0.0627202
