gpsEpsilon=97.6437
gpsVolume=236.282
mQualEpsilon=0.00123621
mQualVolume=0.00119597
new_planned_energy=40.8991
