gpsEpsilon=97.5749
gpsVolume=235.893
mQualEpsilon=1.44683
mQualVolume=43.1655
new_planned_energy=-1.44683
