gpsEpsilon=97.6061
gpsVolume=234.449
mQualEpsilon=0.00236749
mQualVolume=0.0041676
new_planned_energy=46.1228
