gpsEpsilon=50.6507
gpsVolume=28.731
mQualEpsilon=0.0403594
mQualVolume=0.0116183
new_planned_energy=40.9375
