gpsEpsilon=52.9841
gpsVolume=26.8122
mQualEpsilon=0.0191981
mQualVolume=0.00206637
new_planned_energy=34.9741
