gpsEpsilon=53.6265
gpsVolume=27.5857
mQualEpsilon=0.0503566
mQualVolume=0.00337144
new_planned_energy=49.2225
