gpsEpsilon=50.2519
gpsVolume=29.5384
mQualEpsilon=0.018545
mQualVolume=0.00209816
new_planned_energy=36.3182
