gpsEpsilon=46.6781
gpsVolume=30.2908
mQualEpsilon=0.0146651
mQualVolume=0.00171031
new_planned_energy=101.729
