gpsEpsilon=43.2587
gpsVolume=30.8541
mQualEpsilon=0.0133807
mQualVolume=0.00500822
new_planned_energy=47.9833
