gpsEpsilon=97.5454
gpsVolume=236.011
mQualEpsilon=0.0080647
mQualVolume=0.0171498
new_planned_energy=60.7904
