epsilon_quality=0.0434493
volume_quality=0.0462415
