epsilon_quality=0.101328
volume_quality=0.0638591
