epsilon_quality=0.00920614
volume_quality=0.297355
