epsilon_quality=0.286173
volume_quality=0.714689
