epsilon_quality=0.173153
volume_quality=0.531621
