epsilon_quality=0.342353
volume_quality=1.17984
