epsilon_quality=0.254073
volume_quality=0.850463
