epsilon_quality=0.0241069
volume_quality=0.0359193
