epsilon_quality=0.096662
volume_quality=0.222563
