epsilon_quality=0.193533
volume_quality=0.44531
