epsilon_quality=0.00483052
volume_quality=0.0305778
