epsilon_quality=0.0318898
volume_quality=0.0454841
