epsilon_quality=0.195974
volume_quality=0.421571
