epsilon_quality=0.0946697
volume_quality=0.0951967
