epsilon_quality=0.0263958
volume_quality=0.0294077
