epsilon_quality=0.0832401
volume_quality=0.0418338
