epsilon_quality=0.152712
volume_quality=0.439252
