epsilon_quality=0.126338
volume_quality=0.246544
