epsilon_quality=0.044379
volume_quality=0.0967332
