epsilon_quality=0.103342
volume_quality=0.155679
