epsilon_quality=0.228986
volume_quality=0.372215
