epsilon_quality=0.0686695
volume_quality=0.0130687
