epsilon_quality=0.0941819
volume_quality=0.0516671
