epsilon_quality=0.0924993
volume_quality=0.24035
