epsilon_quality=0.0496441
volume_quality=0.0376556
