epsilon_quality=0.0161696
volume_quality=0.012679
