epsilon_quality=0.0455893
volume_quality=0.0343431
