epsilon_quality=0.0431223
volume_quality=0.021989
