epsilon_quality=0.0526822
volume_quality=0.19586
