epsilon_quality=0.085341
volume_quality=0.0401336
