epsilon_quality=0.167452
volume_quality=0.326098
