epsilon_quality=0.204154
volume_quality=1.49824
