epsilon_quality=0.0913524
volume_quality=0.293807
