epsilon_quality=0.0199395
volume_quality=0.138752
