epsilon_quality=0.115063
volume_quality=0.106037
