epsilon_quality=0.128335
volume_quality=0.249539
