epsilon_quality=0.126603
volume_quality=0.264888
