epsilon_quality=0.0912493
volume_quality=0.131377
