epsilon_quality=0.0642058
volume_quality=0.0199316
