epsilon_quality=0.114323
volume_quality=0.0714019
