epsilon_quality=0.172972
volume_quality=0.287464
