epsilon_quality=0.052679
volume_quality=0.0459195
