epsilon_quality=0.0985079
volume_quality=0.192136
