epsilon_quality=0.0500255
volume_quality=0.0201501
