epsilon_quality=0.0565728
volume_quality=0.0544514
