epsilon_quality=0.0135548
volume_quality=0.0234901
