epsilon_quality=0.224814
volume_quality=1.58314
