epsilon_quality=0.264069
volume_quality=0.952365
