epsilon_quality=0.198575
volume_quality=0.756255
