epsilon_quality=0.00243211
volume_quality=0.321191
