epsilon_quality=0.12743
volume_quality=0.234593
