epsilon_quality=0.186137
volume_quality=0.238293
