epsilon_quality=0.122427
volume_quality=0.155987
