epsilon_quality=0.0445483
volume_quality=0.00909626
