epsilon_quality=0.029593
volume_quality=0.0263156
