epsilon_quality=0.0414975
volume_quality=0.022172
