epsilon_quality=0.0521554
volume_quality=0.0473172
