epsilon_quality=0.0147532
volume_quality=0.000683073
