epsilon_quality=0.0303272
volume_quality=0.00741078
