epsilon_quality=0.116412
volume_quality=0.146255
