epsilon_quality=0.0798995
volume_quality=0.084578
