epsilon_quality=0.0898753
volume_quality=0.0853808
