epsilon_quality=0.194522
volume_quality=0.404678
