epsilon_quality=0.184738
volume_quality=0.423997
