epsilon_quality=0.0771821
volume_quality=0.0779924
