epsilon_quality=0.0314321
volume_quality=0.0971533
