epsilon_quality=0.00209042
volume_quality=0.0376118
