epsilon_quality=0.0274012
volume_quality=0.019738
