epsilon_quality=0.0242699
volume_quality=0.0245157
