epsilon_quality=0.0585662
volume_quality=0.022978
