epsilon_quality=0.0971032
volume_quality=0.22833
