epsilon_quality=0.118561
volume_quality=0.0996575
