epsilon_quality=0.0843686
volume_quality=0.105413
