epsilon_quality=0.0470676
volume_quality=0.0793269
