epsilon_quality=0.0653207
volume_quality=0.0569314
