epsilon_quality=0.0760383
volume_quality=0.0993414
