epsilon_quality=0.0217075
volume_quality=0.0157443
