epsilon_quality=0.21221
volume_quality=0.813983
