epsilon_quality=0.0597509
volume_quality=0.312872
