epsilon_quality=0.16269
volume_quality=0.153827
