epsilon_quality=0.0725909
volume_quality=0.0270766
