epsilon_quality=0.137223
volume_quality=1.04206
