epsilon_quality=0.474024
volume_quality=3.91504
