epsilon_quality=0.586074
volume_quality=4.77645
