epsilon_quality=0.0414405
volume_quality=0.0224002
