epsilon_quality=0.0328738
volume_quality=0.00782048
