epsilon_quality=0.254325
volume_quality=0.493436
