epsilon_quality=0.119235
volume_quality=0.0507802
