epsilon_quality=0.0496042
volume_quality=0.00512129
