epsilon_quality=0.0649725
volume_quality=0.00439303
