epsilon_quality=0.231993
volume_quality=1.08307
