epsilon_quality=0.217192
volume_quality=1.09109
