epsilon_quality=0.221043
volume_quality=0.589024
