epsilon_quality=0.336095
volume_quality=1.81045
