epsilon_quality=0.0525428
volume_quality=0.0467048
