epsilon_quality=0.123217
volume_quality=0.151666
