epsilon_quality=0.0602668
volume_quality=0.0293154
