epsilon_quality=0.145124
volume_quality=0.918538
