epsilon_quality=0.126854
volume_quality=0.274735
