epsilon_quality=0.117643
volume_quality=0.197186
