epsilon_quality=0.142007
volume_quality=0.222728
