epsilon_quality=0.126701
volume_quality=0.363587
