epsilon_quality=0.190918
volume_quality=0.482247
