epsilon_quality=0.223416
volume_quality=0.503393
