epsilon_quality=0.344919
volume_quality=1.22453
