epsilon_quality=0.00766666
volume_quality=0.0751421
