epsilon_quality=0.0939506
volume_quality=0.0202888
