epsilon_quality=0.0857728
volume_quality=0.166857
