epsilon_quality=0.0675146
volume_quality=0.0412443
