epsilon_quality=0.0586883
volume_quality=0.06448
