epsilon_quality=0.240531
volume_quality=0.668247
