epsilon_quality=0.173273
volume_quality=0.39345
