epsilon_quality=0.140443
volume_quality=0.383672
