epsilon_quality=0.0605535
volume_quality=0.0679687
