epsilon_quality=0.00968701
volume_quality=0.040798
