epsilon_quality=0.100693
volume_quality=0.100685
