epsilon_quality=0.0497493
volume_quality=0.0240719
