epsilon_quality=0.102821
volume_quality=0.0805604
