epsilon_quality=0.0630861
volume_quality=0.113232
