epsilon_quality=0.0989182
volume_quality=0.0882325
