epsilon_quality=0.0491818
volume_quality=0.260619
