epsilon_quality=0.260033
volume_quality=0.707118
