gpsEpsilon=31.7784
gpsVolume=202.237
mQualEpsilon=0.0215477
mQualVolume=0.0039762
new_planned_energy=53.8251
