gpsEpsilon=35.1917
gpsVolume=179.553
mQualEpsilon=0.0466961
mQualVolume=0.00250506
new_planned_energy=84.8548
