gpsEpsilon=1.31894e-315
gpsVolume=6.95335e-310
mQualEpsilon=0.0127163
mQualVolume=0.000939385
new_planned_energy=53.6805
