gpsEpsilon=154.387
gpsVolume=73.3882
mQualEpsilon=0.0219217
mQualVolume=0.000722429
new_planned_energy=84.4781
