gpsEpsilon=1.20463e-315
gpsVolume=-1.48786
mQualEpsilon=-1
mQualVolume=0.000121865
new_planned_energy=93.1887
