gpsEpsilon=0
gpsVolume=0
mQualEpsilon=0.0352838
mQualVolume=0.00827188
new_planned_energy=76.4787
