gpsEpsilon=53.6616
gpsVolume=246.17
mQualEpsilon=0.00994752
mQualVolume=0.0058299
new_planned_energy=59.6938
