gpsEpsilon=1.56276e-315
gpsVolume=-0.157708
mQualEpsilon=0.0041271
mQualVolume=0.00104382
new_planned_energy=18.3564
