gpsEpsilon=2.27508e-316
gpsVolume=0.51687
mQualEpsilon=0.0310177
mQualVolume=0.00953945
new_planned_energy=55.6535
