gpsEpsilon=52.928
gpsVolume=185.475
mQualEpsilon=0.00783375
mQualVolume=0.000309341
new_planned_energy=108.372
