gpsEpsilon=55.3575
gpsVolume=181.033
mQualEpsilon=0.0046191
mQualVolume=0.000445878
new_planned_energy=93.2162
