epsilon_quality=0.127029
volume_quality=0.259519
