epsilon_quality=0.0744727
volume_quality=0.347222
