epsilon_quality=0.0931962
volume_quality=0.317573
