epsilon_quality=0.124191
volume_quality=0.127443
