epsilon_quality=0.0349744
volume_quality=0.0910333
