epsilon_quality=0.0372927
volume_quality=0.0605627
