epsilon_quality=0.05133
volume_quality=0.0400545
