epsilon_quality=0.0938269
volume_quality=0.224441
