epsilon_quality=0.0814221
volume_quality=0.0406748
