epsilon_quality=0.0603098
volume_quality=0.0204523
