epsilon_quality=0.141208
volume_quality=0.229554
