epsilon_quality=0.03634
volume_quality=0.00805518
