epsilon_quality=0.0325643
volume_quality=0.00141087
