epsilon_quality=0.0198606
volume_quality=0.0063519
