epsilon_quality=0.0529269
volume_quality=0.00415704
