epsilon_quality=0.0528231
volume_quality=0.0124177
