epsilon_quality=0.0336245
volume_quality=0.00641349
