epsilon_quality=0.0502313
volume_quality=0.00355352
