epsilon_quality=0.0617995
volume_quality=0.199773
