epsilon_quality=0.14984
volume_quality=0.416846
