epsilon_quality=0.0707002
volume_quality=0.025796
