epsilon_quality=0.0569875
volume_quality=0.0358654
