epsilon_quality=0.10963
volume_quality=0.198755
