epsilon_quality=0.117403
volume_quality=0.213521
