epsilon_quality=0.0164015
volume_quality=0.000562248
