epsilon_quality=0.115908
volume_quality=0.0464246
