epsilon_quality=0.220945
volume_quality=0.356429
