epsilon_quality=0.135327
volume_quality=0.226309
