epsilon_quality=0.0241119
volume_quality=0.0121264
