epsilon_quality=0.123625
volume_quality=0.135138
