epsilon_quality=0.0414852
volume_quality=0.00933918
