epsilon_quality=0.0301153
volume_quality=0.00945563
