epsilon_quality=0.0953468
volume_quality=0.0955686
