epsilon_quality=0.00714192
volume_quality=0.606286
