epsilon_quality=0.116742
volume_quality=0.75237
