epsilon_quality=0.238208
volume_quality=0.916579
