epsilon_quality=0.086465
volume_quality=0.0375076
