epsilon_quality=0.0700444
volume_quality=0.0266904
