epsilon_quality=0.063216
volume_quality=0.0174852
