epsilon_quality=0.141878
volume_quality=0.281764
