epsilon_quality=0.201921
volume_quality=0.907472
