epsilon_quality=0.205734
volume_quality=0.928176
