epsilon_quality=0.0339546
volume_quality=0.00540946
