epsilon_quality=0.0564097
volume_quality=0.0383638
