epsilon_quality=0.0487172
volume_quality=0.00689696
