epsilon_quality=0.0090453
volume_quality=0.000785128
