epsilon_quality=0.012428
volume_quality=0.00106439
