gpsEpsilon=82.9343
gpsVolume=72.9026
mQualEpsilon=0.00157084
mQualVolume=0.00410859
new_planned_energy=37.5036
