gpsEpsilon=1.3139
gpsVolume=2.66276
mQualEpsilon=-1
mQualVolume=0.0156153
new_planned_energy=42.4366
