gpsEpsilon=0
gpsVolume=0
mQualEpsilon=0.0311706
mQualVolume=0.0169223
new_planned_energy=43.1743
