gpsEpsilon=3.00528e-316
gpsVolume=2.42993e-316
mQualEpsilon=-1
mQualVolume=0.00535818
new_planned_energy=57.7029
