gpsEpsilon=2.29271e-316
gpsVolume=2.47033e-323
mQualEpsilon=0.101239
mQualVolume=0.0288046
new_planned_energy=69.352
