gpsEpsilon=5.0533e-316
gpsVolume=5.93389e-316
mQualEpsilon=0.00435038
mQualVolume=0.000350179
new_planned_energy=103.785
