gpsEpsilon=2.22976e-316
gpsVolume=9.88131e-324
mQualEpsilon=0.0270488
mQualVolume=0.0158664
new_planned_energy=58.1752
