gpsEpsilon=2.38377e-316
gpsVolume=3.03095e-18
mQualEpsilon=0.0311652
mQualVolume=0.00379251
new_planned_energy=60.4774
