gpsEpsilon=80.8149
gpsVolume=95.648
mQualEpsilon=0.0114882
mQualVolume=0.00166588
new_planned_energy=62.5133
