gpsEpsilon=94.9688
gpsVolume=58.7291
mQualEpsilon=0.0646831
mQualVolume=0.00855862
new_planned_energy=52.4061
