gpsEpsilon=83.4118
gpsVolume=79.6798
mQualEpsilon=0.0646831
mQualVolume=0.00855862
new_planned_energy=51.3669
