gpsEpsilon=0.0935586
gpsVolume=0.480306
mQualEpsilon=-1
mQualVolume=0.00600398
new_planned_energy=60.7942
