epsilon_quality=0.117095
volume_quality=0.083895
