epsilon_quality=0.0590945
volume_quality=0.144195
