epsilon_quality=0.162764
volume_quality=0.466422
