epsilon_quality=0.06434
volume_quality=0.0556828
