epsilon_quality=0.0497285
volume_quality=0.176876
