epsilon_quality=0.0822996
volume_quality=0.0536161
