epsilon_quality=0.0686223
volume_quality=0.0144832
