epsilon_quality=0.0704182
volume_quality=0.134535
