epsilon_quality=0.14892
volume_quality=0.35228
