epsilon_quality=0.00851046
volume_quality=0.0675517
