epsilon_quality=0.164281
volume_quality=0.267561
