epsilon_quality=0.139183
volume_quality=0.366612
