epsilon_quality=0.0842772
volume_quality=0.0980242
