epsilon_quality=0.0807832
volume_quality=0.0523245
