epsilon_quality=0.0588904
volume_quality=0.0815113
