epsilon_quality=0.0625617
volume_quality=0.06386
