epsilon_quality=0.0746148
volume_quality=0.131909
