epsilon_quality=0.0797929
volume_quality=0.297225
