epsilon_quality=0.0215104
volume_quality=0.0117998
