epsilon_quality=0.108836
volume_quality=0.241345
