epsilon_quality=0.0585157
volume_quality=0.0797615
