epsilon_quality=0.0704986
volume_quality=0.0374076
