epsilon_quality=0.0577577
volume_quality=0.0667152
