epsilon_quality=0.0273566
volume_quality=0.000927719
