epsilon_quality=0.012135
volume_quality=0.0414748
