epsilon_quality=0.104389
volume_quality=0.17519
