epsilon_quality=0.0642614
volume_quality=0.023976
