epsilon_quality=0.0376085
volume_quality=0.093275
