epsilon_quality=0.0656501
volume_quality=0.0663213
