epsilon_quality=0.0945107
volume_quality=0.0670917
