epsilon_quality=0.00744975
volume_quality=0.0626677
