epsilon_quality=0.105832
volume_quality=0.190742
