epsilon_quality=0.0441266
volume_quality=0.0807324
