epsilon_quality=0.0577272
volume_quality=0.0872115
