epsilon_quality=0.0862153
volume_quality=0.141904
