epsilon_quality=0.0831135
volume_quality=0.0950293
