epsilon_quality=0.0593275
volume_quality=0.0394754
