epsilon_quality=0.0189229
volume_quality=0.0430252
