epsilon_quality=0.0380659
volume_quality=0.0207919
