epsilon_quality=0.0355751
volume_quality=0.0657006
