epsilon_quality=0.0691071
volume_quality=0.110408
