epsilon_quality=0.0632232
volume_quality=0.0750483
