epsilon_quality=0.0689401
volume_quality=0.0339719
