epsilon_quality=0.0340738
volume_quality=0.16995
