epsilon_quality=0.122545
volume_quality=0.261397
