epsilon_quality=0.0066769
volume_quality=0.0111261
