epsilon_quality=0.170206
volume_quality=0.229654
