epsilon_quality=0.0968532
volume_quality=0.109907
