epsilon_quality=0.0294832
volume_quality=0.00475393
