epsilon_quality=0.218087
volume_quality=0.692396
