epsilon_quality=0.182158
volume_quality=0.553992
