epsilon_quality=0.200229
volume_quality=0.662715
