epsilon_quality=0.137464
volume_quality=0.0937985
