epsilon_quality=0.259138
volume_quality=0.865143
