epsilon_quality=0.0143494
volume_quality=0.00136327
