epsilon_quality=0.159251
volume_quality=0.265805
