epsilon_quality=0.13425
volume_quality=0.253579
