epsilon_quality=0.0750803
volume_quality=0.433818
