epsilon_quality=0.123654
volume_quality=0.311007
