epsilon_quality=0.0659496
volume_quality=0.115637
