epsilon_quality=0.159489
volume_quality=0.212558
