epsilon_quality=0.0732495
volume_quality=0.23708
