epsilon_quality=0.0162183
volume_quality=0.00137193
