epsilon_quality=0.0659389
volume_quality=0.109627
