epsilon_quality=0.0768969
volume_quality=0.0161824
