epsilon_quality=0.128622
volume_quality=0.0773825
