epsilon_quality=0.130379
volume_quality=0.134817
