epsilon_quality=0.289324
volume_quality=0.79581
