epsilon_quality=0.154564
volume_quality=0.391679
