epsilon_quality=0.0870444
volume_quality=0.375224
