epsilon_quality=0.116976
volume_quality=0.361107
