epsilon_quality=0.0876657
volume_quality=0.190283
