epsilon_quality=0.0418958
volume_quality=0.0337777
