epsilon_quality=0.066855
volume_quality=0.0325239
