epsilon_quality=0.144498
volume_quality=0.152572
