epsilon_quality=0.000264676
volume_quality=0.0368683
