gpsEpsilon=39.5262
gpsVolume=80.024
mQualEpsilon=0.0196533
mQualVolume=0.0122147
new_planned_energy=65.0149
