gpsEpsilon=39.5392
gpsVolume=70.0778
mQualEpsilon=0.0288322
mQualVolume=0.0159921
new_planned_energy=107.734
