gpsEpsilon=39.3451
gpsVolume=79.3344
mQualEpsilon=0.0678397
mQualVolume=0.0291312
new_planned_energy=40.0471
