gpsEpsilon=39.4556
gpsVolume=80.1106
mQualEpsilon=0.0162329
mQualVolume=0.00855317
new_planned_energy=65.5019
