gpsEpsilon=23.5892
gpsVolume=86.8665
mQualEpsilon=0.0175047
mQualVolume=0.00206823
new_planned_energy=47.9788
