gpsEpsilon=39.749
gpsVolume=77.468
mQualEpsilon=0.0489529
mQualVolume=0.00913553
new_planned_energy=44.6157
