gpsEpsilon=39.4886
gpsVolume=70.1297
mQualEpsilon=0.0116697
mQualVolume=0.00513379
new_planned_energy=70.6544
