gpsEpsilon=39.3451
gpsVolume=69.4215
mQualEpsilon=0.0372501
mQualVolume=0.0161496
new_planned_energy=61.8363
