gpsEpsilon=39.1861
gpsVolume=70.1297
mQualEpsilon=0.0368625
mQualVolume=0.015436
new_planned_energy=79.5507
