gpsEpsilon=41.5976
gpsVolume=72.4149
mQualEpsilon=0.0368467
mQualVolume=0.0242992
new_planned_energy=97.1772
