gpsEpsilon=34.2509
gpsVolume=64.7101
mQualEpsilon=1.91272
mQualVolume=56.6713
new_planned_energy=-1.91272
