gpsEpsilon=34.2509
gpsVolume=64.7101
mQualEpsilon=1.86669
mQualVolume=57.5493
new_planned_energy=-1.86669
