gpsEpsilon=41.2521
gpsVolume=70.9788
mQualEpsilon=0.0212441
mQualVolume=0.0188041
new_planned_energy=35.8666
