gpsEpsilon=20.4548
gpsVolume=80.9826
mQualEpsilon=0.0221325
mQualVolume=0.00991192
new_planned_energy=43.7943
