epsilon_quality=0.107537
volume_quality=0.0572911
