epsilon_quality=0.106348
volume_quality=0.0626306
