epsilon_quality=0.0578939
volume_quality=0.0256505
