epsilon_quality=0.0789869
volume_quality=0.0795407
