epsilon_quality=0.0771179
volume_quality=0.0409573
