epsilon_quality=0.155872
volume_quality=0.115831
