epsilon_quality=0.0391378
volume_quality=0.00632271
