epsilon_quality=0.148558
volume_quality=0.191137
