epsilon_quality=0.00496861
volume_quality=0.0113844
