epsilon_quality=0.093605
volume_quality=0.30003
