epsilon_quality=0.109786
volume_quality=0.201262
