epsilon_quality=0.0572416
volume_quality=0.130895
