epsilon_quality=0.0859132
volume_quality=0.110996
