epsilon_quality=0.0548343
volume_quality=0.0567048
