epsilon_quality=0.145947
volume_quality=0.265711
