epsilon_quality=0.045255
volume_quality=0.0468413
