epsilon_quality=0.0483391
volume_quality=0.018131
