epsilon_quality=0.0808914
volume_quality=0.0825922
