epsilon_quality=0.225945
volume_quality=0.413828
