epsilon_quality=0.0966632
volume_quality=0.592532
