epsilon_quality=0.0841666
volume_quality=0.166657
