epsilon_quality=0.206739
volume_quality=0.441673
