epsilon_quality=0.0533091
volume_quality=0.163244
