epsilon_quality=0.149764
volume_quality=0.302458
