epsilon_quality=0.115972
volume_quality=0.0578413
