epsilon_quality=0.03745
volume_quality=0.0303182
