epsilon_quality=0.0169659
volume_quality=0.00358933
