epsilon_quality=0.0854042
volume_quality=0.155022
