epsilon_quality=0.0186017
volume_quality=0.123773
