epsilon_quality=0.0229236
volume_quality=0.00568818
