epsilon_quality=0.0361544
volume_quality=0.0131496
