epsilon_quality=0.0229626
volume_quality=0.0332296
