epsilon_quality=0.0229139
volume_quality=0.00250838
