epsilon_quality=0.147646
volume_quality=0.36247
