epsilon_quality=0.0253401
volume_quality=0.0987869
