epsilon_quality=0.0205298
volume_quality=0.00440641
