epsilon_quality=0.0437025
volume_quality=0.106246
