epsilon_quality=0.03509
volume_quality=0.00289147
