epsilon_quality=0.0137798
volume_quality=0.000776656
