epsilon_quality=0.0334765
volume_quality=0.270649
