epsilon_quality=0.00827017
volume_quality=0.00746116
