epsilon_quality=0.0746191
volume_quality=0.0686517
