epsilon_quality=0.0406121
volume_quality=0.035296
