epsilon_quality=0.126687
volume_quality=0.41698
