epsilon_quality=0.126346
volume_quality=0.296423
