epsilon_quality=0.262582
volume_quality=0.937556
