epsilon_quality=0.298715
volume_quality=0.804102
