epsilon_quality=0.0967125
volume_quality=0.0599639
