epsilon_quality=0.300771
volume_quality=1.98269
