epsilon_quality=0.292592
volume_quality=1.78285
