epsilon_quality=0.435691
volume_quality=3.11773
