epsilon_quality=0.102507
volume_quality=0.069899
