epsilon_quality=0.0261342
volume_quality=0.156743
