epsilon_quality=0.101865
volume_quality=0.223903
