epsilon_quality=0.069981
volume_quality=0.0678137
