epsilon_quality=0.138528
volume_quality=0.186898
