epsilon_quality=0.232628
volume_quality=0.407991
