epsilon_quality=0.130118
volume_quality=0.263693
