epsilon_quality=0.117117
volume_quality=0.225387
