epsilon_quality=0.00149191
volume_quality=0.0305703
