epsilon_quality=0.0109797
volume_quality=0.000999388
