epsilon_quality=0.100954
volume_quality=0.0588156
