epsilon_quality=0.0439775
volume_quality=0.101858
