epsilon_quality=0.136824
volume_quality=0.16266
