epsilon_quality=0.00908608
volume_quality=0.030243
