epsilon_quality=0.158753
volume_quality=0.467196
