epsilon_quality=0.144588
volume_quality=0.216563
