epsilon_quality=0.106396
volume_quality=0.271189
