epsilon_quality=0.0778855
volume_quality=0.182356
