epsilon_quality=0.118166
volume_quality=0.266719
