epsilon_quality=0.129793
volume_quality=0.219596
