epsilon_quality=0.184752
volume_quality=0.626818
