epsilon_quality=0.161987
volume_quality=0.576274
