epsilon_quality=0.0143871
volume_quality=0.0175509
