epsilon_quality=0.0678491
volume_quality=0.0851858
