epsilon_quality=0.123592
volume_quality=0.11911
