epsilon_quality=0.172209
volume_quality=1.32246
