epsilon_quality=0.175244
volume_quality=0.852681
