epsilon_quality=0.211945
volume_quality=0.404039
