epsilon_quality=0.00801209
volume_quality=0.0300978
