epsilon_quality=0.114599
volume_quality=0.0661251
