epsilon_quality=0.126247
volume_quality=0.291022
