epsilon_quality=0.097972
volume_quality=0.137778
