epsilon_quality=0.124545
volume_quality=0.261714
