epsilon_quality=0.0366916
volume_quality=0.0868164
