epsilon_quality=0.0551998
volume_quality=0.169434
