epsilon_quality=0.0813001
volume_quality=0.0369312
