epsilon_quality=0.0122004
volume_quality=0.0172141
