epsilon_quality=0.11507
volume_quality=0.243861
