epsilon_quality=0.156025
volume_quality=0.367103
