epsilon_quality=0.152391
volume_quality=0.252519
