epsilon_quality=0.188798
volume_quality=1.20949
