epsilon_quality=0.130535
volume_quality=0.144285
