epsilon_quality=0.114164
volume_quality=0.103551
