epsilon_quality=0.026215
volume_quality=0.0274664
