epsilon_quality=0.0621747
volume_quality=0.0628959
