epsilon_quality=0.03095
volume_quality=0.00558741
