epsilon_quality=0.034636
volume_quality=0.00144146
