epsilon_quality=0.071512
volume_quality=0.0294223
