epsilon_quality=0.152896
volume_quality=0.0820105
