epsilon_quality=0.0752703
volume_quality=0.0333938
