epsilon_quality=0.121509
volume_quality=0.103377
