epsilon_quality=0.0653239
volume_quality=0.0543324
