gpsEpsilon=1.60341e-315
gpsVolume=0
mQualEpsilon=0.0244304
mQualVolume=0.00323267
new_planned_energy=68.891
