gpsEpsilon=1.32614e-315
gpsVolume=0
mQualEpsilon=-1
mQualVolume=0.00912534
new_planned_energy=67.3699
