gpsEpsilon=1.16532e-315
gpsVolume=0
mQualEpsilon=0.0180967
mQualVolume=0.00690088
new_planned_energy=47.6422
