gpsEpsilon=1.56651e-315
gpsVolume=0
mQualEpsilon=-1
mQualVolume=0.00228218
new_planned_energy=60.004
