gpsEpsilon=8.03643e-316
gpsVolume=0
mQualEpsilon=-1
mQualVolume=0.00704477
new_planned_energy=86.8311
