gpsEpsilon=7.57766
gpsVolume=12.6631
mQualEpsilon=0.0187443
mQualVolume=0.00976998
new_planned_energy=70.2447
