gpsEpsilon=11.9009
gpsVolume=15.0806
mQualEpsilon=0.0138153
mQualVolume=0.00103672
new_planned_energy=67.9667
