gpsEpsilon=14.066
gpsVolume=35.811
mQualEpsilon=0.00506909
mQualVolume=0.0134795
new_planned_energy=74.2501
