gpsEpsilon=1.51418e-315
gpsVolume=0
mQualEpsilon=-1
mQualVolume=0.00622553
new_planned_energy=65.8119
