gpsEpsilon=1.62048e-315
gpsVolume=0
mQualEpsilon=-1
mQualVolume=0.00449019
new_planned_energy=108.854
