gpsEpsilon=1.57301e-315
gpsVolume=0
mQualEpsilon=0.00745908
mQualVolume=0.00465284
new_planned_energy=87.1214
