gpsEpsilon=1.61035e-315
gpsVolume=0
mQualEpsilon=0.0472041
mQualVolume=0.0218651
new_planned_energy=49.5786
