gpsEpsilon=1.57045e-315
gpsVolume=0
mQualEpsilon=-1
mQualVolume=0.0288338
new_planned_energy=106.704
