gpsEpsilon=1.3262e-315
gpsVolume=0
mQualEpsilon=0.00880512
mQualVolume=0.000629544
new_planned_energy=85.7744
