gpsEpsilon=1.06195e-315
gpsVolume=0
mQualEpsilon=0.0052943
mQualVolume=0.00752076
new_planned_energy=62.0671
