gpsEpsilon=57.2661
gpsVolume=43.0865
mQualEpsilon=0.0474967
mQualVolume=0.0114455
new_planned_energy=29.7049
