gpsEpsilon=53.8922
gpsVolume=45.1218
mQualEpsilon=0.0459978
mQualVolume=0.0034492
new_planned_energy=49.7967
