gpsEpsilon=52.9204
gpsVolume=43.2968
mQualEpsilon=0.0568816
mQualVolume=0.0133175
new_planned_energy=49.6112
