gpsEpsilon=75.3697
gpsVolume=68.1431
mQualEpsilon=0.00606094
mQualVolume=9.99282e-05
new_planned_energy=61.5553
