gpsEpsilon=35.5051
gpsVolume=83.3689
mQualEpsilon=0.00713898
mQualVolume=0.0042491
new_planned_energy=37.0121
