gpsEpsilon=65.1185
gpsVolume=117.462
mQualEpsilon=0.0845303
mQualVolume=0.0142361
new_planned_energy=63.4255
