gpsEpsilon=79.4405
gpsVolume=186.47
mQualEpsilon=0.0551676
mQualVolume=0.0101298
new_planned_energy=29.44
