gpsEpsilon=-0.472342
gpsVolume=2.42092e-322
mQualEpsilon=0.0883318
mQualVolume=0.0140863
new_planned_energy=43.9966
