gpsEpsilon=52.5292
gpsVolume=78.6859
mQualEpsilon=0.0237701
mQualVolume=0.00281099
new_planned_energy=76.4105
