gpsEpsilon=49.3857
gpsVolume=45.5196
mQualEpsilon=0.0119829
mQualVolume=0.0124384
new_planned_energy=41.0616
