epsilon_quality=0.269518
volume_quality=1.39665
