epsilon_quality=0.265836
volume_quality=0.47662
