epsilon_quality=0.301856
volume_quality=1.00732
