epsilon_quality=0.0872212
volume_quality=0.0422382
