epsilon_quality=0.126287
volume_quality=0.058901
