epsilon_quality=0.103041
volume_quality=0.183772
