epsilon_quality=0.0228554
volume_quality=0.0427671
