epsilon_quality=0.0211338
volume_quality=0.0151235
