epsilon_quality=0.26638
volume_quality=1.51926
