epsilon_quality=0.11016
volume_quality=0.168533
