epsilon_quality=0.0507849
volume_quality=0.0212992
