epsilon_quality=0.0338218
volume_quality=0.0797392
