epsilon_quality=0.0345924
volume_quality=0.0350343
