epsilon_quality=0.0194924
volume_quality=0.0121696
