epsilon_quality=0.0713602
volume_quality=0.0156687
