epsilon_quality=0.149874
volume_quality=0.25637
