epsilon_quality=0.0983803
volume_quality=0.0869847
