epsilon_quality=0.0435258
volume_quality=0.123619
