epsilon_quality=0.0469586
volume_quality=0.257446
