epsilon_quality=0.0724337
volume_quality=0.0281189
