epsilon_quality=0.00634501
volume_quality=0.00677653
