epsilon_quality=0.126089
volume_quality=0.203801
