epsilon_quality=0.00114986
volume_quality=0.0385122
