epsilon_quality=0.094318
volume_quality=0.0770796
