epsilon_quality=0.0258943
volume_quality=0.133957
