epsilon_quality=0.0610599
volume_quality=0.0795772
