epsilon_quality=0.188599
volume_quality=0.134941
