epsilon_quality=0.108387
volume_quality=0.116953
