epsilon_quality=0.0312327
volume_quality=0.00425533
