epsilon_quality=0.0298845
volume_quality=0.0192564
