epsilon_quality=0.00437153
volume_quality=0.0167761
