epsilon_quality=0.0677846
volume_quality=0.203826
