epsilon_quality=0.12098
volume_quality=0.110803
