epsilon_quality=0.0731689
volume_quality=0.141079
