epsilon_quality=0.0680548
volume_quality=0.264632
