epsilon_quality=0.0562724
volume_quality=0.0699623
