epsilon_quality=0.0795194
volume_quality=0.0541018
