epsilon_quality=0.203355
volume_quality=0.491544
