epsilon_quality=0.0446623
volume_quality=0.0867236
