epsilon_quality=0.103399
volume_quality=0.280243
