epsilon_quality=0.174869
volume_quality=0.34433
