epsilon_quality=0.076806
volume_quality=0.0712427
