epsilon_quality=0.110118
volume_quality=0.0464044
