epsilon_quality=0.0389305
volume_quality=0.138481
