epsilon_quality=0.116303
volume_quality=0.361209
