epsilon_quality=0.136009
volume_quality=0.561735
