epsilon_quality=1.73472e-18
volume_quality=0.0453714
