epsilon_quality=0.21181
volume_quality=0.400348
