epsilon_quality=0.168982
volume_quality=0.218831
