epsilon_quality=0.0553919
volume_quality=0.00858958
