epsilon_quality=0.0325495
volume_quality=0.00378048
