epsilon_quality=0.0780385
volume_quality=0.0386279
