epsilon_quality=0.0710843
volume_quality=0.138432
