epsilon_quality=0.14266
volume_quality=0.134412
