epsilon_quality=0.0546982
volume_quality=0.0170569
