epsilon_quality=0.0447636
volume_quality=0.00635926
