epsilon_quality=0.0204991
volume_quality=0.0120328
