epsilon_quality=0.00927247
volume_quality=0.000385611
