epsilon_quality=0.111684
volume_quality=0.206859
