epsilon_quality=0.0411567
volume_quality=0.0262886
