epsilon_quality=0.0710289
volume_quality=0.040629
