epsilon_quality=0.00461837
volume_quality=0.0115551
