epsilon_quality=0.0485899
volume_quality=0.0306114
