epsilon_quality=0.00589879
volume_quality=0.00856201
