epsilon_quality=0.178599
volume_quality=0.421038
