epsilon_quality=0.244278
volume_quality=0.927478
