epsilon_quality=0.0177739
volume_quality=0.11339
