epsilon_quality=0.0147039
volume_quality=0.00777471
