epsilon_quality=0.11723
volume_quality=0.409125
