gpsEpsilon=0.513055
gpsVolume=2.42092e-322
mQualEpsilon=0.00857633
mQualVolume=0.000142633
new_planned_energy=73.58
