gpsEpsilon=0.451204
gpsVolume=-0.533125
mQualEpsilon=0.116519
mQualVolume=0.033076
new_planned_energy=46.7648
