gpsEpsilon=0
gpsVolume=2.42092e-322
mQualEpsilon=1.28673
mQualVolume=40.6653
new_planned_energy=-1.28673
