gpsEpsilon=0
gpsVolume=2.42092e-322
mQualEpsilon=0.00936979
mQualVolume=0.0212148
new_planned_energy=43.7265
