gpsEpsilon=0.493737
gpsVolume=-0.471715
mQualEpsilon=0.0461925
mQualVolume=0.00718246
new_planned_energy=69.2647
