gpsEpsilon=0.484578
gpsVolume=-0.486046
mQualEpsilon=0.0881691
mQualVolume=0.0341795
new_planned_energy=49.8313
