gpsEpsilon=0.468266
gpsVolume=-0.509993
mQualEpsilon=0.0785673
mQualVolume=0.0228028
new_planned_energy=62.4599
