gpsEpsilon=0.490497
gpsVolume=-0.476863
mQualEpsilon=0.123508
mQualVolume=0.0280567
new_planned_energy=38.7334
