gpsEpsilon=0
gpsVolume=2.42092e-322
mQualEpsilon=0.0664576
mQualVolume=0.0416246
new_planned_energy=49.7609
