gpsEpsilon=0.491148
gpsVolume=-0.475836
mQualEpsilon=0.11152
mQualVolume=0.0292127
new_planned_energy=33.4454
