gpsEpsilon=0.519583
gpsVolume=2.42092e-322
mQualEpsilon=0.05154
mQualVolume=0.0404129
new_planned_energy=51.581
