gpsEpsilon=0.485903
gpsVolume=-0.484015
mQualEpsilon=0.0730126
mQualVolume=0.0337008
new_planned_energy=40.3395
