gpsEpsilon=-0.401167
gpsVolume=-0.74899
mQualEpsilon=0.138247
mQualVolume=0.0387464
new_planned_energy=32.288
