gpsEpsilon=0.485241
gpsVolume=-0.485031
mQualEpsilon=0.0283486
mQualVolume=0.00970542
new_planned_energy=52.9869
