gpsEpsilon=0.512453
gpsVolume=2.42092e-322
mQualEpsilon=0.0143672
mQualVolume=0.0155382
new_planned_energy=43.7431
