epsilon_quality=0.113433
volume_quality=0.0856904
