epsilon_quality=0.0910183
volume_quality=0.0685267
