epsilon_quality=0.0633274
volume_quality=0.0249729
