epsilon_quality=0.00778966
volume_quality=0.0103339
