epsilon_quality=0.174997
volume_quality=0.86326
