epsilon_quality=0.0729659
volume_quality=0.0935293
