epsilon_quality=0.19464
volume_quality=0.241171
