epsilon_quality=0.0377658
volume_quality=0.156293
