epsilon_quality=0.0548493
volume_quality=0.0230446
