epsilon_quality=0.0433172
volume_quality=0.0656463
