epsilon_quality=0.00116501
volume_quality=0.00212234
