epsilon_quality=0.0375972
volume_quality=0.0257707
