epsilon_quality=0.0628665
volume_quality=0.122026
