epsilon_quality=0.213409
volume_quality=0.279235
