epsilon_quality=0.0672149
volume_quality=0.144883
