epsilon_quality=0.00738565
volume_quality=0.0221248
