epsilon_quality=0.0649557
volume_quality=0.364658
