epsilon_quality=0.208289
volume_quality=0.657732
