epsilon_quality=0.0229124
volume_quality=0.0174442
