epsilon_quality=0.0713972
volume_quality=0.0289971
