epsilon_quality=0.0807898
volume_quality=0.0250703
