epsilon_quality=0.0598867
volume_quality=0.0356121
