epsilon_quality=0.045617
volume_quality=0.0314586
