epsilon_quality=0.0286081
volume_quality=0.0481976
