epsilon_quality=0.0776928
volume_quality=0.109387
