epsilon_quality=0.315661
volume_quality=1.59486
