epsilon_quality=0.364118
volume_quality=1.17964
