epsilon_quality=0.0703411
volume_quality=0.0348344
