epsilon_quality=0.0472079
volume_quality=0.376686
