epsilon_quality=0.35592
volume_quality=1.13964
