epsilon_quality=0.0429079
volume_quality=0.0706763
