epsilon_quality=0.0979618
volume_quality=0.0685196
