epsilon_quality=0.0495997
volume_quality=0.174666
