epsilon_quality=0.0483446
volume_quality=0.0572593
