epsilon_quality=0.0409909
volume_quality=0.247141
