epsilon_quality=0.249895
volume_quality=0.419238
