epsilon_quality=0.0669143
volume_quality=0.0298707
