gpsEpsilon=22.3846
gpsVolume=208.939
mQualEpsilon=0.0191369
mQualVolume=0.0039298
new_planned_energy=58.5302
