gpsEpsilon=20.9596
gpsVolume=211.254
mQualEpsilon=0.0448403
mQualVolume=0.00691331
new_planned_energy=60.9753
