gpsEpsilon=25.088
gpsVolume=197.221
mQualEpsilon=0.0334715
mQualVolume=0.00395695
new_planned_energy=43.9398
