gpsEpsilon=22.152
gpsVolume=201.402
mQualEpsilon=0.0139365
mQualVolume=0.00383163
new_planned_energy=72.6373
