gpsEpsilon=25.1685
gpsVolume=201.929
mQualEpsilon=0.0606539
mQualVolume=0.00621152
new_planned_energy=65.7685
