gpsEpsilon=20.2866
gpsVolume=203.288
mQualEpsilon=0.0176277
mQualVolume=0.00105912
new_planned_energy=60.6695
