epsilon_quality=0.00267915
volume_quality=0.182812
