epsilon_quality=0.154817
volume_quality=0.203391
