epsilon_quality=0.0747918
volume_quality=0.197558
