epsilon_quality=0.214942
volume_quality=0.594769
