epsilon_quality=0.0666584
volume_quality=0.0767722
