epsilon_quality=0.136238
volume_quality=0.251896
