epsilon_quality=0.058574
volume_quality=0.0731337
