epsilon_quality=0.14525
volume_quality=0.439666
