epsilon_quality=0.169091
volume_quality=0.153465
