epsilon_quality=0.0780552
volume_quality=0.179055
