epsilon_quality=0.055863
volume_quality=0.399316
