epsilon_quality=0.0508907
volume_quality=0.0806545
