epsilon_quality=0.121769
volume_quality=0.360976
