epsilon_quality=0.167879
volume_quality=0.574893
