epsilon_quality=0.110963
volume_quality=0.278387
