epsilon_quality=0.16701
volume_quality=0.17362
