epsilon_quality=0.222891
volume_quality=1.03944
