epsilon_quality=0.310037
volume_quality=1.14971
