epsilon_quality=0.0826654
volume_quality=0.152122
