epsilon_quality=0.16307
volume_quality=0.145213
