epsilon_quality=0.168956
volume_quality=0.165167
