epsilon_quality=0.188584
volume_quality=0.260909
