epsilon_quality=0.0331775
volume_quality=0.038952
