epsilon_quality=0.0260796
volume_quality=0.0549864
