epsilon_quality=0.0369894
volume_quality=0.0277859
