epsilon_quality=0.0932104
volume_quality=0.133581
