epsilon_quality=0.0529982
volume_quality=0.0669024
