epsilon_quality=0.111003
volume_quality=0.128568
