epsilon_quality=0.0346536
volume_quality=0.0456533
