epsilon_quality=0.225403
volume_quality=0.806861
