epsilon_quality=0.11438
volume_quality=0.200032
