epsilon_quality=0.197979
volume_quality=0.322287
