epsilon_quality=0.0392646
volume_quality=0.178862
