epsilon_quality=0.0835696
volume_quality=0.0451723
