epsilon_quality=0.0839789
volume_quality=0.025551
