epsilon_quality=0.420187
volume_quality=2.12708
