epsilon_quality=0.105598
volume_quality=0.295399
