epsilon_quality=0.105829
volume_quality=1.05718
