epsilon_quality=0.0096876
volume_quality=0.041186
