epsilon_quality=0.0573164
volume_quality=0.0691904
