epsilon_quality=0.0381018
volume_quality=0.0111541
