epsilon_quality=0.136982
volume_quality=0.385887
