epsilon_quality=0.0507939
volume_quality=0.026065
