epsilon_quality=0.0551123
volume_quality=0.00514853
