epsilon_quality=0.08317
volume_quality=0.0563527
