epsilon_quality=0.0925286
volume_quality=0.400401
