epsilon_quality=0.122576
volume_quality=0.063695
