epsilon_quality=0.195372
volume_quality=0.561371
