epsilon_quality=0.124293
volume_quality=0.117253
