epsilon_quality=0.00490875
volume_quality=0.0394341
