epsilon_quality=0.141075
volume_quality=0.108743
