epsilon_quality=0.0895392
volume_quality=0.03718
