gpsEpsilon=63.9989
gpsVolume=96.724
mQualEpsilon=0.0437138
mQualVolume=0.00629789
new_planned_energy=60.3716
