gpsEpsilon=63.9989
gpsVolume=96.724
mQualEpsilon=1.84427
mQualVolume=53.6255
new_planned_energy=-1.84427
