gpsEpsilon=85.6869
gpsVolume=96.724
mQualEpsilon=0.017807
mQualVolume=0.00229995
new_planned_energy=57.5032
