gpsEpsilon=64.3011
gpsVolume=93.4471
mQualEpsilon=0.0116885
mQualVolume=0.00223533
new_planned_energy=78.5691
