gpsEpsilon=81.4393
gpsVolume=93.4471
mQualEpsilon=0.0405705
mQualVolume=0.00635777
new_planned_energy=52.3487
