gpsEpsilon=66.8299
gpsVolume=90.1703
mQualEpsilon=0.0279557
mQualVolume=0.00341257
new_planned_energy=64.269
