gpsEpsilon=59.5084
gpsVolume=116.592
mQualEpsilon=0.015572
mQualVolume=0.000770729
new_planned_energy=79.6668
