gpsEpsilon=62.3054
gpsVolume=112.512
mQualEpsilon=0.0338202
mQualVolume=0.0069906
new_planned_energy=64.7079
