gpsEpsilon=64.054
gpsVolume=102.772
mQualEpsilon=0.0350866
mQualVolume=0.0169508
new_planned_energy=66.0923
