gpsEpsilon=85.6678
gpsVolume=172.753
mQualEpsilon=0.034889
mQualVolume=0.00382266
new_planned_energy=20.185
