gpsEpsilon=78.9523
gpsVolume=119.661
mQualEpsilon=0.0323685
mQualVolume=0.00496516
new_planned_energy=63.0727
