gpsEpsilon=62.3054
gpsVolume=112.512
mQualEpsilon=0.0159957
mQualVolume=0.00972417
new_planned_energy=44.6555
