epsilon_quality=0.0223404
volume_quality=0.00328155
