epsilon_quality=0.0540975
volume_quality=0.0116417
