epsilon_quality=0.240379
volume_quality=0.599951
