epsilon_quality=0.0509124
volume_quality=0.197232
