epsilon_quality=0.084741
volume_quality=0.104125
