epsilon_quality=0.0558297
volume_quality=0.0139178
