epsilon_quality=0.0304617
volume_quality=0.0131391
