epsilon_quality=0.0990751
volume_quality=1.80449
