epsilon_quality=0.132781
volume_quality=0.424203
