epsilon_quality=0.138911
volume_quality=0.278374
