gpsEpsilon=0.287269
gpsVolume=-0.0441083
mQualEpsilon=0.0216164
mQualVolume=0.00113987
new_planned_energy=71.6668
