gpsEpsilon=0.860024
gpsVolume=0.0217618
mQualEpsilon=-1
mQualVolume=0.00714172
new_planned_energy=44.4455
