gpsEpsilon=0.808302
gpsVolume=0.128317
mQualEpsilon=0.0530811
mQualVolume=0.00740086
new_planned_energy=49.2898
