gpsEpsilon=95.6838
gpsVolume=94.5269
mQualEpsilon=0.0342417
mQualVolume=0.00533339
new_planned_energy=26.7268
