gpsEpsilon=97.2071
gpsVolume=90.7621
mQualEpsilon=0.0125546
mQualVolume=0.0045115
new_planned_energy=41.7775
