gpsEpsilon=0.275428
gpsVolume=2.42092e-322
mQualEpsilon=0.0241536
mQualVolume=0.00610327
new_planned_energy=31.9598
