gpsEpsilon=79.7222
gpsVolume=20.7903
mQualEpsilon=0.0299247
mQualVolume=0.00213065
new_planned_energy=32.4249
