gpsEpsilon=-0.286892
gpsVolume=0.205779
mQualEpsilon=1.65963
mQualVolume=56.6933
new_planned_energy=-1.65963
