gpsEpsilon=-0.286892
gpsVolume=0.205779
mQualEpsilon=1.64129
mQualVolume=56.3179
new_planned_energy=-1.64129
