gpsEpsilon=-0.286892
gpsVolume=0.205779
mQualEpsilon=0.0147153
mQualVolume=0.00363557
new_planned_energy=40.4811
