gpsEpsilon=-0.0298204
gpsVolume=-0.342473
mQualEpsilon=0.0359504
mQualVolume=0.00612487
new_planned_energy=24.6895
