gpsEpsilon=0.561654
gpsVolume=0.28798
mQualEpsilon=0.0478049
mQualVolume=0.00775237
new_planned_energy=28.5952
