gpsEpsilon=0.0389308
gpsVolume=-0.0129352
mQualEpsilon=-1
mQualVolume=0.000304304
new_planned_energy=114.639
