gpsEpsilon=-0.403199
gpsVolume=0.825132
mQualEpsilon=-1
mQualVolume=0.000701066
new_planned_energy=58.4441
