epsilon_quality=0.132679
volume_quality=0.135176
