epsilon_quality=0.132671
volume_quality=0.136877
