epsilon_quality=0.106997
volume_quality=0.277728
