epsilon_quality=0.131754
volume_quality=0.333666
