epsilon_quality=0.0287037
volume_quality=0.0428551
