epsilon_quality=0.00470143
volume_quality=0.00911057
