gpsEpsilon=51.1172
gpsVolume=40.1889
mQualEpsilon=0.00695243
mQualVolume=0.00101869
new_planned_energy=46.6198
