gpsEpsilon=43.6392
gpsVolume=54.3349
mQualEpsilon=0.00295326
mQualVolume=0.00018599
new_planned_energy=61.5167
