gpsEpsilon=56.4805
gpsVolume=49.0116
mQualEpsilon=0.0909872
mQualVolume=0.0412737
new_planned_energy=45.8594
