gpsEpsilon=27.5412
gpsVolume=50.1175
mQualEpsilon=0.0520215
mQualVolume=0.00944357
new_planned_energy=57.0827
