gpsEpsilon=78.8787
gpsVolume=51.6499
mQualEpsilon=0.025085
mQualVolume=0.00107297
new_planned_energy=31.4087
