gpsEpsilon=81.5823
gpsVolume=48.1477
mQualEpsilon=0.0155357
mQualVolume=0.000811838
new_planned_energy=23.2051
