gpsEpsilon=65.9839
gpsVolume=27.2877
mQualEpsilon=0.0202748
mQualVolume=0.000897614
new_planned_energy=69.6732
