gpsEpsilon=89.4085
gpsVolume=28.7315
mQualEpsilon=0.0535608
mQualVolume=0.015056
new_planned_energy=60.3203
