gpsEpsilon=72.7166
gpsVolume=37.3294
mQualEpsilon=0.100499
mQualVolume=0.0122504
new_planned_energy=64.3894
