epsilon_quality=0.165458
volume_quality=0.544546
