epsilon_quality=0.145359
volume_quality=0.286618
