epsilon_quality=0.0389562
volume_quality=0.0335427
