epsilon_quality=0.184913
volume_quality=0.512059
