epsilon_quality=0.121145
volume_quality=0.0577962
