epsilon_quality=0.026658
volume_quality=0.0155824
