epsilon_quality=0.0738812
volume_quality=0.0138182
