epsilon_quality=0.0274988
volume_quality=0.0289674
