epsilon_quality=0.20543
volume_quality=0.496546
