epsilon_quality=0.100651
volume_quality=0.15301
