epsilon_quality=0.0549106
volume_quality=0.103772
