epsilon_quality=0.00665187
volume_quality=0.0241383
