epsilon_quality=0.0925101
volume_quality=0.0948391
