epsilon_quality=0.0109478
volume_quality=0.036479
