epsilon_quality=0.0769348
volume_quality=0.0519827
