epsilon_quality=0.0505374
volume_quality=0.0254495
