epsilon_quality=0.120298
volume_quality=0.153027
