epsilon_quality=0.0125795
volume_quality=0.178894
