epsilon_quality=0.135055
volume_quality=0.324292
