epsilon_quality=0.184347
volume_quality=0.535902
