epsilon_quality=0.208117
volume_quality=0.339123
