epsilon_quality=0.121005
volume_quality=0.242413
