epsilon_quality=0.17758
volume_quality=0.309363
