epsilon_quality=0.181077
volume_quality=0.30372
