epsilon_quality=0.0649873
volume_quality=0.12317
