epsilon_quality=0.146028
volume_quality=0.14347
