epsilon_quality=0.055442
volume_quality=0.0497852
