epsilon_quality=0.0388038
volume_quality=0.0533885
