epsilon_quality=0.117636
volume_quality=0.529466
