epsilon_quality=0.0383979
volume_quality=0.153893
