epsilon_quality=0.0421752
volume_quality=0.0868269
