epsilon_quality=0.144078
volume_quality=0.138698
