epsilon_quality=0.147561
volume_quality=0.442514
