epsilon_quality=0.0371419
volume_quality=0.00345176
