epsilon_quality=0.14145
volume_quality=0.201037
