epsilon_quality=0.200084
volume_quality=0.799651
