epsilon_quality=0.383009
volume_quality=1.91287
