epsilon_quality=0.247352
volume_quality=0.785957
