epsilon_quality=0.0303263
volume_quality=0.0878976
