epsilon_quality=0.0494493
volume_quality=0.428661
