epsilon_quality=0.0841964
volume_quality=0.0393906
