epsilon_quality=0.123491
volume_quality=0.721042
