epsilon_quality=0.17338
volume_quality=1.52549
