epsilon_quality=0.0332145
volume_quality=0.0225683
