epsilon_quality=0.051351
volume_quality=0.0496661
