epsilon_quality=0.0937352
volume_quality=0.0765137
