epsilon_quality=0.0368651
volume_quality=0.0419316
