epsilon_quality=0.00789901
volume_quality=0.0134513
