epsilon_quality=0.0635936
volume_quality=0.0074891
