epsilon_quality=0.0944178
volume_quality=0.12046
