epsilon_quality=0.122705
volume_quality=0.118964
