epsilon_quality=0.0840822
volume_quality=0.233359
