epsilon_quality=0.170897
volume_quality=0.612998
