epsilon_quality=0.0422881
volume_quality=0.012052
