epsilon_quality=0.153849
volume_quality=0.263898
