epsilon_quality=0.172602
volume_quality=0.511456
