epsilon_quality=0.129874
volume_quality=0.92865
