epsilon_quality=0.164487
volume_quality=0.545857
