epsilon_quality=0.210518
volume_quality=0.459444
