epsilon_quality=0.284241
volume_quality=0.824062
