epsilon_quality=0.342656
volume_quality=1.03801
