epsilon_quality=0.112076
volume_quality=0.166451
