epsilon_quality=0.00950489
volume_quality=0.00517744
