epsilon_quality=0.0357557
volume_quality=0.0134173
