epsilon_quality=0.0427049
volume_quality=0.0910044
