epsilon_quality=0.0365385
volume_quality=0.0505817
