epsilon_quality=0.0647557
volume_quality=0.0301544
