epsilon_quality=0.0183271
volume_quality=0.00409774
