epsilon_quality=0.0531955
volume_quality=0.00508168
