epsilon_quality=0.0451204
volume_quality=0.00489585
