epsilon_quality=0.164951
volume_quality=1.13042
