epsilon_quality=0.104019
volume_quality=0.404721
