epsilon_quality=0.179568
volume_quality=0.233648
