epsilon_quality=0.0505156
volume_quality=0.0632425
