epsilon_quality=0.163109
volume_quality=0.150055
