epsilon_quality=0.0130968
volume_quality=0.0261535
