epsilon_quality=0.271421
volume_quality=0.833253
