epsilon_quality=0.033757
volume_quality=0.221634
