epsilon_quality=0.0690163
volume_quality=0.0888834
