epsilon_quality=0.194558
volume_quality=0.255266
