epsilon_quality=0.067492
volume_quality=0.383882
