epsilon_quality=0.0414998
volume_quality=0.43895
