epsilon_quality=0.0967993
volume_quality=0.312552
