epsilon_quality=0.128161
volume_quality=0.595652
