epsilon_quality=0.123895
volume_quality=0.236329
