epsilon_quality=0.128392
volume_quality=0.217583
