epsilon_quality=0.0665792
volume_quality=0.0469139
