epsilon_quality=0.0421445
volume_quality=0.0537241
