epsilon_quality=0.179362
volume_quality=0.683638
