epsilon_quality=0.20528
volume_quality=0.564972
