epsilon_quality=0.0366888
volume_quality=0.00213524
