epsilon_quality=0.00147324
volume_quality=0.0465864
