gpsEpsilon=205.007
gpsVolume=15.3703
mQualEpsilon=1.22526
mQualVolume=50.1865
new_planned_energy=-1.22526
