gpsEpsilon=204.134
gpsVolume=105.596
mQualEpsilon=0.0349406
mQualVolume=0.0215737
new_planned_energy=59.0476
