gpsEpsilon=185.127
gpsVolume=109.415
mQualEpsilon=1.25726
mQualVolume=45.8554
new_planned_energy=-1.25726
