gpsEpsilon=1.89475e-315
gpsVolume=1.888e-315
mQualEpsilon=-1
mQualVolume=0.000213416
new_planned_energy=100.826
