gpsEpsilon=1.92671e-315
gpsVolume=8.06419e-316
mQualEpsilon=-1
mQualVolume=0.000143637
new_planned_energy=72.6737
