gpsEpsilon=1.6834e-315
gpsVolume=-0.205116
mQualEpsilon=0.0661162
mQualVolume=0.0335906
new_planned_energy=59.817
