gpsEpsilon=1.7254e-315
gpsVolume=-0.55038
mQualEpsilon=1.27348
mQualVolume=52.4472
new_planned_energy=-1.27348
