gpsEpsilon=1.7254e-315
gpsVolume=-0.55038
mQualEpsilon=1.33648
mQualVolume=53.2387
new_planned_energy=17.9167
