gpsEpsilon=1.74226e-315
gpsVolume=-0.232356
mQualEpsilon=0.000532605
mQualVolume=0.00281402
new_planned_energy=42.4434
