epsilon_quality=0.269282
volume_quality=1.46079
