epsilon_quality=0.0655205
volume_quality=0.0602334
