epsilon_quality=0.0641887
volume_quality=0.0689122
