epsilon_quality=0.0301376
volume_quality=0.00235167
