epsilon_quality=0.0215626
volume_quality=0.00165958
