epsilon_quality=0.0198394
volume_quality=0.00097181
