epsilon_quality=0.135014
volume_quality=0.358235
