epsilon_quality=0.126895
volume_quality=0.131052
