epsilon_quality=0.100987
volume_quality=0.0954518
