epsilon_quality=0.142004
volume_quality=0.569534
