epsilon_quality=0.0609359
volume_quality=0.0406035
