epsilon_quality=0.0183577
volume_quality=0.0323153
