epsilon_quality=0.0528173
volume_quality=0.080111
