epsilon_quality=0.154824
volume_quality=0.584504
