epsilon_quality=0.14481
volume_quality=0.463313
