epsilon_quality=0.113347
volume_quality=0.21812
