epsilon_quality=0.0299341
volume_quality=0.00722096
