epsilon_quality=0.12829
volume_quality=0.152531
