epsilon_quality=0.0680127
volume_quality=0.0803527
