epsilon_quality=0.0364855
volume_quality=0.073656
