epsilon_quality=0.0988702
volume_quality=0.213617
