epsilon_quality=0.0143106
volume_quality=0.015017
