epsilon_quality=0.0360242
volume_quality=0.0220724
