gpsEpsilon=184.937
gpsVolume=94.6051
mQualEpsilon=0.00675677
mQualVolume=0.00069666
new_planned_energy=65.4171
