gpsEpsilon=226.084
gpsVolume=92.1045
mQualEpsilon=0.0377945
mQualVolume=0.00552229
new_planned_energy=53.5414
