gpsEpsilon=0
gpsVolume=0
mQualEpsilon=0.0102748
mQualVolume=0.00593515
new_planned_energy=27.0152
