gpsEpsilon=0
gpsVolume=0
mQualEpsilon=0.0765994
mQualVolume=0.0154078
new_planned_energy=28.0777
