gpsEpsilon=0
gpsVolume=0
mQualEpsilon=0.0244356
mQualVolume=0.0127379
new_planned_energy=50.5905
