gpsEpsilon=0
gpsVolume=0
mQualEpsilon=0.0249464
mQualVolume=0.00463134
new_planned_energy=26.4279
