gpsEpsilon=10.7332
gpsVolume=-11.51
mQualEpsilon=0.0377945
mQualVolume=0.00552229
new_planned_energy=38.7316
