gpsEpsilon=0
gpsVolume=0
mQualEpsilon=0.0462812
mQualVolume=0.0143992
new_planned_energy=31.3447
