epsilon_quality=0.015579
volume_quality=0.00312175
