epsilon_quality=0.078862
volume_quality=0.206827
