epsilon_quality=0.0596395
volume_quality=0.0661677
