epsilon_quality=0.0841722
volume_quality=0.11073
