epsilon_quality=0.00677612
volume_quality=0.0978934
