epsilon_quality=0.0976563
volume_quality=0.0424385
