epsilon_quality=0.125605
volume_quality=0.0981142
