epsilon_quality=0.18711
volume_quality=1.02595
