epsilon_quality=0.0455095
volume_quality=0.0401566
