epsilon_quality=0.108709
volume_quality=0.547989
