epsilon_quality=0.0203288
volume_quality=0.0196924
