epsilon_quality=0.0655611
volume_quality=0.101577
