epsilon_quality=0.0391665
volume_quality=0.0135995
