epsilon_quality=0.0334501
volume_quality=0.14261
