epsilon_quality=0.0216506
volume_quality=0.00301865
