epsilon_quality=0.114424
volume_quality=0.180335
