epsilon_quality=0.141479
volume_quality=0.416754
