epsilon_quality=0.107075
volume_quality=0.370615
