epsilon_quality=0.0265982
volume_quality=0.0658233
