epsilon_quality=0.0820782
volume_quality=0.025783
