epsilon_quality=0.113619
volume_quality=0.397845
