epsilon_quality=0.0475274
volume_quality=0.0510589
