epsilon_quality=0.102594
volume_quality=0.05245
