epsilon_quality=0.0381304
volume_quality=0.025779
