epsilon_quality=0.234506
volume_quality=0.317105
