epsilon_quality=0.0732076
volume_quality=0.0371156
