epsilon_quality=0.0524899
volume_quality=0.0298574
