epsilon_quality=0.200863
volume_quality=1.27656
