epsilon_quality=0.0552972
volume_quality=0.0385531
