epsilon_quality=0.00563762
volume_quality=0.0275924
