epsilon_quality=0.0410924
volume_quality=0.0486521
