epsilon_quality=0.0760091
volume_quality=0.0664767
