epsilon_quality=0.303184
volume_quality=2.13381
