epsilon_quality=0.0696205
volume_quality=0.0159639
