epsilon_quality=0.0264138
volume_quality=0.0660219
