epsilon_quality=0.24499
volume_quality=1.60903
