epsilon_quality=0.201817
volume_quality=0.781715
