epsilon_quality=0.0612935
volume_quality=0.0468813
