epsilon_quality=0.0206859
volume_quality=0.0201248
