epsilon_quality=0.0251119
volume_quality=0.0237012
