epsilon_quality=0.175527
volume_quality=1.03843
