epsilon_quality=0.11916
volume_quality=0.46576
