epsilon_quality=0.123093
volume_quality=0.186863
