epsilon_quality=0.099331
volume_quality=0.118725
