epsilon_quality=0.0459996
volume_quality=0.0285976
