epsilon_quality=0.224507
volume_quality=0.51731
