epsilon_quality=0.0956449
volume_quality=0.249955
