epsilon_quality=0.0874527
volume_quality=0.0961878
