epsilon_quality=0.0406946
volume_quality=0.0640746
