epsilon_quality=0.0239782
volume_quality=0.0502079
