epsilon_quality=0.0880984
volume_quality=0.125953
