epsilon_quality=0.0521744
volume_quality=0.0289793
