epsilon_quality=0.0741102
volume_quality=0.0495999
