epsilon_quality=0.190954
volume_quality=0.626003
