epsilon_quality=0.0223049
volume_quality=0.0413117
