epsilon_quality=0.0269585
volume_quality=0.0141918
