epsilon_quality=0.0120704
volume_quality=0.0772264
