epsilon_quality=0.127276
volume_quality=0.486921
