epsilon_quality=0.136591
volume_quality=0.125436
