epsilon_quality=0.0019063
volume_quality=0.0103108
