epsilon_quality=0.139514
volume_quality=0.0638894
