epsilon_quality=0.135414
volume_quality=0.126409
