epsilon_quality=0.0592843
volume_quality=0.0245573
