epsilon_quality=0.08498
volume_quality=0.151409
