epsilon_quality=0.0221361
volume_quality=0.059916
