epsilon_quality=0.0330303
volume_quality=0.0358384
