epsilon_quality=0.159823
volume_quality=0.202289
