epsilon_quality=0.00428833
volume_quality=0.0125871
