epsilon_quality=0.0357193
volume_quality=0.07332
