epsilon_quality=0.0787333
volume_quality=0.0287122
