epsilon_quality=0.0992945
volume_quality=0.20415
