epsilon_quality=0.181201
volume_quality=0.158485
