epsilon_quality=0.156795
volume_quality=0.447955
