epsilon_quality=0.0432646
volume_quality=0.318906
