epsilon_quality=0.110604
volume_quality=0.176287
