epsilon_quality=0.0133001
volume_quality=0.0362125
