epsilon_quality=0.198532
volume_quality=0.917285
