epsilon_quality=0.233542
volume_quality=0.806821
