epsilon_quality=0.0504646
volume_quality=0.099838
