epsilon_quality=0.0948051
volume_quality=0.818419
