epsilon_quality=0.188997
volume_quality=1.00639
