epsilon_quality=0.130393
volume_quality=0.756881
