epsilon_quality=0.0459627
volume_quality=0.238053
