epsilon_quality=0.00733893
volume_quality=0.554216
