epsilon_quality=0.0903906
volume_quality=0.339753
