epsilon_quality=0.0231156
volume_quality=0.0476348
