epsilon_quality=0.111593
volume_quality=0.107728
