epsilon_quality=0.0164881
volume_quality=0.0275415
