gpsEpsilon=115.533
gpsVolume=240.398
mQualEpsilon=1.65221
mQualVolume=53.9022
new_planned_energy=-1.65221
