gpsEpsilon=115.533
gpsVolume=240.398
mQualEpsilon=1.61796
mQualVolume=54.1243
new_planned_energy=-1.61796
