gpsEpsilon=115.532
gpsVolume=244.617
mQualEpsilon=1.79526
mQualVolume=55.8772
new_planned_energy=-1.79526
