gpsEpsilon=112.895
gpsVolume=234.464
mQualEpsilon=0.0247826
mQualVolume=0.00769287
new_planned_energy=67.5361
