gpsEpsilon=109.203
gpsVolume=228.531
mQualEpsilon=0.00997361
mQualVolume=0.00113316
new_planned_energy=63.2901
