gpsEpsilon=112.369
gpsVolume=218.773
mQualEpsilon=0.00976436
mQualVolume=0.000724375
new_planned_energy=70.6213
