gpsEpsilon=126.341
gpsVolume=196.225
mQualEpsilon=0.0500652
mQualVolume=0.00339735
new_planned_energy=47.9464
