gpsEpsilon=120.541
gpsVolume=229.453
mQualEpsilon=0.0157743
mQualVolume=0.00723435
new_planned_energy=10.551
