gpsEpsilon=120.541
gpsVolume=229.453
mQualEpsilon=1.80535
mQualVolume=53.068
new_planned_energy=-1.80535
