gpsEpsilon=120.541
gpsVolume=229.453
mQualEpsilon=1.82553
mQualVolume=50.9048
new_planned_energy=-1.82553
