gpsEpsilon=115.141
gpsVolume=223.652
mQualEpsilon=0.0126389
mQualVolume=0.003072
new_planned_energy=35.0829
