gpsEpsilon=115.534
gpsVolume=208.62
mQualEpsilon=1.83104
mQualVolume=46.5648
new_planned_energy=-1.83104
