gpsEpsilon=115.534
gpsVolume=208.62
mQualEpsilon=1.80926
mQualVolume=45.517
new_planned_energy=-1.80926
