gpsEpsilon=115.139
gpsVolume=216.004
mQualEpsilon=0.0169806
mQualVolume=0.00443612
new_planned_energy=25.5059
