gpsEpsilon=115.138
gpsVolume=233.146
mQualEpsilon=0.0373915
mQualVolume=0.00214921
new_planned_energy=31.12
