epsilon_quality=0.072217
volume_quality=0.0700396
