epsilon_quality=0.0336726
volume_quality=0.0104664
