epsilon_quality=0.293816
volume_quality=0.81395
