epsilon_quality=0.123512
volume_quality=0.676187
