epsilon_quality=0.0733601
volume_quality=0.0339058
