epsilon_quality=0.0247871
volume_quality=0.113801
