epsilon_quality=0.0312362
volume_quality=0.0133492
