epsilon_quality=0.0624278
volume_quality=0.114018
