epsilon_quality=0.0777563
volume_quality=0.0996552
