epsilon_quality=0.0303045
volume_quality=0.0500388
