epsilon_quality=0.181892
volume_quality=1.09116
