epsilon_quality=0.0304552
volume_quality=0.380726
