epsilon_quality=0.0596091
volume_quality=0.0337723
