epsilon_quality=0.0127088
volume_quality=0.0584665
