epsilon_quality=0.233326
volume_quality=0.630538
