epsilon_quality=0.0490806
volume_quality=0.0161545
