epsilon_quality=0.0424924
volume_quality=0.0274722
