epsilon_quality=0.151544
volume_quality=0.543258
