epsilon_quality=0.109999
volume_quality=0.293281
