epsilon_quality=0.0924246
volume_quality=0.209743
