gpsEpsilon=1.31884e-315
gpsVolume=0
mQualEpsilon=-1
mQualVolume=0.00105291
new_planned_energy=72.2364
