gpsEpsilon=1.56085e-315
gpsVolume=0
mQualEpsilon=-1
mQualVolume=0.00352514
new_planned_energy=48.639
