gpsEpsilon=1.56962e-315
gpsVolume=0
mQualEpsilon=0.980489
mQualVolume=33.9145
new_planned_energy=-0.980489
