gpsEpsilon=1.14912e-316
gpsVolume=0
mQualEpsilon=-1
mQualVolume=0.00354207
new_planned_energy=65.6813
