gpsEpsilon=0
gpsVolume=0.0156045
mQualEpsilon=0.0190043
mQualVolume=0.00680768
new_planned_energy=87.6075
