gpsEpsilon=1.07264e-315
gpsVolume=0
mQualEpsilon=0.0190043
mQualVolume=0.00680768
new_planned_energy=85.6347
