gpsEpsilon=25.1402
gpsVolume=49.1208
mQualEpsilon=0.0374314
mQualVolume=0.00787426
new_planned_energy=89.8637
