gpsEpsilon=9.68619
gpsVolume=35.1777
mQualEpsilon=-1
mQualVolume=0.00372325
new_planned_energy=72.2618
