gpsEpsilon=23.8981
gpsVolume=35.1777
mQualEpsilon=0.00432306
mQualVolume=0.000744215
new_planned_energy=91.5064
