gpsEpsilon=1.61062e-315
gpsVolume=0
mQualEpsilon=-1
mQualVolume=0.000515911
new_planned_energy=90.8507
