gpsEpsilon=21.0876
gpsVolume=35.1777
mQualEpsilon=0.00355866
mQualVolume=0.0124196
new_planned_energy=64.2508
