gpsEpsilon=1.61066e-315
gpsVolume=0
mQualEpsilon=-1
mQualVolume=9.26064e-05
new_planned_energy=71.8468
