gpsEpsilon=1.57045e-315
gpsVolume=0
mQualEpsilon=-1
mQualVolume=0.00104252
new_planned_energy=50.4626
