epsilon_quality=0.0765846
volume_quality=0.0719921
