epsilon_quality=0.087856
volume_quality=0.654555
