epsilon_quality=0.0298838
volume_quality=0.0255101
