epsilon_quality=0.115069
volume_quality=0.184787
