epsilon_quality=0.0724623
volume_quality=0.0864917
