epsilon_quality=0.272448
volume_quality=2.46745
