epsilon_quality=0.268196
volume_quality=1.54422
