epsilon_quality=0.183477
volume_quality=0.687576
