epsilon_quality=0.173377
volume_quality=0.375367
