epsilon_quality=0.0928999
volume_quality=0.410502
