epsilon_quality=0.182325
volume_quality=1.07452
