epsilon_quality=0.207834
volume_quality=0.605756
