epsilon_quality=0.190058
volume_quality=0.547376
