epsilon_quality=0.178364
volume_quality=0.650822
