epsilon_quality=0.037742
volume_quality=0.0145174
