epsilon_quality=0.0847689
volume_quality=0.0271453
