epsilon_quality=0.0273997
volume_quality=0.0110446
