epsilon_quality=0.142211
volume_quality=0.266101
