epsilon_quality=0.142636
volume_quality=0.183804
