epsilon_quality=0.0138445
volume_quality=0.00370937
