epsilon_quality=0.0396566
volume_quality=0.0570409
