epsilon_quality=0.0323885
volume_quality=0.0332569
