epsilon_quality=0.0242283
volume_quality=0.029866
