epsilon_quality=0.22453
volume_quality=0.650813
