epsilon_quality=0.0407658
volume_quality=0.140415
