epsilon_quality=0.157924
volume_quality=0.130212
