epsilon_quality=0.097546
volume_quality=0.0870454
