epsilon_quality=0.0353749
volume_quality=0.0704211
