epsilon_quality=0.048018
volume_quality=0.0337356
