epsilon_quality=0.0602207
volume_quality=0.0382763
