epsilon_quality=0.207093
volume_quality=0.406168
