epsilon_quality=0.0195833
volume_quality=0.00175533
