epsilon_quality=0.235134
volume_quality=0.44334
