epsilon_quality=0.114604
volume_quality=0.341539
