epsilon_quality=0.0634686
volume_quality=0.346586
