epsilon_quality=0.0589053
volume_quality=0.0643463
