epsilon_quality=0.0344488
volume_quality=0.0472356
