epsilon_quality=0.0969039
volume_quality=0.066779
