epsilon_quality=0.141406
volume_quality=0.480833
