epsilon_quality=0.135681
volume_quality=0.181899
