epsilon_quality=0.119946
volume_quality=0.102241
