epsilon_quality=0.287339
volume_quality=0.64063
