epsilon_quality=0.167055
volume_quality=0.258671
