epsilon_quality=0.00555157
volume_quality=0.00568259
