epsilon_quality=0.146446
volume_quality=0.39421
