epsilon_quality=0.131443
volume_quality=0.0650637
