epsilon_quality=0.0201747
volume_quality=0.00320764
