epsilon_quality=0.107523
volume_quality=0.0272088
