epsilon_quality=0.0545061
volume_quality=0.0327147
