epsilon_quality=0.0247318
volume_quality=0.00322896
