epsilon_quality=0.0260454
volume_quality=0.00562382
