epsilon_quality=0.0120825
volume_quality=0.0732116
