epsilon_quality=0.0277094
volume_quality=0.0139509
