epsilon_quality=0.146544
volume_quality=0.14073
