epsilon_quality=0.191493
volume_quality=1.35733
