epsilon_quality=0.112244
volume_quality=0.365825
