epsilon_quality=0.0577935
volume_quality=0.0469731
