epsilon_quality=0.0556802
volume_quality=0.0412021
