gpsEpsilon=0.61824
gpsVolume=-0.223711
mQualEpsilon=-1
mQualVolume=0.0111071
new_planned_energy=56.8387
