gpsEpsilon=0.755696
gpsVolume=-0.172247
mQualEpsilon=-1
mQualVolume=0.0123277
new_planned_energy=44.5501
