gpsEpsilon=108.522
gpsVolume=7.20214
mQualEpsilon=-1
mQualVolume=0.000393754
new_planned_energy=48.8326
