gpsEpsilon=0
gpsVolume=2.42092e-322
mQualEpsilon=0.0235319
mQualVolume=0.0161366
new_planned_energy=77.9989
