gpsEpsilon=0
gpsVolume=0
mQualEpsilon=0.000130234
mQualVolume=0.00806968
new_planned_energy=18.9431
