epsilon_quality=0.137868
volume_quality=0.231763
