epsilon_quality=0.143856
volume_quality=0.299234
