epsilon_quality=0.132158
volume_quality=0.0612336
