epsilon_quality=0.143117
volume_quality=0.0925107
