epsilon_quality=0.172855
volume_quality=0.204748
