epsilon_quality=0.0366971
volume_quality=0.00581484
