epsilon_quality=0.085465
volume_quality=0.120058
