epsilon_quality=0.0582832
volume_quality=0.03158
