epsilon_quality=0.0221054
volume_quality=0.00305346
