epsilon_quality=0.0587115
volume_quality=0.0320673
