epsilon_quality=0.0283077
volume_quality=0.0690448
