gpsEpsilon=6.77933e-316
gpsVolume=0
mQualEpsilon=0.100093
mQualVolume=0.0245405
new_planned_energy=42.9441
