gpsEpsilon=2.21376e-316
gpsVolume=0.174396
mQualEpsilon=0.0850494
mQualVolume=0.0106744
new_planned_energy=33.9162
