gpsEpsilon=10.7313
gpsVolume=3.27084
mQualEpsilon=0.0673122
mQualVolume=0.0156948
new_planned_energy=29.183
