gpsEpsilon=69.5856
gpsVolume=19.368
mQualEpsilon=0.0925343
mQualVolume=0.0266457
new_planned_energy=47.0528
