gpsEpsilon=98.8522
gpsVolume=34.1965
mQualEpsilon=0.0618024
mQualVolume=0.00768517
new_planned_energy=47.1651
