gpsEpsilon=96.8855
gpsVolume=36.9773
mQualEpsilon=0.0169134
mQualVolume=0.00671761
new_planned_energy=48.5433
