gpsEpsilon=6.14509e-316
gpsVolume=0
mQualEpsilon=0.0448689
mQualVolume=0.0116847
new_planned_energy=72.0716
