gpsEpsilon=2.4574e-316
gpsVolume=0
mQualEpsilon=0.123165
mQualVolume=0.0300846
new_planned_energy=46.2242
