gpsEpsilon=3.69789e-316
gpsVolume=0
mQualEpsilon=-1
mQualVolume=0.00562431
new_planned_energy=26.6234
