gpsEpsilon=5.83926e-316
gpsVolume=0
mQualEpsilon=0.0890665
mQualVolume=0.0176498
new_planned_energy=68.5859
