gpsEpsilon=2.85187e-316
gpsVolume=0
mQualEpsilon=0.106433
mQualVolume=0.0277173
new_planned_energy=35.3797
