gpsEpsilon=2.44507e-316
gpsVolume=0
mQualEpsilon=0.120525
mQualVolume=0.0294301
new_planned_energy=58.1867
