gpsEpsilon=1.89026e-316
gpsVolume=0
mQualEpsilon=-1
mQualVolume=0.0302377
new_planned_energy=43.5679
