gpsEpsilon=1.78231e-316
gpsVolume=0
mQualEpsilon=0.348584
mQualVolume=23.892
new_planned_energy=52.4129
