gpsEpsilon=1.78231e-316
gpsVolume=0
mQualEpsilon=0.0411965
mQualVolume=0.0319792
new_planned_energy=46.1881
