gpsEpsilon=2.97246e-316
gpsVolume=0
mQualEpsilon=0.0681704
mQualVolume=0.0192493
new_planned_energy=49.8233
