epsilon_quality=0.355066
volume_quality=1.22793
