gpsEpsilon=19.8649
gpsVolume=72.2668
mQualEpsilon=0.0682289
mQualVolume=0.00653549
new_planned_energy=55.7071
