gpsEpsilon=24.0037
gpsVolume=74.3651
mQualEpsilon=0.0109111
mQualVolume=0.00169082
new_planned_energy=37.8014
