gpsEpsilon=49.449
gpsVolume=69.1281
mQualEpsilon=0.0291465
mQualVolume=0.0118612
new_planned_energy=53.7851
