gpsEpsilon=-0.0572822
gpsVolume=-0.806346
mQualEpsilon=-1
mQualVolume=0.00014191
new_planned_energy=91.4759
