gpsEpsilon=0.0314469
gpsVolume=-0.696846
mQualEpsilon=-1
mQualVolume=0.0195241
new_planned_energy=68.7064
