gpsEpsilon=0.331486
gpsVolume=-0.850286
mQualEpsilon=0.00122288
mQualVolume=0.00764252
new_planned_energy=29.1078
