gpsEpsilon=28.3708
gpsVolume=12.0261
mQualEpsilon=0.0777445
mQualVolume=0.00937147
new_planned_energy=53.1159
