gpsEpsilon=28.3063
gpsVolume=13.0882
mQualEpsilon=0.00343296
mQualVolume=0.00544844
new_planned_energy=59.8033
