epsilon_quality=0.113243
volume_quality=0.0272301
