epsilon_quality=0.032017
volume_quality=0.0307359
