epsilon_quality=0.0310838
volume_quality=0.0687109
