epsilon_quality=0.146877
volume_quality=0.317484
