epsilon_quality=0.163523
volume_quality=1.16976
