epsilon_quality=0.257721
volume_quality=1.41083
