epsilon_quality=0.0940241
volume_quality=0.409758
