epsilon_quality=0.107169
volume_quality=0.49639
