epsilon_quality=0.160825
volume_quality=0.238955
