epsilon_quality=0.144649
volume_quality=0.309498
