epsilon_quality=0.194329
volume_quality=1.20697
