epsilon_quality=0.033449
volume_quality=0.00959835
