epsilon_quality=0.0412637
volume_quality=0.0330478
