epsilon_quality=0.135933
volume_quality=0.0957041
