epsilon_quality=0.096036
volume_quality=0.196727
