epsilon_quality=0.0170292
volume_quality=0.047641
