epsilon_quality=0.0741552
volume_quality=0.356395
