epsilon_quality=0.0646092
volume_quality=0.0528047
