epsilon_quality=0.117026
volume_quality=0.260624
