epsilon_quality=0.19382
volume_quality=0.383725
