epsilon_quality=0.0592249
volume_quality=0.0810356
