epsilon_quality=0.0707112
volume_quality=0.0707434
