epsilon_quality=0.11979
volume_quality=0.169173
