epsilon_quality=0.0745226
volume_quality=0.0405031
