epsilon_quality=0.0531963
volume_quality=0.0363162
