epsilon_quality=0.0328298
volume_quality=0.0316034
