epsilon_quality=0.00781185
volume_quality=0.0436089
