epsilon_quality=0.192504
volume_quality=0.746343
