epsilon_quality=0.0928174
volume_quality=0.35477
