gpsEpsilon=0
gpsVolume=2.42092e-322
mQualEpsilon=0.0502693
mQualVolume=0.00118512
new_planned_energy=21.404
