gpsEpsilon=161.639
gpsVolume=49.529
mQualEpsilon=0.0271687
mQualVolume=0.000477843
new_planned_energy=92.7034
