gpsEpsilon=162.129
gpsVolume=48.2552
mQualEpsilon=0.00829799
mQualVolume=0.00307237
new_planned_energy=49.7637
