gpsEpsilon=162.567
gpsVolume=48.6214
mQualEpsilon=0.0161161
mQualVolume=0.00190282
new_planned_energy=18.7087
