gpsEpsilon=161.772
gpsVolume=49.8808
mQualEpsilon=0.0165796
mQualVolume=0.00152398
new_planned_energy=33.8309
