gpsEpsilon=0.127452
gpsVolume=0.808201
mQualEpsilon=0.0520725
mQualVolume=0.00498756
new_planned_energy=75.838
