gpsEpsilon=-0.466043
gpsVolume=0.502769
mQualEpsilon=-1
mQualVolume=0.00564671
new_planned_energy=48.4838
