gpsEpsilon=100.221
gpsVolume=227.198
mQualEpsilon=0.0543035
mQualVolume=0.00131247
new_planned_energy=38.0792
