gpsEpsilon=100.221
gpsVolume=227.198
mQualEpsilon=0.345542
mQualVolume=24.447
new_planned_energy=-0.345542
