gpsEpsilon=0
gpsVolume=0
mQualEpsilon=0.0172069
mQualVolume=0.0018792
new_planned_energy=65.1407
