gpsEpsilon=3.16349e-316
gpsVolume=7.25501e-316
mQualEpsilon=0.0402782
mQualVolume=0.00118471
new_planned_energy=60.4547
