gpsEpsilon=6.12117e-316
gpsVolume=5.94582e-316
mQualEpsilon=0.0022813
mQualVolume=0.000920242
new_planned_energy=15.8637
