gpsEpsilon=116.6
gpsVolume=113.235
mQualEpsilon=0.0022813
mQualVolume=0.000920242
new_planned_energy=18.7937
