epsilon_quality=0.237574
volume_quality=0.914619
