epsilon_quality=0.183244
volume_quality=0.209708
