epsilon_quality=0.0798912
volume_quality=0.0726852
