epsilon_quality=0.0875513
volume_quality=0.457397
