epsilon_quality=0.0568241
volume_quality=0.0389614
