epsilon_quality=0.0653049
volume_quality=0.0144684
