epsilon_quality=0.0227888
volume_quality=0.00127187
