epsilon_quality=0.144918
volume_quality=0.261206
