epsilon_quality=0.066373
volume_quality=0.163713
