epsilon_quality=0.0972773
volume_quality=0.183389
