epsilon_quality=0.0178672
volume_quality=0.0404784
