epsilon_quality=0.162606
volume_quality=0.176388
