epsilon_quality=0.110684
volume_quality=0.0312842
