epsilon_quality=0.105439
volume_quality=0.184905
