epsilon_quality=0.0806763
volume_quality=0.0994675
