epsilon_quality=0.0515362
volume_quality=0.019816
