epsilon_quality=0.127287
volume_quality=0.59373
