epsilon_quality=0.250194
volume_quality=1.63013
