epsilon_quality=0.130835
volume_quality=0.345454
