epsilon_quality=0.131774
volume_quality=0.250696
