epsilon_quality=0.162543
volume_quality=0.204885
