epsilon_quality=0.067253
volume_quality=0.108841
