epsilon_quality=0.174439
volume_quality=0.172232
