epsilon_quality=0.0973576
volume_quality=0.0546083
