epsilon_quality=0.103397
volume_quality=0.199406
