epsilon_quality=0.161911
volume_quality=0.237775
