epsilon_quality=0.0844428
volume_quality=0.0608187
