epsilon_quality=0.179644
volume_quality=0.130164
