epsilon_quality=0.053435
volume_quality=0.118469
