epsilon_quality=0.104846
volume_quality=0.663102
