epsilon_quality=0.0681333
volume_quality=0.0440209
