epsilon_quality=0.156122
volume_quality=0.704792
