epsilon_quality=0.173165
volume_quality=0.165204
