epsilon_quality=0.0455067
volume_quality=0.0157067
