gpsEpsilon=123.078
gpsVolume=161.953
mQualEpsilon=0.0328388
mQualVolume=0.00279293
new_planned_energy=26.5242
