gpsEpsilon=122.128
gpsVolume=161.512
mQualEpsilon=0.0617087
mQualVolume=0.0100604
new_planned_energy=103.05
