gpsEpsilon=122.125
gpsVolume=161.61
mQualEpsilon=0.00085782
mQualVolume=6.64996e-05
new_planned_energy=68.2674
