gpsEpsilon=123.054
gpsVolume=162.747
mQualEpsilon=0.00316664
mQualVolume=0.00262818
new_planned_energy=75.3933
