gpsEpsilon=122.1
gpsVolume=162.413
mQualEpsilon=0.0447595
mQualVolume=0.0109071
new_planned_energy=62.2285
