gpsEpsilon=131.274
gpsVolume=92.4072
mQualEpsilon=0.0388308
mQualVolume=0.00640755
new_planned_energy=47.1138
