gpsEpsilon=116.902
gpsVolume=79.0674
mQualEpsilon=0.00430385
mQualVolume=0.00891439
new_planned_energy=57.1631
