gpsEpsilon=129.24
gpsVolume=57.1261
mQualEpsilon=0.0447595
mQualVolume=0.0109071
new_planned_energy=72.1098
