gpsEpsilon=1.56928e-315
gpsVolume=1.06175e-315
mQualEpsilon=-1
mQualVolume=0.0102648
new_planned_energy=79.7682
