gpsEpsilon=15.0912
gpsVolume=206.578
mQualEpsilon=0.00179344
mQualVolume=0.00302211
new_planned_energy=39.4986
