gpsEpsilon=52.0121
gpsVolume=165.505
mQualEpsilon=0.0324404
mQualVolume=0.00402279
new_planned_energy=62.9048
