gpsEpsilon=51.8345
gpsVolume=167.046
mQualEpsilon=0.0146678
mQualVolume=0.000651379
new_planned_energy=32.8744
