gpsEpsilon=1.58648e-315
gpsVolume=0
mQualEpsilon=-1
mQualVolume=0.001107
new_planned_energy=49.6691
