gpsEpsilon=27.5948
gpsVolume=164.914
mQualEpsilon=0.0166119
mQualVolume=0.0177708
new_planned_energy=38.7231
