gpsEpsilon=37.8092
gpsVolume=181.522
mQualEpsilon=0.0316857
mQualVolume=0.0188125
new_planned_energy=54.9029
