gpsEpsilon=0.127962
gpsVolume=0.299915
mQualEpsilon=0.00872442
mQualVolume=0.0109625
new_planned_energy=41.1135
