epsilon_quality=0.0791637
volume_quality=0.0907872
