epsilon_quality=0.108465
volume_quality=0.0967592
