epsilon_quality=0.0979331
volume_quality=0.106296
