epsilon_quality=0.112549
volume_quality=0.201594
