epsilon_quality=0.126591
volume_quality=0.88135
