epsilon_quality=0.0298901
volume_quality=0.0490848
