epsilon_quality=0.147058
volume_quality=0.156844
