epsilon_quality=0.0446661
volume_quality=0.00663445
