epsilon_quality=0.0864097
volume_quality=0.024148
