epsilon_quality=0.090662
volume_quality=0.0345189
