epsilon_quality=0.0869647
volume_quality=0.0317405
