epsilon_quality=0.159933
volume_quality=0.394358
