epsilon_quality=0.081437
volume_quality=0.0747215
