epsilon_quality=0.0558517
volume_quality=0.159858
