epsilon_quality=0.0490625
volume_quality=0.119547
