epsilon_quality=0.126569
volume_quality=0.305297
