epsilon_quality=0.00851147
volume_quality=0.035378
