epsilon_quality=0.0418671
volume_quality=0.0720381
