epsilon_quality=0.0770991
volume_quality=0.0310437
