epsilon_quality=0.0764467
volume_quality=0.0570236
