epsilon_quality=0.0306386
volume_quality=0.00267151
