epsilon_quality=0.0471935
volume_quality=0.00520219
