epsilon_quality=0.0675214
volume_quality=0.0201597
