epsilon_quality=0.0253645
volume_quality=0.0167817
