epsilon_quality=0.0419351
volume_quality=0.0364905
