epsilon_quality=0.0259214
volume_quality=0.00171516
