epsilon_quality=0.0158293
volume_quality=0.000653094
