epsilon_quality=0.0764408
volume_quality=0.096721
