epsilon_quality=0.0749198
volume_quality=0.0490831
