epsilon_quality=0.124939
volume_quality=0.201851
