epsilon_quality=0.0396791
volume_quality=0.0329659
