epsilon_quality=0.0326706
volume_quality=0.0187011
