epsilon_quality=0.116588
volume_quality=0.12567
