epsilon_quality=0.0806568
volume_quality=0.184924
