epsilon_quality=0.132566
volume_quality=0.11875
