epsilon_quality=0.069871
volume_quality=0.038416
