epsilon_quality=0.0115057
volume_quality=0.0667518
