epsilon_quality=0.033322
volume_quality=0.0146217
