epsilon_quality=0.0802024
volume_quality=0.0962164
