epsilon_quality=0.120774
volume_quality=0.191755
