epsilon_quality=0.115467
volume_quality=0.21069
