epsilon_quality=0.107063
volume_quality=0.124845
