epsilon_quality=0.151638
volume_quality=0.417665
