epsilon_quality=0.0367537
volume_quality=0.127719
