epsilon_quality=0.0557856
volume_quality=0.615686
