epsilon_quality=0.119986
volume_quality=0.46249
