epsilon_quality=0.0880521
volume_quality=0.791896
