epsilon_quality=0.0736656
volume_quality=0.0165592
