epsilon_quality=0.127408
volume_quality=0.0404401
