epsilon_quality=0.0648606
volume_quality=0.0273332
