epsilon_quality=0.00997419
volume_quality=0.202019
