epsilon_quality=0.104701
volume_quality=0.0982858
