epsilon_quality=0.0297297
volume_quality=0.00890345
