epsilon_quality=0.0310685
volume_quality=0.0787347
