epsilon_quality=0.0584896
volume_quality=0.11525
