epsilon_quality=0.038093
volume_quality=0.013276
