epsilon_quality=0.126748
volume_quality=0.0759335
