epsilon_quality=0.12727
volume_quality=0.0723315
