epsilon_quality=0.0412605
volume_quality=0.0156728
