epsilon_quality=0.100838
volume_quality=0.092417
