epsilon_quality=0.0642785
volume_quality=0.108786
