epsilon_quality=0.117086
volume_quality=0.050548
