epsilon_quality=0.0637731
volume_quality=0.0282582
