epsilon_quality=0.0352931
volume_quality=0.041719
