gpsEpsilon=0
gpsVolume=0
mQualEpsilon=0.0730022
mQualVolume=0.0161937
new_planned_energy=48.3589
