gpsEpsilon=0
gpsVolume=0
mQualEpsilon=0.134229
mQualVolume=0.0566004
new_planned_energy=41.6048
