gpsEpsilon=-0.554645
gpsVolume=0.414721
mQualEpsilon=0.00655918
mQualVolume=0.0404902
new_planned_energy=77.2674
