gpsEpsilon=4.03043e-316
gpsVolume=4.03058e-316
mQualEpsilon=-1
mQualVolume=0.00344556
new_planned_energy=34.0935
