gpsEpsilon=0.379128
gpsVolume=-0.770876
mQualEpsilon=-1
mQualVolume=0.0107087
new_planned_energy=37.9424
