gpsEpsilon=0
gpsVolume=0
mQualEpsilon=0.0525888
mQualVolume=0.0117594
new_planned_energy=31.2383
