gpsEpsilon=0
gpsVolume=0
mQualEpsilon=0.0487934
mQualVolume=0.00810217
new_planned_energy=35.3783
