gpsEpsilon=0
gpsVolume=0
mQualEpsilon=6.93889e-18
mQualVolume=0.000385829
new_planned_energy=50.148
