gpsEpsilon=0
gpsVolume=0.0078125
mQualEpsilon=0.0269425
mQualVolume=0.00359593
new_planned_energy=64.4826
