gpsEpsilon=0.769394
gpsVolume=-0.242677
mQualEpsilon=0.0245113
mQualVolume=0.00355665
new_planned_energy=51.1269
