gpsEpsilon=0
gpsVolume=0
mQualEpsilon=0.0836909
mQualVolume=0.0216431
new_planned_energy=33.3175
