gpsEpsilon=0.769394
gpsVolume=-0.242677
mQualEpsilon=-1
mQualVolume=0.00363461
new_planned_energy=66.7192
