epsilon_quality=0.23106
volume_quality=0.691982
