epsilon_quality=0.213854
volume_quality=0.617436
