epsilon_quality=0.0643137
volume_quality=0.0206683
