epsilon_quality=0.0405137
volume_quality=0.0320245
