epsilon_quality=0.257566
volume_quality=1.39115
