epsilon_quality=0.162736
volume_quality=0.658239
