epsilon_quality=0.155591
volume_quality=0.312478
