epsilon_quality=0.276574
volume_quality=0.98435
