epsilon_quality=0.246281
volume_quality=0.613905
