epsilon_quality=0.0745969
volume_quality=0.298834
