epsilon_quality=0.220544
volume_quality=1.26896
