epsilon_quality=0.114009
volume_quality=0.260503
