epsilon_quality=0.038246
volume_quality=0.0554854
