epsilon_quality=0.0415875
volume_quality=0.0837932
