epsilon_quality=0.188517
volume_quality=0.319536
