epsilon_quality=0.129886
volume_quality=0.16196
