epsilon_quality=0.092024
volume_quality=0.490824
