epsilon_quality=0.15094
volume_quality=0.144244
