epsilon_quality=0.10462
volume_quality=0.0635261
