gpsEpsilon=9.74174
gpsVolume=67.0796
mQualEpsilon=0.0693601
mQualVolume=0.0109268
new_planned_energy=69.6666
