gpsEpsilon=48.6867
gpsVolume=25.1465
mQualEpsilon=0.00908566
mQualVolume=0.0156475
new_planned_energy=33.663
