gpsEpsilon=48.6867
gpsVolume=25.1465
mQualEpsilon=1.71028
mQualVolume=42.2249
new_planned_energy=-1.71028
