gpsEpsilon=1.07234e-315
gpsVolume=0
mQualEpsilon=-1
mQualVolume=0.00322353
new_planned_energy=44.4306
