gpsEpsilon=6.13985e-316
gpsVolume=7.33656e-316
mQualEpsilon=-1
mQualVolume=0.0115009
new_planned_energy=78.7031
