gpsEpsilon=7.28165e-316
gpsVolume=2.47033e-323
mQualEpsilon=0.0248857
mQualVolume=0.00268493
new_planned_energy=75.0448
