gpsEpsilon=5.33028e-316
gpsVolume=2.47033e-323
mQualEpsilon=-1
mQualVolume=0.0144387
new_planned_energy=73.1654
