gpsEpsilon=34.0009
gpsVolume=8.23303
mQualEpsilon=0.115166
mQualVolume=0.0505151
new_planned_energy=99.2211
