gpsEpsilon=33.7497
gpsVolume=12.129
mQualEpsilon=0.013271
mQualVolume=0.00384072
new_planned_energy=67.2561
