gpsEpsilon=23.3074
gpsVolume=117.929
mQualEpsilon=0.0018019
mQualVolume=0.000136198
new_planned_energy=22.5569
