gpsEpsilon=4.72652e-316
gpsVolume=0
mQualEpsilon=-1
mQualVolume=0.00508735
new_planned_energy=27.9211
