gpsEpsilon=7.51677e-316
gpsVolume=0
mQualEpsilon=0.0367905
mQualVolume=0.00789188
new_planned_energy=80.0603
