gpsEpsilon=4.44042e-316
gpsVolume=0
mQualEpsilon=0.0233538
mQualVolume=0.0115172
new_planned_energy=39.3764
