gpsEpsilon=23.1955
gpsVolume=215.672
mQualEpsilon=0.014976
mQualVolume=0.00405348
new_planned_energy=77.1621
