epsilon_quality=0.119119
volume_quality=0.0436126
