epsilon_quality=0.086913
volume_quality=0.0810294
