epsilon_quality=0.099435
volume_quality=0.0915133
