epsilon_quality=0.0773186
volume_quality=0.079925
