epsilon_quality=0.13686
volume_quality=0.448785
