epsilon_quality=0.231367
volume_quality=1.30375
