epsilon_quality=0.103956
volume_quality=0.317121
