epsilon_quality=0.270135
volume_quality=1.76411
