epsilon_quality=0.0712118
volume_quality=0.0479414
