epsilon_quality=0.137993
volume_quality=0.340389
