epsilon_quality=0.121934
volume_quality=0.50039
