epsilon_quality=0.0164616
volume_quality=0.00820775
