epsilon_quality=0.0247876
volume_quality=0.0360131
