epsilon_quality=0.0700083
volume_quality=0.0716903
