epsilon_quality=0.0325051
volume_quality=0.00407443
