epsilon_quality=0.25041
volume_quality=2.95709
