epsilon_quality=0.227004
volume_quality=0.57131
