epsilon_quality=0.0402218
volume_quality=0.284006
