gpsEpsilon=219.466
gpsVolume=48.2397
mQualEpsilon=1.81091
mQualVolume=49.8902
new_planned_energy=-1.81091
