gpsEpsilon=217.729
gpsVolume=47.4675
mQualEpsilon=0.0687806
mQualVolume=0.0127111
new_planned_energy=67.5301
