gpsEpsilon=192.054
gpsVolume=51.5214
mQualEpsilon=0.0870946
mQualVolume=0.00814857
new_planned_energy=18.8625
