gpsEpsilon=240.314
gpsVolume=26.8122
mQualEpsilon=0.0756589
mQualVolume=0.0261006
new_planned_energy=51.8491
