gpsEpsilon=232.593
gpsVolume=29.3218
mQualEpsilon=1.70634
mQualVolume=43.1756
new_planned_energy=-1.70634
