gpsEpsilon=179.314
gpsVolume=18.8976
mQualEpsilon=0.0213103
mQualVolume=0.00418112
new_planned_energy=60.7677
