gpsEpsilon=184.14
gpsVolume=26.2331
mQualEpsilon=0.00216917
mQualVolume=0.00552962
new_planned_energy=60.461
