gpsEpsilon=186.842
gpsVolume=22.9514
mQualEpsilon=0.000884682
mQualVolume=0.00621788
new_planned_energy=53.7103
