gpsEpsilon=241.473
gpsVolume=50.7492
mQualEpsilon=0.0300135
mQualVolume=0.0164438
new_planned_energy=26.3365
