gpsEpsilon=239.156
gpsVolume=45.5371
mQualEpsilon=0.0353947
mQualVolume=0.0254378
new_planned_energy=37.8852
