epsilon_quality=0.0553109
volume_quality=0.329725
