epsilon_quality=0.0275676
volume_quality=0.230481
