epsilon_quality=0.0775333
volume_quality=0.145287
