epsilon_quality=0.244302
volume_quality=0.309483
