epsilon_quality=0.16751
volume_quality=0.170503
