epsilon_quality=0.221394
volume_quality=0.818772
