epsilon_quality=0.100238
volume_quality=0.187845
