epsilon_quality=0.00692875
volume_quality=0.0756248
