epsilon_quality=0.0338979
volume_quality=0.0317395
