epsilon_quality=0.0836124
volume_quality=0.091036
