epsilon_quality=0.0491773
volume_quality=0.099539
