epsilon_quality=0.0620366
volume_quality=0.016471
