epsilon_quality=0.0573565
volume_quality=0.0599295
