epsilon_quality=0.0444232
volume_quality=0.0157566
