epsilon_quality=0.0500087
volume_quality=0.0399334
