epsilon_quality=0.150554
volume_quality=0.522407
