epsilon_quality=0.289521
volume_quality=2.26078
