epsilon_quality=0.346249
volume_quality=1.72848
