epsilon_quality=0.0606394
volume_quality=0.0128823
