epsilon_quality=0.0091092
volume_quality=0.00251338
