epsilon_quality=0.328965
volume_quality=2.27096
