epsilon_quality=0.135711
volume_quality=0.165633
