epsilon_quality=0.0256076
volume_quality=0.13436
