epsilon_quality=0.104814
volume_quality=0.128768
