epsilon_quality=0.16456
volume_quality=0.339881
