epsilon_quality=0.0185785
volume_quality=0.0353473
