epsilon_quality=0.115259
volume_quality=0.405452
