epsilon_quality=0.107715
volume_quality=0.0754923
