epsilon_quality=0.104934
volume_quality=0.0700436
