epsilon_quality=0.17219
volume_quality=0.427212
