epsilon_quality=0.0634818
volume_quality=0.0636774
