epsilon_quality=0.0120341
volume_quality=0.0173081
