epsilon_quality=0.0625934
volume_quality=0.137818
