epsilon_quality=0.103081
volume_quality=0.0975452
