epsilon_quality=0.0620161
volume_quality=0.0497154
