epsilon_quality=0.00999898
volume_quality=0.00637896
