epsilon_quality=0.109233
volume_quality=0.110967
