epsilon_quality=0.156962
volume_quality=0.368982
