epsilon_quality=0.0398626
volume_quality=0.00560671
