epsilon_quality=0.0903166
volume_quality=0.0485054
