epsilon_quality=0.0470552
volume_quality=0.0163188
