epsilon_quality=0.0305365
volume_quality=0.0190072
