epsilon_quality=0.103685
volume_quality=0.171057
