epsilon_quality=0.159648
volume_quality=0.634081
