epsilon_quality=0.0226922
volume_quality=0.103153
