epsilon_quality=0.0854515
volume_quality=0.0455452
