epsilon_quality=0.0951031
volume_quality=0.254717
