epsilon_quality=0.019299
volume_quality=0.04775
