epsilon_quality=0.0370018
volume_quality=0.0378651
