epsilon_quality=0.0665931
volume_quality=0.0282717
