epsilon_quality=0.142748
volume_quality=0.0925578
