epsilon_quality=0.128149
volume_quality=0.0843595
