epsilon_quality=0.0464288
volume_quality=0.0262098
