epsilon_quality=0.0743518
volume_quality=0.210559
