epsilon_quality=0.170511
volume_quality=0.443025
