gpsEpsilon=128.085
gpsVolume=72.2229
mQualEpsilon=0.0259771
mQualVolume=0.00306675
new_planned_energy=18.277
