gpsEpsilon=123.535
gpsVolume=74.9531
mQualEpsilon=0.0364663
mQualVolume=0.00364502
new_planned_energy=43.0153
