gpsEpsilon=224.409
gpsVolume=51.5719
mQualEpsilon=0.0382679
mQualVolume=0.0200752
new_planned_energy=118.459
