gpsEpsilon=238.27
gpsVolume=51.0118
mQualEpsilon=0.0013925
mQualVolume=0.00352956
new_planned_energy=55.5146
