gpsEpsilon=205.088
gpsVolume=58.6423
mQualEpsilon=0.0146193
mQualVolume=0.0058308
new_planned_energy=65.9998
