gpsEpsilon=116.325
gpsVolume=79.2231
mQualEpsilon=0.0457241
mQualVolume=0.00272064
new_planned_energy=80.9887
