gpsEpsilon=126.965
gpsVolume=76.1431
mQualEpsilon=0.0397671
mQualVolume=0.00415013
new_planned_energy=39.8946
