gpsEpsilon=118.915
gpsVolume=81.393
mQualEpsilon=0.00746987
mQualVolume=0.0026377
new_planned_energy=27.4091
