epsilon_quality=0.00886059
volume_quality=0.0183673
