epsilon_quality=0.0105015
volume_quality=0.0106014
