epsilon_quality=0.040921
volume_quality=0.105949
