epsilon_quality=0.0162874
volume_quality=0.0309555
