epsilon_quality=0.177702
volume_quality=0.175626
