epsilon_quality=0.137109
volume_quality=0.228372
