epsilon_quality=0.00161433
volume_quality=0.0122926
