epsilon_quality=0.0984489
volume_quality=0.134787
