epsilon_quality=0.0321487
volume_quality=0.0056971
