epsilon_quality=0.0532242
volume_quality=0.0267866
