epsilon_quality=0.0525959
volume_quality=0.0153327
