epsilon_quality=0.0603803
volume_quality=0.0236329
