epsilon_quality=0.0413334
volume_quality=0.0251877
