epsilon_quality=0.0514203
volume_quality=0.0422911
