epsilon_quality=0.181753
volume_quality=0.28998
