epsilon_quality=0.0613611
volume_quality=0.0230883
