epsilon_quality=0.148419
volume_quality=0.0991389
