epsilon_quality=0.0390496
volume_quality=0.00999753
