epsilon_quality=0.0178193
volume_quality=0.0121182
