epsilon_quality=0.188388
volume_quality=0.287939
