epsilon_quality=0.0366846
volume_quality=0.0136148
