epsilon_quality=0.0714805
volume_quality=0.0739723
