epsilon_quality=0.0407079
volume_quality=0.0284241
