epsilon_quality=0.0741075
volume_quality=0.0228106
