epsilon_quality=0.0215763
volume_quality=0.00153732
