epsilon_quality=0.108196
volume_quality=0.56913
