epsilon_quality=0.107507
volume_quality=0.219495
