epsilon_quality=0.0944952
volume_quality=0.0385393
