epsilon_quality=0.0616171
volume_quality=0.0362065
