epsilon_quality=0.0891521
volume_quality=0.191259
