epsilon_quality=0.11436
volume_quality=0.302798
