epsilon_quality=0.186197
volume_quality=0.408162
