epsilon_quality=0.153018
volume_quality=0.251024
