epsilon_quality=0.115894
volume_quality=0.335242
