epsilon_quality=0.202345
volume_quality=0.453425
