epsilon_quality=0.126918
volume_quality=0.0598622
