epsilon_quality=0.0219714
volume_quality=0.0014906
