epsilon_quality=0.0892794
volume_quality=0.0459624
