epsilon_quality=0.0681731
volume_quality=0.0577645
