epsilon_quality=0.0980882
volume_quality=0.377892
