epsilon_quality=0.204964
volume_quality=1.08603
