epsilon_quality=0.0576617
volume_quality=0.117167
