epsilon_quality=0.0325727
volume_quality=0.035919
