epsilon_quality=0.0934348
volume_quality=0.0709818
