epsilon_quality=0.142692
volume_quality=0.204686
