epsilon_quality=0.0151859
volume_quality=0.0305541
