epsilon_quality=0.00274804
volume_quality=0.0336344
