epsilon_quality=0.118151
volume_quality=0.113078
