epsilon_quality=0.0179101
volume_quality=0.0236314
