gpsEpsilon=33.2501
gpsVolume=165.666
mQualEpsilon=0.00890613
mQualVolume=0.00498178
new_planned_energy=42.16
