gpsEpsilon=33.3573
gpsVolume=127.214
mQualEpsilon=0.0133967
mQualVolume=0.0065558
new_planned_energy=57.347
