gpsEpsilon=30.0949
gpsVolume=242.463
mQualEpsilon=0.00826484
mQualVolume=0.00549464
new_planned_energy=39.1723
