gpsEpsilon=33.6245
gpsVolume=163.58
mQualEpsilon=0.0212956
mQualVolume=0.00610175
new_planned_energy=79.4507
