gpsEpsilon=9.13094
gpsVolume=120.369
mQualEpsilon=-1
mQualVolume=0.00512605
new_planned_energy=93.3833
