gpsEpsilon=6.93829
gpsVolume=119.941
mQualEpsilon=-1
mQualVolume=0.00234499
new_planned_energy=70.9726
