gpsEpsilon=13.6232
gpsVolume=163.259
mQualEpsilon=0.00286878
mQualVolume=0.00529337
new_planned_energy=43.2477
