gpsEpsilon=30.0949
gpsVolume=242.463
mQualEpsilon=0.0245325
mQualVolume=0.008329
new_planned_energy=46.137
