gpsEpsilon=6.61741
gpsVolume=163.58
mQualEpsilon=-1
mQualVolume=0.00313111
new_planned_energy=65.6468
