gpsEpsilon=10.7888
gpsVolume=174.009
mQualEpsilon=0.0125854
mQualVolume=0.00372683
new_planned_energy=44.6566
