epsilon_quality=0.030941
volume_quality=0.106172
