epsilon_quality=0.117758
volume_quality=0.474645
