epsilon_quality=0.0595976
volume_quality=0.0525658
