epsilon_quality=0.0644723
volume_quality=0.121559
