epsilon_quality=0.174635
volume_quality=0.944623
