epsilon_quality=0.147406
volume_quality=0.777699
