epsilon_quality=0.0969471
volume_quality=0.26492
