epsilon_quality=0.0111511
volume_quality=0.233725
