epsilon_quality=0.040109
volume_quality=0.00436623
