epsilon_quality=0.0485879
volume_quality=0.00479881
