epsilon_quality=0.0376016
volume_quality=0.00606007
