epsilon_quality=0.126298
volume_quality=0.36268
