epsilon_quality=0.128764
volume_quality=0.08799
