epsilon_quality=0.103759
volume_quality=0.0828487
