epsilon_quality=0.145167
volume_quality=0.29776
