epsilon_quality=0.0186202
volume_quality=0.0107188
