epsilon_quality=0.077711
volume_quality=0.0722729
