epsilon_quality=0.125981
volume_quality=0.195197
