epsilon_quality=0.115161
volume_quality=0.147589
