epsilon_quality=0.124268
volume_quality=0.466254
