epsilon_quality=0.160232
volume_quality=0.241617
