epsilon_quality=0.12971
volume_quality=0.113305
