epsilon_quality=0.053143
volume_quality=0.0168831
