epsilon_quality=0.146239
volume_quality=0.269254
