epsilon_quality=0.0449385
volume_quality=0.0595299
