epsilon_quality=0.0884569
volume_quality=0.207839
