epsilon_quality=0.136335
volume_quality=0.0428192
