epsilon_quality=0.109109
volume_quality=0.181997
