epsilon_quality=0.125144
volume_quality=0.262941
