epsilon_quality=0.0617925
volume_quality=0.0696402
