epsilon_quality=0.146731
volume_quality=0.368624
