epsilon_quality=0.086055
volume_quality=0.114116
