epsilon_quality=0.0616733
volume_quality=0.0990324
