epsilon_quality=0.110847
volume_quality=0.0485059
