epsilon_quality=0.0193206
volume_quality=0.0108128
