epsilon_quality=0.173452
volume_quality=0.324246
