epsilon_quality=0.15944
volume_quality=0.326698
