epsilon_quality=0.0939331
volume_quality=0.158681
