epsilon_quality=0.0909184
volume_quality=0.0860266
