epsilon_quality=0.025144
volume_quality=0.068446
