epsilon_quality=0.144081
volume_quality=0.173247
