epsilon_quality=0.00387473
volume_quality=0.00912742
