epsilon_quality=0.0300713
volume_quality=0.00728242
