epsilon_quality=0.00239871
volume_quality=0.0568896
