epsilon_quality=0.157856
volume_quality=0.502662
