epsilon_quality=0.164987
volume_quality=0.676174
