epsilon_quality=0.132049
volume_quality=0.312968
