epsilon_quality=0.0206738
volume_quality=0.0580031
