epsilon_quality=0.0621103
volume_quality=0.0320452
