epsilon_quality=0.13384
volume_quality=0.254931
