epsilon_quality=0.117667
volume_quality=0.161269
