epsilon_quality=0.0891127
volume_quality=0.129961
