epsilon_quality=0.227714
volume_quality=0.385877
