epsilon_quality=0.0406195
volume_quality=0.0464262
