epsilon_quality=0.0458228
volume_quality=0.0319973
