epsilon_quality=0.0474562
volume_quality=0.0371194
