epsilon_quality=0.0098573
volume_quality=0.11422
