epsilon_quality=0.107357
volume_quality=0.144762
