epsilon_quality=0.0802215
volume_quality=0.104677
