epsilon_quality=0.105492
volume_quality=0.0726349
