epsilon_quality=0.0861305
volume_quality=0.0549805
