epsilon_quality=0.0507852
volume_quality=0.48407
