epsilon_quality=0.191764
volume_quality=0.473868
