epsilon_quality=0.0964388
volume_quality=0.0401729
