epsilon_quality=0.0620612
volume_quality=0.125149
