epsilon_quality=0.154214
volume_quality=0.340134
