epsilon_quality=0.0245548
volume_quality=0.0250089
