epsilon_quality=0.0772873
volume_quality=0.0198347
