epsilon_quality=0.0506101
volume_quality=0.0164053
