epsilon_quality=0.0468275
volume_quality=0.0601195
