epsilon_quality=0.109571
volume_quality=0.253976
