epsilon_quality=0.118563
volume_quality=0.251945
