epsilon_quality=0.118447
volume_quality=0.305988
