epsilon_quality=0.114899
volume_quality=0.188721
