epsilon_quality=0.0838361
volume_quality=0.077653
