epsilon_quality=0.126526
volume_quality=0.287178
