epsilon_quality=0.140945
volume_quality=0.186255
