epsilon_quality=0.172393
volume_quality=0.290019
