epsilon_quality=0.20663
volume_quality=0.621495
