epsilon_quality=0.206161
volume_quality=0.497519
