epsilon_quality=0.0484953
volume_quality=0.356991
