epsilon_quality=0.0417389
volume_quality=0.0262138
