epsilon_quality=0.020299
volume_quality=0.0850202
