gpsEpsilon=15.2565
gpsVolume=82.1667
mQualEpsilon=0.0414275
mQualVolume=0.00384421
new_planned_energy=81.299
