gpsEpsilon=15.3979
gpsVolume=82.1667
mQualEpsilon=0.00554178
mQualVolume=0.00172264
new_planned_energy=36.7908
