gpsEpsilon=-0.396013
gpsVolume=19.7915
mQualEpsilon=0.0397235
mQualVolume=0.00352554
new_planned_energy=42.0028
