gpsEpsilon=5.45448e-321
gpsVolume=2.37152e-322
mQualEpsilon=0.0458326
mQualVolume=0.00881537
new_planned_energy=70.7333
