gpsEpsilon=0
gpsVolume=2.42092e-322
mQualEpsilon=0.0530853
mQualVolume=0.0143931
new_planned_energy=31.0642
