gpsEpsilon=51.6656
gpsVolume=77.3318
mQualEpsilon=0.00704945
mQualVolume=0.000208566
new_planned_energy=25.2443
