gpsEpsilon=15.6491
gpsVolume=77.4738
mQualEpsilon=0.0170289
mQualVolume=0.00780222
new_planned_energy=30.8531
