gpsEpsilon=15.6796
gpsVolume=56.4236
mQualEpsilon=0.0188993
mQualVolume=0.00505271
new_planned_energy=57.0558
