epsilon_quality=0.175702
volume_quality=0.619249
