epsilon_quality=0.153538
volume_quality=0.17053
