epsilon_quality=0.0446583
volume_quality=0.124295
