epsilon_quality=0.0587173
volume_quality=0.455728
