epsilon_quality=0.075838
volume_quality=0.157046
