epsilon_quality=0.0273057
volume_quality=0.0445863
