epsilon_quality=0.156929
volume_quality=0.39852
