epsilon_quality=0.0528212
volume_quality=0.0523142
