epsilon_quality=0.29305
volume_quality=3.25892
