epsilon_quality=0.037658
volume_quality=0.027632
