epsilon_quality=0.029144
volume_quality=0.00654935
