epsilon_quality=0.153987
volume_quality=0.34373
