epsilon_quality=0.0094847
volume_quality=0.00633075
