epsilon_quality=0.030646
volume_quality=0.00305284
