epsilon_quality=0.0110599
volume_quality=0.00165508
