epsilon_quality=0.0414228
volume_quality=0.0301514
