epsilon_quality=0.0184186
volume_quality=0.0654976
