epsilon_quality=0.104227
volume_quality=0.0364372
