epsilon_quality=0.0125984
volume_quality=0.11638
