epsilon_quality=0.152704
volume_quality=0.0758875
