epsilon_quality=0.0896508
volume_quality=0.459247
