epsilon_quality=0.224313
volume_quality=0.61568
