epsilon_quality=0.206364
volume_quality=0.730237
