epsilon_quality=0.0612962
volume_quality=0.0904598
