epsilon_quality=0.15576
volume_quality=0.367421
