epsilon_quality=0.192641
volume_quality=1.77501
