epsilon_quality=0.221295
volume_quality=0.201976
