epsilon_quality=0.0703237
volume_quality=0.052129
