epsilon_quality=0.0268496
volume_quality=0.027638
