epsilon_quality=0.128296
volume_quality=0.0541447
