epsilon_quality=0.0135464
volume_quality=0.0104791
