epsilon_quality=0.156954
volume_quality=0.141563
