epsilon_quality=0.0724364
volume_quality=0.484799
