gpsEpsilon=159.126
gpsVolume=82.1271
mQualEpsilon=0.0362103
mQualVolume=0.00180484
new_planned_energy=72.1192
