gpsEpsilon=160.727
gpsVolume=86.8876
mQualEpsilon=0.0691836
mQualVolume=0.015146
new_planned_energy=60.2983
