gpsEpsilon=157.744
gpsVolume=82.1271
mQualEpsilon=0.00323444
mQualVolume=0.00897358
new_planned_energy=25.389
