gpsEpsilon=159.126
gpsVolume=83.283
mQualEpsilon=1.50489
mQualVolume=55.8626
new_planned_energy=-1.50489
