gpsEpsilon=159.126
gpsVolume=83.283
mQualEpsilon=1.40156
mQualVolume=54.7259
new_planned_energy=-1.40156
