gpsEpsilon=159.126
gpsVolume=83.283
mQualEpsilon=1.03993
mQualVolume=37.6567
new_planned_energy=-1.03993
