gpsEpsilon=164.306
gpsVolume=85.1035
mQualEpsilon=0.00247893
mQualVolume=0.00376311
new_planned_energy=71.2731
