gpsEpsilon=168.462
gpsVolume=80.7964
mQualEpsilon=1.29519
mQualVolume=49.363
new_planned_energy=-1.29519
