gpsEpsilon=168.462
gpsVolume=80.7964
mQualEpsilon=0.00156335
mQualVolume=0.000628593
new_planned_energy=21.5877
