gpsEpsilon=160.061
gpsVolume=85.7829
mQualEpsilon=1.65286
mQualVolume=57.3146
new_planned_energy=-1.65286
