gpsEpsilon=161.597
gpsVolume=82.342
mQualEpsilon=0.0130036
mQualVolume=0.0209497
new_planned_energy=51.6021
