gpsEpsilon=139.076
gpsVolume=12.2498
mQualEpsilon=0.00993656
mQualVolume=0.0122115
new_planned_energy=38.5287
