epsilon_quality=0.0801195
volume_quality=0.0630682
