epsilon_quality=0.107297
volume_quality=0.216648
