epsilon_quality=0.0965763
volume_quality=0.214353
