epsilon_quality=0.0452249
volume_quality=0.221715
