epsilon_quality=0.245233
volume_quality=0.478252
