epsilon_quality=0.121477
volume_quality=0.205081
