epsilon_quality=0.116449
volume_quality=0.0892359
