epsilon_quality=0.173294
volume_quality=0.200636
