epsilon_quality=0.0937111
volume_quality=0.0492284
