epsilon_quality=0.0595332
volume_quality=0.0457788
