epsilon_quality=0.0299884
volume_quality=0.0326568
