epsilon_quality=0.0828741
volume_quality=0.0397499
