epsilon_quality=0.0199123
volume_quality=0.0800129
