epsilon_quality=0.075696
volume_quality=0.0323187
