epsilon_quality=0.0897365
volume_quality=0.0953241
