epsilon_quality=0.0828885
volume_quality=0.203339
