epsilon_quality=0.113122
volume_quality=0.0576132
