epsilon_quality=0.132576
volume_quality=0.139991
