epsilon_quality=0.0336929
volume_quality=0.0686619
