epsilon_quality=0.0590958
volume_quality=0.0293649
