epsilon_quality=0.17939
volume_quality=0.509829
