epsilon_quality=0.0892538
volume_quality=0.201278
