epsilon_quality=0.0024447
volume_quality=0.0212411
