epsilon_quality=0.0541566
volume_quality=0.0164129
