epsilon_quality=0.0409051
volume_quality=0.0219749
