epsilon_quality=0.0426702
volume_quality=0.137148
