epsilon_quality=0.174087
volume_quality=0.502251
