epsilon_quality=0.0592607
volume_quality=0.0296015
