epsilon_quality=0.0870499
volume_quality=0.0856859
