epsilon_quality=0.470512
volume_quality=2.40566
