epsilon_quality=0.0626744
volume_quality=0.0450907
