epsilon_quality=0.0145306
volume_quality=0.0193096
