epsilon_quality=0.146343
volume_quality=0.133893
