epsilon_quality=0.0602367
volume_quality=0.102606
