epsilon_quality=0.000998759
volume_quality=0.113305
