epsilon_quality=0.126391
volume_quality=0.40144
