epsilon_quality=0.281233
volume_quality=1.07124
