epsilon_quality=0.158883
volume_quality=0.344772
