epsilon_quality=0.0647726
volume_quality=0.521498
