epsilon_quality=0.0561728
volume_quality=0.279513
