epsilon_quality=0.043937
volume_quality=0.129646
