epsilon_quality=0.0277733
volume_quality=0.00973402
