epsilon_quality=0.0376233
volume_quality=0.0448957
