epsilon_quality=0.0467466
volume_quality=0.0131954
