epsilon_quality=0.0565987
volume_quality=0.186607
