epsilon_quality=0.0854486
volume_quality=0.319555
