epsilon_quality=0.0410854
volume_quality=0.0821749
