epsilon_quality=0.0992351
volume_quality=0.427286
