epsilon_quality=0.0758422
volume_quality=0.0319101
