epsilon_quality=0.0957968
volume_quality=0.127437
