epsilon_quality=0.0292948
volume_quality=0.00507348
