epsilon_quality=0.069272
volume_quality=0.388699
