epsilon_quality=0.0120921
volume_quality=0.00507263
