epsilon_quality=0.076281
volume_quality=0.102241
