epsilon_quality=0.0410402
volume_quality=0.0875351
