epsilon_quality=0.195038
volume_quality=0.626929
