epsilon_quality=0.0604238
volume_quality=0.254726
