epsilon_quality=0.171452
volume_quality=0.456247
