epsilon_quality=0.0333623
volume_quality=0.0327623
