epsilon_quality=0.118472
volume_quality=0.0741578
