epsilon_quality=0.239111
volume_quality=0.419629
