epsilon_quality=0.125056
volume_quality=0.099167
