epsilon_quality=0.014392
volume_quality=0.0634638
