epsilon_quality=0.0483569
volume_quality=0.253335
