epsilon_quality=0.621073
volume_quality=8.04915
