epsilon_quality=0.311626
volume_quality=4.27747
