epsilon_quality=0.386453
volume_quality=2.76107
