epsilon_quality=0.293398
volume_quality=4.08217
