epsilon_quality=0.101393
volume_quality=0.0931532
