epsilon_quality=0.0970469
volume_quality=0.281394
