epsilon_quality=0.0422728
volume_quality=0.0160321
