epsilon_quality=0.0736892
volume_quality=0.040846
