epsilon_quality=0.0643215
volume_quality=0.0179612
