epsilon_quality=0.127686
volume_quality=0.280133
