epsilon_quality=0.0259099
volume_quality=0.0103186
