epsilon_quality=0.176604
volume_quality=0.259373
