epsilon_quality=0.14263
volume_quality=0.187219
