gpsEpsilon=173.788
gpsVolume=162.673
mQualEpsilon=0.0892164
mQualVolume=0.0330703
new_planned_energy=15.8012
