gpsEpsilon=169.208
gpsVolume=133.105
mQualEpsilon=1.65107
mQualVolume=41.9702
new_planned_energy=-1.65107
