gpsEpsilon=174.453
gpsVolume=162.673
mQualEpsilon=0.0490555
mQualVolume=0.0139127
new_planned_energy=28.4794
