gpsEpsilon=156.51
gpsVolume=156.51
mQualEpsilon=0.0942106
mQualVolume=0.0144263
new_planned_energy=37.1165
