gpsEpsilon=197.346
gpsVolume=127.633
mQualEpsilon=0.0399804
mQualVolume=0.00977309
new_planned_energy=21.9652
