gpsEpsilon=198.038
gpsVolume=207.731
mQualEpsilon=0.0844209
mQualVolume=0.0324661
new_planned_energy=30.0371
