gpsEpsilon=202.775
gpsVolume=170.557
mQualEpsilon=0.0466065
mQualVolume=0.0104509
new_planned_energy=38.2638
