gpsEpsilon=208.184
gpsVolume=168.738
mQualEpsilon=0.0220246
mQualVolume=0.0152497
new_planned_energy=41.1522
