gpsEpsilon=203.356
gpsVolume=170.982
mQualEpsilon=0.0220388
mQualVolume=0.0117441
new_planned_energy=68.6112
