gpsEpsilon=195.368
gpsVolume=159.097
mQualEpsilon=0.00390251
mQualVolume=0.00551809
new_planned_energy=40.2492
