epsilon_quality=0.0449263
volume_quality=0.00810863
