epsilon_quality=0.0499849
volume_quality=0.016045
