epsilon_quality=0.223206
volume_quality=0.723522
