epsilon_quality=0.0654706
volume_quality=0.117615
