epsilon_quality=0.0665037
volume_quality=0.0480453
