epsilon_quality=0.080642
volume_quality=0.0483986
