epsilon_quality=0.096214
volume_quality=0.0902058
