epsilon_quality=0.0628947
volume_quality=0.0337601
