epsilon_quality=0.0998295
volume_quality=0.123415
