epsilon_quality=0.0620693
volume_quality=0.0796543
