epsilon_quality=0.0603115
volume_quality=0.0420059
