epsilon_quality=0.28051
volume_quality=2.52847
