epsilon_quality=0.388656
volume_quality=2.56579
