epsilon_quality=0.604843
volume_quality=6.70676
