epsilon_quality=0.136307
volume_quality=0.916587
