epsilon_quality=0.0639567
volume_quality=0.0454104
