epsilon_quality=0.041837
volume_quality=0.0214291
