epsilon_quality=0.0496945
volume_quality=0.0942935
