epsilon_quality=0.0596868
volume_quality=0.126705
