epsilon_quality=0.0516685
volume_quality=0.0451447
