epsilon_quality=0.178755
volume_quality=0.373384
