gpsEpsilon=28.8326
gpsVolume=35.0672
mQualEpsilon=0.0365853
mQualVolume=0.00428828
new_planned_energy=19.1949
