gpsEpsilon=26.1757
gpsVolume=30.4587
mQualEpsilon=0.00323002
mQualVolume=0.000228334
new_planned_energy=30.5485
