gpsEpsilon=12.7019
gpsVolume=55.8203
mQualEpsilon=0.0103544
mQualVolume=0.0112945
new_planned_energy=16.5271
