gpsEpsilon=12.7019
gpsVolume=55.8203
mQualEpsilon=1.63718
mQualVolume=44.5197
new_planned_energy=-1.63718
