gpsEpsilon=12.7019
gpsVolume=55.8203
mQualEpsilon=1.63184
mQualVolume=44.0774
new_planned_energy=-1.63184
