gpsEpsilon=240.667
gpsVolume=87.042
mQualEpsilon=0.0322218
mQualVolume=0.0025397
new_planned_energy=33.2575
