gpsEpsilon=186.355
gpsVolume=75.0933
mQualEpsilon=0.0253432
mQualVolume=0.00557445
new_planned_energy=38.4207
