gpsEpsilon=1.34943e-315
gpsVolume=0
mQualEpsilon=-1
mQualVolume=0.000228596
new_planned_energy=76.2827
