gpsEpsilon=1.31486e-315
gpsVolume=28.2542
mQualEpsilon=0.0246938
mQualVolume=0.002324
new_planned_energy=47.4272
