gpsEpsilon=31.8595
gpsVolume=49.1904
mQualEpsilon=0.0117302
mQualVolume=0.0111142
new_planned_energy=27.5188
