gpsEpsilon=35.038
gpsVolume=36.9684
mQualEpsilon=0.0118133
mQualVolume=0.00668534
new_planned_energy=48.1914
