gpsEpsilon=21.805
gpsVolume=49.5767
mQualEpsilon=0.074296
mQualVolume=0.0123936
new_planned_energy=83.0485
