gpsEpsilon=33.5338
gpsVolume=38.2956
mQualEpsilon=0.0262072
mQualVolume=0.00522965
new_planned_energy=102.58
