gpsEpsilon=25.7668
gpsVolume=30.461
mQualEpsilon=0.0196122
mQualVolume=0.000598768
new_planned_energy=73.1861
