epsilon_quality=0.0826075
volume_quality=0.869859
