epsilon_quality=0.0389709
volume_quality=0.00820928
