epsilon_quality=0.049463
volume_quality=0.00268653
