epsilon_quality=0.0142751
volume_quality=0.00464358
