epsilon_quality=0.105259
volume_quality=0.0470753
