epsilon_quality=0.023204
volume_quality=0.00808995
