epsilon_quality=0.176561
volume_quality=0.233377
