epsilon_quality=0.145053
volume_quality=0.56377
