epsilon_quality=0.138491
volume_quality=0.138132
