epsilon_quality=0.334404
volume_quality=2.65217
