epsilon_quality=0.0210711
volume_quality=0.0205829
