epsilon_quality=0.0959476
volume_quality=0.0625743
