epsilon_quality=0.189477
volume_quality=0.300404
