epsilon_quality=0.263101
volume_quality=2.94741
