epsilon_quality=0.0917462
volume_quality=0.163825
