epsilon_quality=0.0183614
volume_quality=0.0588902
