epsilon_quality=0.154437
volume_quality=0.175627
