epsilon_quality=0.100545
volume_quality=0.302238
