epsilon_quality=0.0844054
volume_quality=0.0381908
