epsilon_quality=0.0888382
volume_quality=0.197629
