epsilon_quality=0.0852095
volume_quality=0.043988
