epsilon_quality=0.080006
volume_quality=0.0942921
