epsilon_quality=0.00607953
volume_quality=0.011417
