epsilon_quality=0.048523
volume_quality=0.00408864
