epsilon_quality=0.218938
volume_quality=0.926538
