epsilon_quality=0.323445
volume_quality=1.08095
