epsilon_quality=0.0542661
volume_quality=0.0288101
