epsilon_quality=0.15523
volume_quality=0.0936952
