epsilon_quality=0.0339711
volume_quality=0.0304289
