epsilon_quality=0.111792
volume_quality=0.109526
