epsilon_quality=0.00950266
volume_quality=0.012364
