epsilon_quality=0.0478028
volume_quality=0.0256096
