epsilon_quality=0.05817
volume_quality=0.103634
