epsilon_quality=0.0913673
volume_quality=0.373566
