epsilon_quality=0.0158108
volume_quality=0.00943881
