epsilon_quality=0.191313
volume_quality=0.378215
