epsilon_quality=0.0754704
volume_quality=0.10122
