epsilon_quality=0.0976082
volume_quality=0.081677
