epsilon_quality=0.0987174
volume_quality=0.0585209
