epsilon_quality=0.0349943
volume_quality=0.0600747
