epsilon_quality=0.067932
volume_quality=0.0554936
