epsilon_quality=0.0315812
volume_quality=0.0195884
