epsilon_quality=0.051155
volume_quality=0.0384442
