epsilon_quality=0.0505809
volume_quality=0.0165667
