epsilon_quality=0.318681
volume_quality=1.56282
