epsilon_quality=0.134398
volume_quality=0.314958
