epsilon_quality=0.137485
volume_quality=0.441099
