epsilon_quality=0.222105
volume_quality=0.416331
