epsilon_quality=0.0585249
volume_quality=0.183568
