epsilon_quality=0.150141
volume_quality=0.0714209
