epsilon_quality=0.0525316
volume_quality=0.038392
