epsilon_quality=0.172079
volume_quality=0.18159
