epsilon_quality=0.118417
volume_quality=0.0565769
