epsilon_quality=0.245147
volume_quality=0.637611
