epsilon_quality=0.0945348
volume_quality=0.41829
