epsilon_quality=0.0825732
volume_quality=0.193334
