epsilon_quality=0.199543
volume_quality=0.405468
