epsilon_quality=0.155791
volume_quality=0.195869
