epsilon_quality=0.0305652
volume_quality=0.16084
