epsilon_quality=0.129689
volume_quality=0.251452
