epsilon_quality=0.0802476
volume_quality=0.115114
