epsilon_quality=0.106936
volume_quality=0.195276
