epsilon_quality=0.109442
volume_quality=0.223416
