epsilon_quality=0.0373697
volume_quality=0.00812625
