epsilon_quality=0.0586327
volume_quality=0.0494593
