epsilon_quality=0.176646
volume_quality=0.739422
