epsilon_quality=0.125079
volume_quality=1.18564
