epsilon_quality=0.162047
volume_quality=0.464001
