epsilon_quality=0.0666487
volume_quality=0.0197178
