epsilon_quality=0.0117112
volume_quality=0.0564364
