epsilon_quality=0.0817147
volume_quality=0.159317
