epsilon_quality=0.11532
volume_quality=0.238211
