epsilon_quality=0.120222
volume_quality=0.581435
