epsilon_quality=0.0155391
volume_quality=0.578547
