epsilon_quality=0.0544756
volume_quality=0.0483971
