gpsEpsilon=13.1129
gpsVolume=35.4884
mQualEpsilon=0.117283
mQualVolume=0.0238098
new_planned_energy=101.723
