gpsEpsilon=-0.159963
gpsVolume=0
mQualEpsilon=0.0769782
mQualVolume=0.0214335
new_planned_energy=45.5246
