gpsEpsilon=1.32706e-315
gpsVolume=1.56677e-315
mQualEpsilon=0.000139882
mQualVolume=0.00425891
new_planned_energy=24.5596
