gpsEpsilon=0
gpsVolume=0
mQualEpsilon=0.0591671
mQualVolume=0.0165063
new_planned_energy=83.8721
