gpsEpsilon=33.2491
gpsVolume=38.4719
mQualEpsilon=0.00785783
mQualVolume=0.0127043
new_planned_energy=88.9592
