gpsEpsilon=32.971
gpsVolume=36.5526
mQualEpsilon=1.34944
mQualVolume=42.2572
new_planned_energy=-1.34944
