gpsEpsilon=33.2494
gpsVolume=36.5526
mQualEpsilon=0.012221
mQualVolume=0.00935116
new_planned_energy=65.9153
