gpsEpsilon=1.53769e-315
gpsVolume=165.703
mQualEpsilon=-1
mQualVolume=0.00349436
new_planned_energy=41.8746
