gpsEpsilon=11.0652
gpsVolume=22.502
mQualEpsilon=0.0390605
mQualVolume=0.00631333
new_planned_energy=34.0001
