gpsEpsilon=12.1251
gpsVolume=8.28741
mQualEpsilon=-1
mQualVolume=0.00904282
new_planned_energy=90.3144
