gpsEpsilon=15.3312
gpsVolume=40.9885
mQualEpsilon=0.0673385
mQualVolume=0.0425932
new_planned_energy=98.2071
