epsilon_quality=0.0955361
volume_quality=0.0387122
