epsilon_quality=0.0529178
volume_quality=0.0343652
