epsilon_quality=0.0843644
volume_quality=0.408328
