epsilon_quality=0.178145
volume_quality=0.47782
