epsilon_quality=0.272616
volume_quality=0.633352
