epsilon_quality=0.185046
volume_quality=0.273684
