epsilon_quality=0.285284
volume_quality=0.778901
