epsilon_quality=0.0309055
volume_quality=0.00998693
