epsilon_quality=0.161704
volume_quality=0.25527
