epsilon_quality=0.0785983
volume_quality=0.123666
