epsilon_quality=0.124239
volume_quality=0.308203
