epsilon_quality=0.0726043
volume_quality=0.0633464
