epsilon_quality=0.0447074
volume_quality=0.0422855
