epsilon_quality=0.0384657
volume_quality=0.0300115
