epsilon_quality=0.0196931
volume_quality=0.012995
