epsilon_quality=0.0293887
volume_quality=0.02977
