epsilon_quality=0.0954243
volume_quality=0.0480489
