epsilon_quality=0.203733
volume_quality=0.200228
