epsilon_quality=0.102632
volume_quality=0.65335
