epsilon_quality=0.0951892
volume_quality=0.147979
