epsilon_quality=0.094439
volume_quality=0.115866
