epsilon_quality=0.230335
volume_quality=0.571352
