epsilon_quality=0.185811
volume_quality=0.300716
