epsilon_quality=0.106119
volume_quality=0.131396
