epsilon_quality=0.0505767
volume_quality=0.00772924
