epsilon_quality=0.0920192
volume_quality=0.0510813
