epsilon_quality=0.00234858
volume_quality=0.000531499
