epsilon_quality=0.0906673
volume_quality=0.302684
