epsilon_quality=0.028003
volume_quality=0.023393
