epsilon_quality=0.0743939
volume_quality=0.122101
