epsilon_quality=0.08734
volume_quality=0.601479
