epsilon_quality=0.215728
volume_quality=0.538115
