epsilon_quality=0.0468818
volume_quality=0.104805
