epsilon_quality=0.0551005
volume_quality=0.12385
