epsilon_quality=0.159086
volume_quality=0.19366
