epsilon_quality=0.203145
volume_quality=0.714233
