epsilon_quality=0.00580705
volume_quality=0.0126675
