epsilon_quality=0.121548
volume_quality=0.078193
