epsilon_quality=0.146166
volume_quality=0.471801
