epsilon_quality=0.00405251
volume_quality=0.0198585
