epsilon_quality=0.129017
volume_quality=0.275512
