epsilon_quality=0.0658174
volume_quality=0.0416465
