epsilon_quality=0.0517282
volume_quality=0.111734
