epsilon_quality=0.0357541
volume_quality=0.0291842
