epsilon_quality=0.149852
volume_quality=0.120159
