epsilon_quality=0.0424069
volume_quality=0.187031
