epsilon_quality=0.12202
volume_quality=0.0807549
