epsilon_quality=0.200605
volume_quality=0.239432
