epsilon_quality=0.170172
volume_quality=0.202841
