epsilon_quality=0.12453
volume_quality=0.118493
