epsilon_quality=0.0888206
volume_quality=0.188756
