epsilon_quality=0.0896127
volume_quality=0.223132
