epsilon_quality=0.20966
volume_quality=0.354923
