epsilon_quality=0.0500208
volume_quality=0.149063
