epsilon_quality=0.036096
volume_quality=0.027456
