epsilon_quality=0.0294535
volume_quality=0.0325587
