epsilon_quality=0.110851
volume_quality=0.269624
