epsilon_quality=0.181566
volume_quality=0.14384
