gpsEpsilon=32.9308
gpsVolume=182.192
mQualEpsilon=0.0361215
mQualVolume=0.00126268
new_planned_energy=19.1102
