gpsEpsilon=39.3454
gpsVolume=103.661
mQualEpsilon=0.0531968
mQualVolume=0.00666555
new_planned_energy=55.0221
