gpsEpsilon=7.66651
gpsVolume=74.4118
mQualEpsilon=0.0147922
mQualVolume=0.000707369
new_planned_energy=20.6391
