gpsEpsilon=71.0225
gpsVolume=24.5973
mQualEpsilon=0.0497796
mQualVolume=0.00678525
new_planned_energy=33.8922
