gpsEpsilon=126.786
gpsVolume=36.0634
mQualEpsilon=0.00695215
mQualVolume=0.000238197
new_planned_energy=17.9475
