gpsEpsilon=0
gpsVolume=0
mQualEpsilon=0.0485989
mQualVolume=0.0131023
new_planned_energy=79.3943
