gpsEpsilon=1.62289e-315
gpsVolume=1.62285e-315
mQualEpsilon=0.0767639
mQualVolume=0.016653
new_planned_energy=60.8321
