gpsEpsilon=0
gpsVolume=0
mQualEpsilon=0.0237049
mQualVolume=0.000918145
new_planned_energy=48.9267
