gpsEpsilon=21.6931
gpsVolume=150.266
mQualEpsilon=0.0456895
mQualVolume=0.00169227
new_planned_energy=60.5957
