epsilon_quality=0.0711354
volume_quality=0.0331082
