epsilon_quality=0.0400392
volume_quality=0.0304736
