epsilon_quality=0.0758559
volume_quality=0.116212
