epsilon_quality=0.0327108
volume_quality=0.121101
