epsilon_quality=0.127632
volume_quality=0.166466
