epsilon_quality=0.268418
volume_quality=0.561715
