epsilon_quality=0.0892409
volume_quality=0.0629938
