epsilon_quality=0.0695318
volume_quality=0.0276028
