epsilon_quality=0.0191232
volume_quality=0.00211777
