epsilon_quality=0.0253445
volume_quality=0.188473
