epsilon_quality=0.0928781
volume_quality=0.194494
