epsilon_quality=0.183384
volume_quality=0.497734
