epsilon_quality=0.0488773
volume_quality=0.0116152
