epsilon_quality=0.0611219
volume_quality=0.0080836
