epsilon_quality=0.302439
volume_quality=1.41831
