epsilon_quality=0.0494418
volume_quality=0.0266111
