epsilon_quality=0.0709747
volume_quality=0.0280557
