epsilon_quality=0.124713
volume_quality=0.120237
