epsilon_quality=0.079705
volume_quality=0.0307782
