epsilon_quality=0.0633475
volume_quality=0.00733146
