epsilon_quality=0.0935416
volume_quality=0.21029
