epsilon_quality=0.0828707
volume_quality=0.0450314
