epsilon_quality=0.0426815
volume_quality=0.0292126
