epsilon_quality=0.0734343
volume_quality=0.0340385
