epsilon_quality=0.0788379
volume_quality=0.410498
