epsilon_quality=0.00278864
volume_quality=0.000176806
