epsilon_quality=0.194646
volume_quality=0.536932
