epsilon_quality=0.00637225
volume_quality=0.0052305
