epsilon_quality=0.0347939
volume_quality=0.014987
