epsilon_quality=0.0169285
volume_quality=0.0105445
