epsilon_quality=0.0622695
volume_quality=0.0752757
