epsilon_quality=0.0353432
volume_quality=0.0225051
