epsilon_quality=0.0727524
volume_quality=0.18395
