epsilon_quality=0.127928
volume_quality=0.22092
