epsilon_quality=0.0189543
volume_quality=0.000703054
