epsilon_quality=0.0980004
volume_quality=0.0652302
