epsilon_quality=0.00329437
volume_quality=0.00174333
