epsilon_quality=0.158935
volume_quality=0.453105
