epsilon_quality=0.0350241
volume_quality=0.0126299
