epsilon_quality=0.0637079
volume_quality=0.0247346
