epsilon_quality=0.0672418
volume_quality=0.76468
