epsilon_quality=0.103596
volume_quality=0.0851606
