epsilon_quality=0.0320816
volume_quality=0.0296762
