epsilon_quality=0.0634172
volume_quality=0.0397137
