epsilon_quality=0.0631751
volume_quality=0.0776923
