epsilon_quality=0.0829864
volume_quality=0.0594596
