epsilon_quality=0.0580129
volume_quality=0.249569
