epsilon_quality=0.095235
volume_quality=0.272923
