epsilon_quality=0.15291
volume_quality=0.113601
