epsilon_quality=0.0464932
volume_quality=0.0315256
