epsilon_quality=0.0277008
volume_quality=0.035347
