epsilon_quality=0.0810107
volume_quality=0.0519332
