epsilon_quality=0.083144
volume_quality=0.0592405
