epsilon_quality=0.0897666
volume_quality=0.0918427
