epsilon_quality=0.110522
volume_quality=0.145784
