epsilon_quality=0.136043
volume_quality=0.128895
