epsilon_quality=0.172467
volume_quality=0.244219
