epsilon_quality=0.0846533
volume_quality=0.0517996
