epsilon_quality=0.110339
volume_quality=0.0896832
