epsilon_quality=0.0723291
volume_quality=0.081821
