epsilon_quality=0.0672906
volume_quality=0.0247711
