epsilon_quality=0.00463185
volume_quality=0.000760733
