epsilon_quality=0.0191631
volume_quality=0.0565787
