epsilon_quality=0.0990839
volume_quality=0.13036
