epsilon_quality=0.051411
volume_quality=0.227761
