epsilon_quality=0.0252105
volume_quality=0.0425073
