epsilon_quality=0.0453714
volume_quality=0.0806277
