epsilon_quality=0.20941
volume_quality=0.420287
