epsilon_quality=0.165338
volume_quality=1.10116
