epsilon_quality=0.172314
volume_quality=0.564313
