epsilon_quality=0.0415505
volume_quality=0.0119505
