epsilon_quality=0.0815967
volume_quality=0.106535
