epsilon_quality=0.0660347
volume_quality=0.0366919
