epsilon_quality=0.103511
volume_quality=0.261869
