epsilon_quality=0.208846
volume_quality=0.546117
