epsilon_quality=0.216251
volume_quality=0.350512
