epsilon_quality=0.0940268
volume_quality=0.146751
