epsilon_quality=0.105983
volume_quality=0.149576
