epsilon_quality=0.183665
volume_quality=0.738997
