epsilon_quality=0.192861
volume_quality=0.470452
