epsilon_quality=0.218952
volume_quality=0.426458
