epsilon_quality=0.0960415
volume_quality=0.38183
