gpsEpsilon=105.413
gpsVolume=28.8468
mQualEpsilon=0.00625038
mQualVolume=0.000676504
new_planned_energy=69.0489
