gpsEpsilon=93.7351
gpsVolume=23.88
mQualEpsilon=0.0111155
mQualVolume=0.000572861
new_planned_energy=45.4032
