gpsEpsilon=98.7428
gpsVolume=24.1579
mQualEpsilon=0.0157871
mQualVolume=0.000525595
new_planned_energy=64.2458
