gpsEpsilon=98.7265
gpsVolume=23.5683
mQualEpsilon=0.0143785
mQualVolume=0.000214718
new_planned_energy=97.5701
