gpsEpsilon=98.582
gpsVolume=17.4851
mQualEpsilon=0.00567867
mQualVolume=0.000776276
new_planned_energy=88.8489
