gpsEpsilon=98.6422
gpsVolume=19.3467
mQualEpsilon=0.0179722
mQualVolume=0.000224653
new_planned_energy=47.931
