gpsEpsilon=2.57408e-321
gpsVolume=1.63042e-322
mQualEpsilon=-1
mQualVolume=0.000572319
new_planned_energy=21.1681
