gpsEpsilon=2.54639e-313
gpsVolume=1.63042e-322
mQualEpsilon=0.0110211
mQualVolume=0.000531804
new_planned_energy=40.6821
