gpsEpsilon=23.7052
gpsVolume=45.591
mQualEpsilon=0.0119641
mQualVolume=0.000196467
new_planned_energy=45.2454
