gpsEpsilon=0
gpsVolume=0
mQualEpsilon=0.0232104
mQualVolume=0.000552314
new_planned_energy=53.3839
