gpsEpsilon=5.36754e-316
gpsVolume=6.95335e-310
mQualEpsilon=0.00797733
mQualVolume=0.000379975
new_planned_energy=65.8633
