gpsEpsilon=98.6747
gpsVolume=24.9429
mQualEpsilon=0.0148246
mQualVolume=0.000735715
new_planned_energy=55.3109
