gpsEpsilon=98.6218
gpsVolume=18.6293
mQualEpsilon=0.0205829
mQualVolume=0.0022765
new_planned_energy=39.6941
