epsilon_quality=0.0780136
volume_quality=0.0465533
