epsilon_quality=0.0261573
volume_quality=0.00840501
