epsilon_quality=0.090585
volume_quality=0.149115
