epsilon_quality=0.0237272
volume_quality=0.00327232
