epsilon_quality=0.0804859
volume_quality=0.043528
