epsilon_quality=0.0510546
volume_quality=0.0291588
