epsilon_quality=0.158828
volume_quality=0.106719
