epsilon_quality=0.012425
volume_quality=0.00313273
