epsilon_quality=0.0581704
volume_quality=0.0161508
