epsilon_quality=0.0312971
volume_quality=0.0868351
