epsilon_quality=0.0876362
volume_quality=0.0581025
