epsilon_quality=0.151272
volume_quality=1.01164
