epsilon_quality=0.0327524
volume_quality=0.0460001
