epsilon_quality=0.0509528
volume_quality=0.0966484
