epsilon_quality=0.0966067
volume_quality=1.18763
