epsilon_quality=0.328082
volume_quality=1.69297
