epsilon_quality=0.118159
volume_quality=0.139434
