epsilon_quality=0.0485409
volume_quality=0.0789073
