epsilon_quality=0.0902717
volume_quality=0.387389
