epsilon_quality=0.0511649
volume_quality=0.05259
