gpsEpsilon=2.8464e-316
gpsVolume=0
mQualEpsilon=0.0373041
mQualVolume=0.0050216
new_planned_energy=102.429
