gpsEpsilon=5.77447e-316
gpsVolume=0
mQualEpsilon=0.0335318
mQualVolume=0.00286399
new_planned_energy=53.727
