gpsEpsilon=-44.5991
gpsVolume=-0.161276
mQualEpsilon=0.000940557
mQualVolume=0.000600368
new_planned_energy=55.8967
