gpsEpsilon=12.0814
gpsVolume=94.2101
mQualEpsilon=0.00968921
mQualVolume=0.00115135
new_planned_energy=56.2933
