gpsEpsilon=17.7976
gpsVolume=54.3331
mQualEpsilon=0.0268195
mQualVolume=0.000296194
new_planned_energy=55.3175
