gpsEpsilon=7.22668e-316
gpsVolume=0
mQualEpsilon=0.00467037
mQualVolume=0.000752827
new_planned_energy=56.7921
