gpsEpsilon=4.58352e-316
gpsVolume=0
mQualEpsilon=0.0396907
mQualVolume=0.00595742
new_planned_energy=35.8129
