gpsEpsilon=78.9706
gpsVolume=20.0366
mQualEpsilon=0.00456169
mQualVolume=0.000171179
new_planned_energy=84.878
