gpsEpsilon=2.47215e-316
gpsVolume=0
mQualEpsilon=0.00332184
mQualVolume=2.13627e-05
new_planned_energy=81.8732
