epsilon_quality=0.109575
volume_quality=0.0987165
