epsilon_quality=0.198334
volume_quality=0.330261
