epsilon_quality=0.0762204
volume_quality=0.0944369
