epsilon_quality=0.0702446
volume_quality=0.0931109
