epsilon_quality=0.0449796
volume_quality=0.00468104
