epsilon_quality=0.135599
volume_quality=0.0945669
