epsilon_quality=0.0237193
volume_quality=0.0164764
