epsilon_quality=0.0687974
volume_quality=0.018633
