epsilon_quality=0.0658214
volume_quality=0.0437117
