epsilon_quality=0.0853774
volume_quality=0.0619592
