epsilon_quality=0.222662
volume_quality=0.499694
