epsilon_quality=0.126992
volume_quality=0.190965
