epsilon_quality=0.0638467
volume_quality=0.388701
