epsilon_quality=0.0641892
volume_quality=0.217602
