epsilon_quality=0.0755174
volume_quality=0.108135
