epsilon_quality=0.142807
volume_quality=0.142077
