epsilon_quality=0.170393
volume_quality=0.415308
