epsilon_quality=0.0579555
volume_quality=0.0474141
