epsilon_quality=0.00851607
volume_quality=0.0470227
