epsilon_quality=0.0511938
volume_quality=0.0137059
