epsilon_quality=0.170477
volume_quality=0.142838
