epsilon_quality=0.107765
volume_quality=0.0588951
