epsilon_quality=0.0331206
volume_quality=0.0273599
