epsilon_quality=0.133432
volume_quality=0.133965
