epsilon_quality=6.67869e-17
volume_quality=0.00295385
