epsilon_quality=0.0352973
volume_quality=0.0794973
