epsilon_quality=0.0105917
volume_quality=0.132467
