epsilon_quality=0.0392695
volume_quality=0.00437734
