gpsEpsilon=0
gpsVolume=0
mQualEpsilon=0.00400697
mQualVolume=0.0142798
new_planned_energy=41.5447
