gpsEpsilon=9.37388e-316
gpsVolume=0
mQualEpsilon=-1
mQualVolume=3.18449e-05
new_planned_energy=84.0893
