gpsEpsilon=0.000651
gpsVolume=10.73
mQualEpsilon=-1
mQualVolume=0.0110755
new_planned_energy=55.3646
