gpsEpsilon=1.38081e-47
gpsVolume=5.63485e-62
mQualEpsilon=0.0266142
mQualVolume=0.00706868
new_planned_energy=35.6448
