gpsEpsilon=9.37428e-316
gpsVolume=4.40815e-316
mQualEpsilon=0.0152335
mQualVolume=0.00499073
new_planned_energy=37.8644
