gpsEpsilon=7.72998
gpsVolume=-8.51
mQualEpsilon=0.0262792
mQualVolume=0.00487556
new_planned_energy=21.1494
