gpsEpsilon=0
gpsVolume=220.395
mQualEpsilon=0.0153293
mQualVolume=0.00698886
new_planned_energy=38.6741
