gpsEpsilon=7.62673e-316
gpsVolume=220.397
mQualEpsilon=-1
mQualVolume=0.00305573
new_planned_energy=75.5758
