gpsEpsilon=0
gpsVolume=6.95335e-310
mQualEpsilon=0.00778234
mQualVolume=0.00294364
new_planned_energy=124.642
