gpsEpsilon=5.04888e-38
gpsVolume=3.67013e-62
mQualEpsilon=0.0213416
mQualVolume=0.00720518
new_planned_energy=54.3416
