gpsEpsilon=1.65529e-47
gpsVolume=2.00253e-52
mQualEpsilon=0.0389695
mQualVolume=0.00974088
new_planned_energy=35.4049
