gpsEpsilon=0
gpsVolume=4.00193e-322
mQualEpsilon=-1
mQualVolume=0.000723725
new_planned_energy=128.028
