gpsEpsilon=2.36857e-316
gpsVolume=2.36857e-316
mQualEpsilon=-1
mQualVolume=3.18449e-05
new_planned_energy=93.1975
