gpsEpsilon=0
gpsVolume=0
mQualEpsilon=0.0246926
mQualVolume=0.00364794
new_planned_energy=154.915
