epsilon_quality=0.0564665
volume_quality=0.282329
