epsilon_quality=0.082544
volume_quality=0.127334
