epsilon_quality=0.16547
volume_quality=0.11661
