epsilon_quality=0.0697034
volume_quality=0.027472
