epsilon_quality=0.110654
volume_quality=0.132044
