epsilon_quality=0.105938
volume_quality=0.490371
