epsilon_quality=0.00385851
volume_quality=0.0441061
