epsilon_quality=0.114895
volume_quality=0.0637344
