epsilon_quality=0.0572601
volume_quality=0.209214
