epsilon_quality=0.127306
volume_quality=0.0929589
