epsilon_quality=0.108476
volume_quality=0.786792
