epsilon_quality=0.0320583
volume_quality=0.134335
