epsilon_quality=0.0694294
volume_quality=0.0339979
