epsilon_quality=0.017317
volume_quality=0.0489785
