epsilon_quality=0.176553
volume_quality=0.290538
