epsilon_quality=0.130433
volume_quality=0.134651
