epsilon_quality=0.0202754
volume_quality=0.00255522
