epsilon_quality=0.00132669
volume_quality=0.0893484
