epsilon_quality=0.0997344
volume_quality=0.218139
