epsilon_quality=0.113541
volume_quality=0.467107
