epsilon_quality=0.221275
volume_quality=0.579263
