epsilon_quality=0.251892
volume_quality=1.28204
