epsilon_quality=0.0843654
volume_quality=0.0625574
