epsilon_quality=0.118803
volume_quality=0.0785606
