epsilon_quality=0.0443333
volume_quality=0.24666
