epsilon_quality=0.137378
volume_quality=0.133876
