epsilon_quality=0.0682756
volume_quality=0.0489529
