epsilon_quality=0.180406
volume_quality=0.270061
