epsilon_quality=0.141222
volume_quality=0.188293
