epsilon_quality=0.213241
volume_quality=0.851346
