epsilon_quality=0.0278892
volume_quality=0.0357795
