epsilon_quality=0.0782048
volume_quality=0.041001
