epsilon_quality=0.0785984
volume_quality=0.0386731
