epsilon_quality=0.0332478
volume_quality=0.0388768
