epsilon_quality=0.0970459
volume_quality=0.053413
