epsilon_quality=0.0942823
volume_quality=0.117646
