epsilon_quality=0.127468
volume_quality=0.420691
