epsilon_quality=0.168232
volume_quality=0.432674
