epsilon_quality=0.331126
volume_quality=1.01273
