epsilon_quality=0.151415
volume_quality=0.451112
