epsilon_quality=0.0606056
volume_quality=0.0414749
