epsilon_quality=0.0836714
volume_quality=0.630526
