epsilon_quality=0.267087
volume_quality=0.764851
