epsilon_quality=0.13792
volume_quality=0.196831
