epsilon_quality=0.110607
volume_quality=0.240738
