gpsEpsilon=0.0817933
gpsVolume=2.42092e-322
mQualEpsilon=-1
mQualVolume=0.0031246
new_planned_energy=34.5159
