epsilon_quality=0.205604
volume_quality=0.381481
