epsilon_quality=0.0282718
volume_quality=0.00434659
