epsilon_quality=0.0117599
volume_quality=0.00560242
