epsilon_quality=0.103491
volume_quality=0.181283
