epsilon_quality=0.0920234
volume_quality=0.290577
