epsilon_quality=0.0608282
volume_quality=0.0972344
