epsilon_quality=0.0185244
volume_quality=0.00440603
