epsilon_quality=0.158951
volume_quality=0.17522
