epsilon_quality=0.110662
volume_quality=0.133793
