epsilon_quality=0.127884
volume_quality=0.119891
