epsilon_quality=0.0938159
volume_quality=0.0588084
