epsilon_quality=0.0583059
volume_quality=0.042576
