epsilon_quality=0.0810199
volume_quality=0.0664366
