epsilon_quality=0.0970908
volume_quality=0.231498
