epsilon_quality=0.170304
volume_quality=0.296099
