epsilon_quality=0.0677933
volume_quality=0.036459
