epsilon_quality=0.183819
volume_quality=0.279466
