epsilon_quality=0.108741
volume_quality=0.125663
