epsilon_quality=0.0773574
volume_quality=0.0811782
