epsilon_quality=0.0398049
volume_quality=0.0257536
