epsilon_quality=0.0561591
volume_quality=0.0601904
