epsilon_quality=0.168727
volume_quality=0.788919
