epsilon_quality=0.270693
volume_quality=0.931757
