epsilon_quality=0.0404509
volume_quality=0.126954
