epsilon_quality=0.10177
volume_quality=0.0500776
