epsilon_quality=0.119765
volume_quality=0.103977
