epsilon_quality=0.0152391
volume_quality=0.000980057
