epsilon_quality=0.0291648
volume_quality=0.0140046
