epsilon_quality=0.0350141
volume_quality=0.00960011
