epsilon_quality=0.0129964
volume_quality=0.000189996
