epsilon_quality=0.0553012
volume_quality=0.0826843
