epsilon_quality=0.0755208
volume_quality=0.0575505
