epsilon_quality=0.128376
volume_quality=0.488677
