epsilon_quality=0.210221
volume_quality=0.324857
