epsilon_quality=0.131985
volume_quality=0.275623
