epsilon_quality=0.167714
volume_quality=0.460048
