epsilon_quality=0.0057738
volume_quality=0.0391362
