epsilon_quality=0.207301
volume_quality=0.590516
