epsilon_quality=0.0754333
volume_quality=0.157806
