epsilon_quality=0.210572
volume_quality=0.783927
