epsilon_quality=0.212956
volume_quality=1.41627
