epsilon_quality=0.0273957
volume_quality=0.0597393
