epsilon_quality=0.0809512
volume_quality=0.166835
