epsilon_quality=0.206923
volume_quality=0.283648
