epsilon_quality=0.0912576
volume_quality=0.13698
