epsilon_quality=0.118882
volume_quality=0.44466
