epsilon_quality=0.0946844
volume_quality=0.09968
