epsilon_quality=0.0420808
volume_quality=0.00220356
