epsilon_quality=0.0600678
volume_quality=0.0169094
