epsilon_quality=0.0114589
volume_quality=0.000394832
