epsilon_quality=0.0200656
volume_quality=0.00171081
