epsilon_quality=0.127283
volume_quality=0.0959944
