epsilon_quality=0.017495
volume_quality=0.00251509
