epsilon_quality=0.063496
volume_quality=0.0390515
