epsilon_quality=0.0746531
volume_quality=0.171333
