epsilon_quality=0.0232963
volume_quality=0.012621
