epsilon_quality=0.0181485
volume_quality=0.0715515
