epsilon_quality=0.0919276
volume_quality=0.299058
