epsilon_quality=0.0314272
volume_quality=0.0758254
