epsilon_quality=0.0676565
volume_quality=0.118696
