epsilon_quality=0.109288
volume_quality=0.0689219
