epsilon_quality=0.0892504
volume_quality=0.0434612
