epsilon_quality=0.014425
volume_quality=0.00204022
