epsilon_quality=0.11546
volume_quality=0.221631
