epsilon_quality=0.0669224
volume_quality=0.193484
