epsilon_quality=0.0246106
volume_quality=0.00519172
