epsilon_quality=0.0462267
volume_quality=0.0145723
