epsilon_quality=0.115466
volume_quality=0.0757819
