epsilon_quality=0.0926419
volume_quality=0.311399
