epsilon_quality=0.137795
volume_quality=0.203804
