epsilon_quality=0.0952459
volume_quality=0.0515753
