epsilon_quality=0.0421418
volume_quality=0.0384802
