epsilon_quality=0.0367027
volume_quality=0.0112257
