epsilon_quality=0.018142
volume_quality=0.00824642
