epsilon_quality=0.101782
volume_quality=0.201005
