epsilon_quality=0.057637
volume_quality=0.0664416
