epsilon_quality=0.0379297
volume_quality=0.0209843
