epsilon_quality=0.10606
volume_quality=0.169774
