epsilon_quality=0.149329
volume_quality=0.966482
