epsilon_quality=0.086196
volume_quality=0.0272752
