epsilon_quality=0.101115
volume_quality=0.0878279
