epsilon_quality=0.145929
volume_quality=0.283773
