epsilon_quality=0.072514
volume_quality=0.0383394
