epsilon_quality=0.0457539
volume_quality=0.00715316
