epsilon_quality=0.121668
volume_quality=0.169028
