epsilon_quality=0.0395654
volume_quality=0.0201147
