epsilon_quality=0.0587061
volume_quality=0.0457353
