epsilon_quality=0.0396189
volume_quality=0.390663
