epsilon_quality=0.0354542
volume_quality=0.0500133
