epsilon_quality=0.0425912
volume_quality=0.00519579
