epsilon_quality=0.025815
volume_quality=0.00198834
