epsilon_quality=0.0256404
volume_quality=0.00317236
