epsilon_quality=0.0740805
volume_quality=0.0326942
