epsilon_quality=0.110919
volume_quality=0.0383221
