epsilon_quality=0.0654126
volume_quality=0.107805
