epsilon_quality=0.0333465
volume_quality=0.00704697
