epsilon_quality=0.00687988
volume_quality=0.0274708
