epsilon_quality=0.121815
volume_quality=0.110116
