epsilon_quality=0.130072
volume_quality=0.0714882
