epsilon_quality=0.146838
volume_quality=0.263328
