epsilon_quality=0.134948
volume_quality=0.218131
