epsilon_quality=0.0163032
volume_quality=0.131715
