epsilon_quality=0.0250656
volume_quality=0.0344946
