epsilon_quality=0.101315
volume_quality=0.0765169
