epsilon_quality=0.103838
volume_quality=0.27921
