epsilon_quality=0.330784
volume_quality=1.31698
