epsilon_quality=0.0735941
volume_quality=0.477319
