epsilon_quality=0.0492327
volume_quality=0.726191
