epsilon_quality=0.0673248
volume_quality=0.0746063
