epsilon_quality=0.197022
volume_quality=0.350439
