epsilon_quality=0.129097
volume_quality=0.369211
