epsilon_quality=0.0582993
volume_quality=0.0672086
