epsilon_quality=0.0232798
volume_quality=0.635317
