epsilon_quality=0.0864387
volume_quality=0.13272
