epsilon_quality=0.0203695
volume_quality=0.0189937
