epsilon_quality=0.0707622
volume_quality=0.0674939
