epsilon_quality=0.0462375
volume_quality=0.213777
