epsilon_quality=0.0688237
volume_quality=0.239419
