epsilon_quality=0.177013
volume_quality=0.209345
