epsilon_quality=0.118892
volume_quality=0.365322
