epsilon_quality=0.0712031
volume_quality=0.0718135
