epsilon_quality=0.128097
volume_quality=0.207505
