epsilon_quality=0.151996
volume_quality=0.232225
