epsilon_quality=0.0145714
volume_quality=0.0401459
