gpsEpsilon=81.9285
gpsVolume=33.0152
mQualEpsilon=0.0138997
mQualVolume=0.0064165
new_planned_energy=73.1583
