gpsEpsilon=64.0105
gpsVolume=34.8409
mQualEpsilon=0.00168239
mQualVolume=0.00694732
new_planned_energy=77.586
