gpsEpsilon=65.7088
gpsVolume=42.4411
mQualEpsilon=0.0578243
mQualVolume=0.022026
new_planned_energy=32.4561
