gpsEpsilon=2.37231e-316
gpsVolume=2.47373e-316
mQualEpsilon=-1
mQualVolume=0.000465651
new_planned_energy=106.319
