gpsEpsilon=2.37231e-316
gpsVolume=2.56403e-316
mQualEpsilon=-1
mQualVolume=9.13681e-05
new_planned_energy=79.6608
