gpsEpsilon=2.47563e-316
gpsVolume=3.01032e-316
mQualEpsilon=0.00410404
mQualVolume=0.00179547
new_planned_energy=101.415
