gpsEpsilon=131.225
gpsVolume=125.96
mQualEpsilon=0.0419433
mQualVolume=0.0238182
new_planned_energy=66.264
