gpsEpsilon=101.206
gpsVolume=46.6448
mQualEpsilon=0.0510917
mQualVolume=0.0211201
new_planned_energy=62.8825
