gpsEpsilon=22.9517
gpsVolume=20.9989
mQualEpsilon=0.0998324
mQualVolume=0.021986
new_planned_energy=33.9566
