gpsEpsilon=22.612
gpsVolume=19.4279
mQualEpsilon=0.0223995
mQualVolume=0.00646543
new_planned_energy=45.9391
