gpsEpsilon=62.0997
gpsVolume=35.7325
mQualEpsilon=0.105031
mQualVolume=0.0382153
new_planned_energy=67.2407
