gpsEpsilon=65.8787
gpsVolume=36.7091
mQualEpsilon=0.0488132
mQualVolume=0.00437903
new_planned_energy=58.8499
