epsilon_quality=0.0112312
volume_quality=0.0119844
