epsilon_quality=0.196117
volume_quality=0.199435
