epsilon_quality=0.0600974
volume_quality=0.100955
