epsilon_quality=0.0162192
volume_quality=0.369094
