epsilon_quality=0.205871
volume_quality=0.81198
