epsilon_quality=0.0442449
volume_quality=0.0927627
