epsilon_quality=0.283675
volume_quality=1.60325
