epsilon_quality=0.033491
volume_quality=0.0503177
