epsilon_quality=0.0367576
volume_quality=0.490656
