epsilon_quality=0.133244
volume_quality=0.656828
