epsilon_quality=0.0921738
volume_quality=0.126354
