epsilon_quality=0.0243328
volume_quality=0.0580121
