epsilon_quality=0.130438
volume_quality=0.343086
