epsilon_quality=0.04606
volume_quality=0.0837864
