epsilon_quality=0.0212427
volume_quality=0.00602743
