epsilon_quality=0.179727
volume_quality=0.167502
