epsilon_quality=0.110534
volume_quality=0.277544
