epsilon_quality=0.0975782
volume_quality=0.173153
