epsilon_quality=0.128817
volume_quality=0.0589306
