epsilon_quality=0.101076
volume_quality=0.150328
