epsilon_quality=0.100129
volume_quality=0.109129
