epsilon_quality=0.050229
volume_quality=0.0862309
