epsilon_quality=0.0382448
volume_quality=0.493257
