epsilon_quality=0.273746
volume_quality=1.53559
