epsilon_quality=0.0528513
volume_quality=0.551073
