epsilon_quality=0.107892
volume_quality=0.502314
