epsilon_quality=0.20797
volume_quality=0.710663
