epsilon_quality=0.0585182
volume_quality=0.225246
