epsilon_quality=0.243603
volume_quality=0.63468
