epsilon_quality=0.0584043
volume_quality=0.149769
