epsilon_quality=0.168108
volume_quality=0.508314
