epsilon_quality=0.0547043
volume_quality=0.146734
