epsilon_quality=0.241051
volume_quality=0.698691
