epsilon_quality=0.0857404
volume_quality=0.363396
