epsilon_quality=0.0239421
volume_quality=0.0151714
