epsilon_quality=0.19195
volume_quality=0.489822
