epsilon_quality=0.095033
volume_quality=0.0780548
