epsilon_quality=0.0541161
volume_quality=0.0441712
