epsilon_quality=0.0720329
volume_quality=0.0664544
