epsilon_quality=0.066182
volume_quality=0.0682662
