epsilon_quality=0.0874347
volume_quality=0.171112
