epsilon_quality=0.0592144
volume_quality=0.275799
