epsilon_quality=0.108955
volume_quality=0.249886
