epsilon_quality=0.0998854
volume_quality=0.156747
