epsilon_quality=0.0385372
volume_quality=0.0211942
