epsilon_quality=0.00688916
volume_quality=0.267717
