epsilon_quality=0.0246961
volume_quality=0.0547449
