epsilon_quality=0.00804081
volume_quality=0.0275331
