epsilon_quality=0.144747
volume_quality=0.155467
