epsilon_quality=0.132262
volume_quality=0.297856
