epsilon_quality=0.117198
volume_quality=0.172115
