epsilon_quality=0.105463
volume_quality=0.177273
