epsilon_quality=0.119743
volume_quality=0.0607893
