epsilon_quality=0.110304
volume_quality=0.0767133
