epsilon_quality=0.154411
volume_quality=0.403499
