epsilon_quality=0.0386805
volume_quality=0.0414086
