epsilon_quality=0.226401
volume_quality=0.330443
