epsilon_quality=0.0541337
volume_quality=0.0126795
