epsilon_quality=0.049108
volume_quality=0.0266953
