epsilon_quality=0.149067
volume_quality=0.125037
