epsilon_quality=0.0768475
volume_quality=0.0406917
