epsilon_quality=0.154053
volume_quality=0.115676
