epsilon_quality=0.0546988
volume_quality=0.115127
