epsilon_quality=0.147722
volume_quality=0.178611
