epsilon_quality=0.0201214
volume_quality=0.0110136
