epsilon_quality=0.108952
volume_quality=0.446153
