epsilon_quality=0.211745
volume_quality=0.588522
