epsilon_quality=0.0900003
volume_quality=0.165277
