epsilon_quality=0.0723904
volume_quality=0.257063
