epsilon_quality=0.267755
volume_quality=0.418209
