epsilon_quality=0.128408
volume_quality=0.423754
