epsilon_quality=0.0348879
volume_quality=0.225895
