epsilon_quality=0.0982354
volume_quality=0.0822484
