epsilon_quality=0.117412
volume_quality=0.0643858
