epsilon_quality=0.116508
volume_quality=0.376579
