epsilon_quality=0.0456798
volume_quality=0.0981168
