epsilon_quality=0.0779382
volume_quality=0.0732686
