epsilon_quality=0.121045
volume_quality=0.0640433
