epsilon_quality=0.0814877
volume_quality=0.10143
