epsilon_quality=0.070496
volume_quality=0.0171976
