epsilon_quality=0.0197925
volume_quality=0.00217407
