epsilon_quality=0.0273901
volume_quality=0.00182088
