epsilon_quality=0.0375652
volume_quality=0.00563367
