epsilon_quality=0.049132
volume_quality=0.00721498
