epsilon_quality=0.0291689
volume_quality=0.00395973
