epsilon_quality=0.00959719
volume_quality=0.364468
