epsilon_quality=0.217255
volume_quality=1.10508
