epsilon_quality=0.189411
volume_quality=1.24853
