epsilon_quality=0.0542626
volume_quality=0.0990299
