epsilon_quality=0.22452
volume_quality=0.944828
