epsilon_quality=0.164758
volume_quality=0.323144
