epsilon_quality=0.110137
volume_quality=0.0803986
