epsilon_quality=0.0824949
volume_quality=0.113396
