epsilon_quality=0.028642
volume_quality=0.118584
