epsilon_quality=0.0321869
volume_quality=0.504473
