epsilon_quality=0.0755876
volume_quality=0.159786
