epsilon_quality=0.0807542
volume_quality=0.0956558
