epsilon_quality=0.0898725
volume_quality=0.124159
