epsilon_quality=0.0766721
volume_quality=0.0485396
