epsilon_quality=0.065746
volume_quality=0.101446
