epsilon_quality=0.228827
volume_quality=0.786206
