epsilon_quality=0.0151552
volume_quality=0.0153165
