epsilon_quality=0.0787494
volume_quality=0.10191
