epsilon_quality=0.115419
volume_quality=0.605216
