epsilon_quality=0.129268
volume_quality=0.401977
