epsilon_quality=0.10729
volume_quality=0.390997
