gpsEpsilon=34.716
gpsVolume=44.2907
mQualEpsilon=0.0421896
mQualVolume=0.00663312
new_planned_energy=85.3473
