gpsEpsilon=34.1391
gpsVolume=43.8523
mQualEpsilon=0.0475545
mQualVolume=0.0026394
new_planned_energy=40.9673
