gpsEpsilon=34.6441
gpsVolume=44.1312
mQualEpsilon=0.0144254
mQualVolume=0.00342035
new_planned_energy=54.4056
