gpsEpsilon=35.7396
gpsVolume=43.717
mQualEpsilon=0.0019552
mQualVolume=0.00276001
new_planned_energy=28.5953
