gpsEpsilon=35.5691
gpsVolume=43.5988
mQualEpsilon=0.0444984
mQualVolume=0.00191464
new_planned_energy=76.9396
