gpsEpsilon=34.274
gpsVolume=43.7467
mQualEpsilon=0.0224608
mQualVolume=0.00342684
new_planned_energy=26.7755
