gpsEpsilon=33.9118
gpsVolume=44.1381
mQualEpsilon=0.00874928
mQualVolume=0.00223399
new_planned_energy=71.9762
