gpsEpsilon=34.6095
gpsVolume=43.881
mQualEpsilon=0.0076363
mQualVolume=0.0012382
new_planned_energy=63.6007
