gpsEpsilon=33.7236
gpsVolume=44.3532
mQualEpsilon=0.02037
mQualVolume=0.00235551
new_planned_energy=77.6305
