epsilon_quality=0.249214
volume_quality=0.534374
