epsilon_quality=0.197738
volume_quality=0.619663
