epsilon_quality=0.310677
volume_quality=1.23514
