epsilon_quality=0.00804781
volume_quality=0.028886
