epsilon_quality=0.097253
volume_quality=0.233264
