epsilon_quality=0.177716
volume_quality=0.152153
