epsilon_quality=0.222554
volume_quality=0.359535
