epsilon_quality=0.221669
volume_quality=0.551753
