epsilon_quality=0.265621
volume_quality=1.54425
