epsilon_quality=0.0950584
volume_quality=0.447936
