epsilon_quality=0.177531
volume_quality=0.35183
