epsilon_quality=0.0605617
volume_quality=0.0569721
