epsilon_quality=0.117611
volume_quality=0.378951
