epsilon_quality=0.00151029
volume_quality=0.0714178
