epsilon_quality=0.0239917
volume_quality=0.00698409
