epsilon_quality=0.108172
volume_quality=0.0756151
