epsilon_quality=0.0267252
volume_quality=0.0563138
