epsilon_quality=0.0337793
volume_quality=0.0109647
