epsilon_quality=0.00875358
volume_quality=0.00101794
