epsilon_quality=0.0165791
volume_quality=0.00300569
