epsilon_quality=0.0482677
volume_quality=0.0194394
