epsilon_quality=0.0993933
volume_quality=0.0728775
