epsilon_quality=0.0713157
volume_quality=0.0452017
