epsilon_quality=0.0288035
volume_quality=0.00295202
