epsilon_quality=0.0705157
volume_quality=0.158878
