epsilon_quality=0.0765848
volume_quality=0.0655549
