epsilon_quality=0.169732
volume_quality=0.320718
