epsilon_quality=0.0152895
volume_quality=0.00899209
