epsilon_quality=0.025776
volume_quality=0.001094
