epsilon_quality=0.148065
volume_quality=0.0946932
