epsilon_quality=0.0306589
volume_quality=0.00398982
