epsilon_quality=0.0693407
volume_quality=0.106438
