epsilon_quality=0.139497
volume_quality=0.291632
