epsilon_quality=0.116631
volume_quality=0.133043
