epsilon_quality=0.0530091
volume_quality=0.0904455
