epsilon_quality=0.105079
volume_quality=0.0580739
