gpsEpsilon=0
gpsVolume=2.42092e-322
mQualEpsilon=1.68172
mQualVolume=47.1067
new_planned_energy=44.8768
