gpsEpsilon=2.54639e-313
gpsVolume=2.42092e-322
mQualEpsilon=1.59136
mQualVolume=50.2564
new_planned_energy=14.6719
