gpsEpsilon=1.57277e-315
gpsVolume=2.42092e-322
mQualEpsilon=-1
mQualVolume=0
new_planned_energy=22.046
