gpsEpsilon=1.57277e-315
gpsVolume=2.42092e-322
mQualEpsilon=1.7297
mQualVolume=44.3517
new_planned_energy=-1.7297
