gpsEpsilon=1.57277e-315
gpsVolume=2.42092e-322
mQualEpsilon=1.67806
mQualVolume=44.9152
new_planned_energy=43.171
