gpsEpsilon=0
gpsVolume=2.42092e-322
mQualEpsilon=1.64487
mQualVolume=47.2795
new_planned_energy=25.064
