gpsEpsilon=0.597482
gpsVolume=2.42092e-322
mQualEpsilon=1.9133
mQualVolume=57.3842
new_planned_energy=-1.9133
