gpsEpsilon=0.597482
gpsVolume=2.42092e-322
mQualEpsilon=1.89039
mQualVolume=57.0803
new_planned_energy=-1.89039
