gpsEpsilon=0.597482
gpsVolume=2.42092e-322
mQualEpsilon=-1
mQualVolume=0.00790962
new_planned_energy=20.1498
