gpsEpsilon=0.597482
gpsVolume=2.42092e-322
mQualEpsilon=1.91999
mQualVolume=57.2908
new_planned_energy=-1.91999
