gpsEpsilon=0.597482
gpsVolume=2.42092e-322
mQualEpsilon=1.91757
mQualVolume=57.3596
new_planned_energy=-1.91757
