gpsEpsilon=140.073
gpsVolume=26.6652
mQualEpsilon=1.11129
mQualVolume=43.6644
new_planned_energy=-1.11129
