gpsEpsilon=-0.645985
gpsVolume=2.42092e-322
mQualEpsilon=1.85351
mQualVolume=47.6803
new_planned_energy=-1.85351
