gpsEpsilon=-0.645985
gpsVolume=2.42092e-322
mQualEpsilon=1.77625
mQualVolume=44.2816
new_planned_energy=-1.77625
