gpsEpsilon=-0.645985
gpsVolume=2.42092e-322
mQualEpsilon=1.79549
mQualVolume=47.8959
new_planned_energy=-1.79549
