gpsEpsilon=-0.645985
gpsVolume=2.42092e-322
mQualEpsilon=0.0313257
mQualVolume=0.00358928
new_planned_energy=28.4505
