gpsEpsilon=-0.645985
gpsVolume=2.42092e-322
mQualEpsilon=1.78916
mQualVolume=47.7473
new_planned_energy=-1.78916
