gpsEpsilon=-0.651188
gpsVolume=2.42092e-322
mQualEpsilon=1.31767
mQualVolume=44.7173
new_planned_energy=-1.31767
