gpsEpsilon=-0.651188
gpsVolume=2.42092e-322
mQualEpsilon=1.33264
mQualVolume=44.9896
new_planned_energy=19.3648
