gpsEpsilon=-0.651188
gpsVolume=2.42092e-322
mQualEpsilon=1.3378
mQualVolume=45.0638
new_planned_energy=-1.3378
