gpsEpsilon=-0.651188
gpsVolume=2.42092e-322
mQualEpsilon=-1
mQualVolume=0.00258312
new_planned_energy=14.0897
