gpsEpsilon=-0.651188
gpsVolume=2.42092e-322
mQualEpsilon=1.40652
mQualVolume=45.608
new_planned_energy=-1.40652
