gpsEpsilon=-0.651188
gpsVolume=2.42092e-322
mQualEpsilon=-1
mQualVolume=0.00550326
new_planned_energy=46.153
