gpsEpsilon=0
gpsVolume=2.42092e-322
mQualEpsilon=0.000957549
mQualVolume=0.00685357
new_planned_energy=25.1389
