gpsEpsilon=-0.651188
gpsVolume=2.42092e-322
mQualEpsilon=1.86064
mQualVolume=47.0171
new_planned_energy=-1.86064
