gpsEpsilon=-0.651188
gpsVolume=2.42092e-322
mQualEpsilon=1.87521
mQualVolume=47.1104
new_planned_energy=-1.87521
