gpsEpsilon=-0.651188
gpsVolume=2.42092e-322
mQualEpsilon=0.00898169
mQualVolume=0.00162628
new_planned_energy=12.1647
