epsilon_quality=0.0586943
volume_quality=0.304064
