epsilon_quality=0.0992682
volume_quality=0.116338
