epsilon_quality=0.0615005
volume_quality=0.10299
