epsilon_quality=0.0328906
volume_quality=0.00216896
