epsilon_quality=0.0420128
volume_quality=0.0037608
