epsilon_quality=0.022261
volume_quality=0.0014221
