epsilon_quality=0.126812
volume_quality=0.192664
