epsilon_quality=0.226784
volume_quality=0.595748
