epsilon_quality=0.0207864
volume_quality=0.0152036
