epsilon_quality=0.100929
volume_quality=0.0256143
