epsilon_quality=0.124495
volume_quality=0.0916908
