epsilon_quality=0.0854545
volume_quality=0.0625583
