epsilon_quality=0.0430284
volume_quality=0.0463578
