epsilon_quality=0.103367
volume_quality=0.122633
