epsilon_quality=0.145259
volume_quality=0.314873
