epsilon_quality=0.0132138
volume_quality=0.020656
