epsilon_quality=0.0302501
volume_quality=0.867742
