epsilon_quality=0.103468
volume_quality=0.495016
