epsilon_quality=0.176752
volume_quality=0.235212
