epsilon_quality=0.0600927
volume_quality=0.119954
