epsilon_quality=0.178338
volume_quality=0.730608
