epsilon_quality=0.025959
volume_quality=0.257676
