epsilon_quality=0.039777
volume_quality=0.0207503
