epsilon_quality=0.231101
volume_quality=0.489319
