epsilon_quality=0.218636
volume_quality=0.381498
