epsilon_quality=0.0169121
volume_quality=0.0980647
