epsilon_quality=0.0360033
volume_quality=0.0323241
