epsilon_quality=0.290693
volume_quality=1.03379
