epsilon_quality=0.0219789
volume_quality=0.0121996
