epsilon_quality=0.165443
volume_quality=0.270786
