epsilon_quality=0.0662066
volume_quality=0.141488
