epsilon_quality=0.0963982
volume_quality=0.0467634
