epsilon_quality=0.0499216
volume_quality=0.305848
