epsilon_quality=0.155708
volume_quality=0.466265
