epsilon_quality=0.0797754
volume_quality=0.057982
