epsilon_quality=0.154227
volume_quality=0.224753
