epsilon_quality=0.0346736
volume_quality=0.00318869
