epsilon_quality=0.0982269
volume_quality=0.0657402
