epsilon_quality=0.135088
volume_quality=0.345067
