epsilon_quality=0.0350466
volume_quality=0.0127756
