epsilon_quality=0.112517
volume_quality=0.0632234
