epsilon_quality=0.0364852
volume_quality=0.00994871
