epsilon_quality=0.23257
volume_quality=0.540636
