epsilon_quality=0.108424
volume_quality=0.131407
