epsilon_quality=0.301324
volume_quality=0.676311
