epsilon_quality=0.0106511
volume_quality=0.0102469
