epsilon_quality=0.0877919
volume_quality=0.0452502
