epsilon_quality=0.031395
volume_quality=0.0595512
