epsilon_quality=0.0275539
volume_quality=0.00487395
