epsilon_quality=0.0200167
volume_quality=0.00419526
