epsilon_quality=0.0272509
volume_quality=0.0355211
