epsilon_quality=0.0268219
volume_quality=0.00178212
