epsilon_quality=0.0376982
volume_quality=0.02647
