epsilon_quality=0.0304527
volume_quality=0.0100838
