epsilon_quality=0.0795675
volume_quality=0.0588655
