gpsEpsilon=114.727
gpsVolume=93.0547
mQualEpsilon=0.0458991
mQualVolume=0.00322371
new_planned_energy=11.7034
