gpsEpsilon=20.9529
gpsVolume=78.0311
mQualEpsilon=1.55928
mQualVolume=48.2476
new_planned_energy=-1.55928
