gpsEpsilon=18.0075
gpsVolume=86.6333
mQualEpsilon=0.0166737
mQualVolume=0.00433405
new_planned_energy=32.2988
