gpsEpsilon=15.073
gpsVolume=80.5147
mQualEpsilon=0.0633226
mQualVolume=0.00629632
new_planned_energy=25.8692
