gpsEpsilon=12.1509
gpsVolume=78.5376
mQualEpsilon=1.63301
mQualVolume=48.7626
new_planned_energy=-1.63301
