gpsEpsilon=12.1509
gpsVolume=78.5376
mQualEpsilon=0.0312456
mQualVolume=0.000948955
new_planned_energy=18.4389
