gpsEpsilon=12.1509
gpsVolume=78.5376
mQualEpsilon=1.47979
mQualVolume=47.4621
new_planned_energy=-1.47979
