gpsEpsilon=12.1509
gpsVolume=78.5376
mQualEpsilon=1.40419
mQualVolume=44.197
new_planned_energy=-1.40419
