gpsEpsilon=12.1509
gpsVolume=78.5376
mQualEpsilon=1.55022
mQualVolume=48.3046
new_planned_energy=-1.55022
