gpsEpsilon=1.15379e-315
gpsVolume=9.06589e-316
mQualEpsilon=-1
mQualVolume=0.00170211
new_planned_energy=62.7882
