gpsEpsilon=7.32676e-316
gpsVolume=1.97626e-323
mQualEpsilon=1.5653
mQualVolume=57.4802
new_planned_energy=-1.5653
