gpsEpsilon=7.32676e-316
gpsVolume=1.97626e-323
mQualEpsilon=1.54785
mQualVolume=53.5746
new_planned_energy=-1.54785
