gpsEpsilon=7.32676e-316
gpsVolume=1.97626e-323
mQualEpsilon=1.56639
mQualVolume=57.5454
new_planned_energy=19.6417
