gpsEpsilon=1.39313e-315
gpsVolume=6.95335e-310
mQualEpsilon=1.45463
mQualVolume=44.8212
new_planned_energy=-1.45463
