gpsEpsilon=1.39313e-315
gpsVolume=6.95335e-310
mQualEpsilon=-1
mQualVolume=0.00230251
new_planned_energy=12.693
