gpsEpsilon=1.39313e-315
gpsVolume=6.95335e-310
mQualEpsilon=1.52963
mQualVolume=47.6105
new_planned_energy=26.2052
