gpsEpsilon=1.3777e-315
gpsVolume=6.95335e-310
mQualEpsilon=1.48594
mQualVolume=46.7761
new_planned_energy=-1.48594
