gpsEpsilon=1.3777e-315
gpsVolume=6.95335e-310
mQualEpsilon=-1
mQualVolume=0.00343116
new_planned_energy=30.1768
