gpsEpsilon=1.071e-315
gpsVolume=1.07118e-315
mQualEpsilon=-1
mQualVolume=0.00672272
new_planned_energy=50.329
