gpsEpsilon=202.36
gpsVolume=76.6493
mQualEpsilon=0.0056472
mQualVolume=0.00204676
new_planned_energy=51.1069
