gpsEpsilon=239.355
gpsVolume=78.9369
mQualEpsilon=0.017346
mQualVolume=0.00299008
new_planned_energy=28.1909
