epsilon_quality=0.0393262
volume_quality=0.0145519
