epsilon_quality=0.194879
volume_quality=0.322626
