epsilon_quality=0.0622748
volume_quality=0.0408258
