epsilon_quality=0.069117
volume_quality=0.435155
