epsilon_quality=0.10739
volume_quality=0.0535481
