epsilon_quality=0.0781664
volume_quality=0.0594012
