epsilon_quality=0.0358165
volume_quality=0.0287702
