epsilon_quality=0.118948
volume_quality=0.334122
