epsilon_quality=0.0459312
volume_quality=0.0418835
