epsilon_quality=0.0405715
volume_quality=0.0235742
