epsilon_quality=0.0349551
volume_quality=1.22017
