epsilon_quality=0.00722972
volume_quality=0.117319
