epsilon_quality=0.195588
volume_quality=0.28245
