epsilon_quality=0.31893
volume_quality=2.16295
