epsilon_quality=0.130993
volume_quality=0.120943
