epsilon_quality=0.100865
volume_quality=0.107666
