epsilon_quality=0.0426377
volume_quality=0.0307968
