epsilon_quality=0.0061561
volume_quality=0.0171333
