epsilon_quality=0.0998195
volume_quality=0.0410807
