epsilon_quality=0.0665138
volume_quality=0.220315
