epsilon_quality=0.12657
volume_quality=1.12096
