epsilon_quality=0.0763034
volume_quality=0.0460516
