epsilon_quality=0.0565293
volume_quality=0.0257543
