epsilon_quality=0.0463149
volume_quality=0.0374142
