gpsEpsilon=16.5417
gpsVolume=57.5389
mQualEpsilon=0.0244644
mQualVolume=0.000275384
new_planned_energy=120.222
