gpsEpsilon=11.3506
gpsVolume=115.963
mQualEpsilon=0.0198212
mQualVolume=0.00562026
new_planned_energy=38.929
