gpsEpsilon=22.3114
gpsVolume=34.3162
mQualEpsilon=0.00732405
mQualVolume=0.00556625
new_planned_energy=14.4924
