gpsEpsilon=38.3324
gpsVolume=94.7811
mQualEpsilon=0.0298919
mQualVolume=0.00214725
new_planned_energy=54.4466
