gpsEpsilon=39.2377
gpsVolume=94.0252
mQualEpsilon=0.00929333
mQualVolume=0.00501626
new_planned_energy=44.5188
