gpsEpsilon=67.1573
gpsVolume=111.261
mQualEpsilon=0.000942336
mQualVolume=0.00723247
new_planned_energy=48.1965
