gpsEpsilon=1.01437e-315
gpsVolume=-0.217168
mQualEpsilon=0.032185
mQualVolume=0.00695073
new_planned_energy=75.0686
