gpsEpsilon=50.2199
gpsVolume=87.7702
mQualEpsilon=0.0466956
mQualVolume=0.00366525
new_planned_energy=17.1461
