gpsEpsilon=247.65
gpsVolume=75.6453
mQualEpsilon=0.0374103
mQualVolume=0.00178962
new_planned_energy=42.6521
