epsilon_quality=0.0709175
volume_quality=0.0497637
