epsilon_quality=0.309056
volume_quality=0.668123
