epsilon_quality=0.101712
volume_quality=0.288915
