gpsEpsilon=0
gpsVolume=0
mQualEpsilon=0.0102385
mQualVolume=0.000269943
new_planned_energy=111.179
