gpsEpsilon=1.35455e-315
gpsVolume=0
mQualEpsilon=-1
mQualVolume=0.000468621
new_planned_energy=76.3454
