gpsEpsilon=15.9863
gpsVolume=238.949
mQualEpsilon=0.016965
mQualVolume=0.00204616
new_planned_energy=58.3877
