gpsEpsilon=-0.0288243
gpsVolume=9.29831e-316
mQualEpsilon=-1
mQualVolume=0.00655596
new_planned_energy=69.466
