gpsEpsilon=1.3926e-315
gpsVolume=0
mQualEpsilon=0.0318757
mQualVolume=0.010881
new_planned_energy=60.1945
