gpsEpsilon=1.26651e-315
gpsVolume=0
mQualEpsilon=-1
mQualVolume=0.00304494
new_planned_energy=72.9901
