gpsEpsilon=1.36469e-315
gpsVolume=0
mQualEpsilon=0.0589678
mQualVolume=0.0201825
new_planned_energy=26.4333
