gpsEpsilon=15.5894
gpsVolume=188.816
mQualEpsilon=0.02534
mQualVolume=0.00378372
new_planned_energy=62.0351
