gpsEpsilon=10.7333
gpsVolume=-3.74397
mQualEpsilon=1.56242
mQualVolume=46.7484
new_planned_energy=32.8464
