gpsEpsilon=23.8441
gpsVolume=-0.0162074
mQualEpsilon=-1
mQualVolume=0.00403016
new_planned_energy=34.7029
