epsilon_quality=0.124001
volume_quality=0.133394
