epsilon_quality=0.089758
volume_quality=0.167106
