epsilon_quality=0.0798192
volume_quality=0.252743
