epsilon_quality=0.160098
volume_quality=0.358848
