epsilon_quality=0.0431997
volume_quality=0.0177416
