epsilon_quality=0.0684472
volume_quality=0.123089
