epsilon_quality=0.0344867
volume_quality=0.03808
