epsilon_quality=0.182813
volume_quality=0.542895
