epsilon_quality=0.0959546
volume_quality=0.110199
