epsilon_quality=0.30536
volume_quality=1.53543
