epsilon_quality=0.0128909
volume_quality=0.0232005
