epsilon_quality=0.16485
volume_quality=0.138861
