epsilon_quality=0.194798
volume_quality=0.198394
