epsilon_quality=0.0379269
volume_quality=0.01605
