epsilon_quality=0.119317
volume_quality=0.200785
