epsilon_quality=0.0235311
volume_quality=0.0367758
