epsilon_quality=0.0492494
volume_quality=0.0301778
