epsilon_quality=0.13624
volume_quality=0.20421
