epsilon_quality=0.109878
volume_quality=0.0731225
