epsilon_quality=0.169119
volume_quality=0.700611
