epsilon_quality=0.059642
volume_quality=0.0794444
