epsilon_quality=0.0431878
volume_quality=0.445187
