epsilon_quality=0.00892492
volume_quality=0.106569
