epsilon_quality=0.0571023
volume_quality=0.23793
