epsilon_quality=0.0252357
volume_quality=0.00310795
