epsilon_quality=0.139859
volume_quality=0.117297
