epsilon_quality=0.118279
volume_quality=0.210546
