epsilon_quality=0.0613751
volume_quality=0.222579
