epsilon_quality=0.235267
volume_quality=1.01037
