epsilon_quality=0.271698
volume_quality=0.813054
