epsilon_quality=0.0281899
volume_quality=0.0785171
