epsilon_quality=0.213425
volume_quality=0.404408
