epsilon_quality=0.0781133
volume_quality=0.126374
