epsilon_quality=0.316129
volume_quality=0.830532
