epsilon_quality=0.010699
volume_quality=0.00372517
