epsilon_quality=0.216174
volume_quality=0.494309
