epsilon_quality=0.0450768
volume_quality=0.0262619
