epsilon_quality=0.167698
volume_quality=0.279655
