epsilon_quality=0.0886824
volume_quality=0.240664
