epsilon_quality=0.0851961
volume_quality=0.183288
