epsilon_quality=0.0349737
volume_quality=0.0460376
