epsilon_quality=0.029944
volume_quality=0.0132176
