epsilon_quality=0.0114191
volume_quality=0.00280495
