epsilon_quality=0.0249278
volume_quality=0.00743673
