epsilon_quality=0.0611596
volume_quality=0.0788942
