epsilon_quality=0.214271
volume_quality=1.28717
