epsilon_quality=0.192264
volume_quality=0.988362
