epsilon_quality=0.236374
volume_quality=0.342562
