epsilon_quality=0.283723
volume_quality=0.55128
