epsilon_quality=0.0198712
volume_quality=0.00435939
