epsilon_quality=0.0335471
volume_quality=0.00526793
