epsilon_quality=0.0404862
volume_quality=0.0216134
