epsilon_quality=0.0574097
volume_quality=0.028339
