epsilon_quality=0.0892486
volume_quality=0.0917192
