epsilon_quality=0.213746
volume_quality=0.854759
