epsilon_quality=0.122189
volume_quality=0.0684901
