epsilon_quality=0.122868
volume_quality=0.965599
