epsilon_quality=0.0374259
volume_quality=0.0269517
