epsilon_quality=0.144891
volume_quality=0.178566
