epsilon_quality=0.147481
volume_quality=0.195767
