epsilon_quality=0.024841
volume_quality=0.0520858
