epsilon_quality=0.139697
volume_quality=0.408882
