epsilon_quality=0.122333
volume_quality=0.172615
