epsilon_quality=0.0656117
volume_quality=0.0254525
