epsilon_quality=0.0789024
volume_quality=0.124236
