epsilon_quality=0.188004
volume_quality=0.213702
