epsilon_quality=0.129987
volume_quality=0.277073
