epsilon_quality=0.0792425
volume_quality=0.0308457
