epsilon_quality=0.204476
volume_quality=0.587576
