epsilon_quality=0.200874
volume_quality=0.818515
