epsilon_quality=0.0484746
volume_quality=0.040909
