epsilon_quality=0.0862162
volume_quality=0.106892
