epsilon_quality=0.177909
volume_quality=0.503938
