epsilon_quality=0.0198582
volume_quality=0.156335
