epsilon_quality=0.0798879
volume_quality=0.112959
