epsilon_quality=0.147672
volume_quality=0.19859
