epsilon_quality=0.123178
volume_quality=0.149714
