epsilon_quality=0.0397702
volume_quality=0.0611067
