epsilon_quality=0.111638
volume_quality=0.197857
