epsilon_quality=0.0510672
volume_quality=0.00448193
