epsilon_quality=0.0296167
volume_quality=0.00100782
