epsilon_quality=0.129737
volume_quality=0.103671
