epsilon_quality=0.162186
volume_quality=0.129018
