epsilon_quality=0.30247
volume_quality=0.74895
