epsilon_quality=0.0816266
volume_quality=0.0227349
