epsilon_quality=0.0328964
volume_quality=0.046321
