epsilon_quality=0.109388
volume_quality=0.127706
