epsilon_quality=0.00192948
volume_quality=0.0171591
