epsilon_quality=0.0588793
volume_quality=0.15488
