epsilon_quality=0.138339
volume_quality=0.156654
