epsilon_quality=0.0159884
volume_quality=0.00260416
