epsilon_quality=0.0467703
volume_quality=0.035737
