epsilon_quality=0.141512
volume_quality=0.168219
