epsilon_quality=0.23395
volume_quality=0.243583
