epsilon_quality=0.162931
volume_quality=0.17437
