epsilon_quality=0.0517864
volume_quality=0.036687
