epsilon_quality=0.0746477
volume_quality=0.534389
