epsilon_quality=0.00675274
volume_quality=0.0514251
