epsilon_quality=0.0913058
volume_quality=0.198119
