epsilon_quality=0.0404249
volume_quality=0.0706971
