epsilon_quality=0.146269
volume_quality=0.144021
