epsilon_quality=0.0382605
volume_quality=0.0635047
