epsilon_quality=0.239835
volume_quality=1.32881
