epsilon_quality=0.22043
volume_quality=1.21276
