epsilon_quality=0.223428
volume_quality=1.06593
