epsilon_quality=0.13419
volume_quality=0.922418
