epsilon_quality=0.0671378
volume_quality=0.0190862
