epsilon_quality=0.141442
volume_quality=0.214996
