epsilon_quality=0.161772
volume_quality=0.283485
