epsilon_quality=0.047084
volume_quality=0.00338987
