epsilon_quality=0.127482
volume_quality=0.170254
