epsilon_quality=0.166831
volume_quality=0.166188
