epsilon_quality=0.0650115
volume_quality=0.0172345
