epsilon_quality=0.0453664
volume_quality=0.00785302
