epsilon_quality=0.0595542
volume_quality=0.042906
