epsilon_quality=0.0313702
volume_quality=0.0164667
