epsilon_quality=0.0220103
volume_quality=0.0071643
