epsilon_quality=0.0542476
volume_quality=0.0595185
