epsilon_quality=0.102474
volume_quality=0.128536
