epsilon_quality=0.0766451
volume_quality=0.100657
