epsilon_quality=0.0156691
volume_quality=0.00371697
