epsilon_quality=0.0670023
volume_quality=0.0738049
