epsilon_quality=0.103553
volume_quality=0.151555
