epsilon_quality=0.0505689
volume_quality=0.233073
