epsilon_quality=0.182337
volume_quality=0.525968
