epsilon_quality=0.226762
volume_quality=0.702497
