epsilon_quality=0.0366997
volume_quality=0.00859173
