epsilon_quality=0.00960341
volume_quality=0.0391198
