epsilon_quality=0.13256
volume_quality=0.0987618
