epsilon_quality=0.236466
volume_quality=1.34775
