epsilon_quality=0.0894737
volume_quality=0.530925
