epsilon_quality=0.201355
volume_quality=0.799183
