epsilon_quality=0.0787383
volume_quality=0.412207
