epsilon_quality=0.15933
volume_quality=0.253581
