epsilon_quality=0.133896
volume_quality=0.309552
