epsilon_quality=0.11461
volume_quality=0.47663
