epsilon_quality=0.112361
volume_quality=0.0298356
