epsilon_quality=0.0155143
volume_quality=0.00353203
