epsilon_quality=0.13778
volume_quality=0.118855
