epsilon_quality=0.0638399
volume_quality=0.0529878
