epsilon_quality=0.128825
volume_quality=0.119664
