epsilon_quality=0.0914772
volume_quality=0.0371161
