epsilon_quality=0.053044
volume_quality=0.0224528
