epsilon_quality=0.121046
volume_quality=0.0978582
