epsilon_quality=0.104522
volume_quality=0.0931213
