epsilon_quality=0.095224
volume_quality=0.102632
