epsilon_quality=0.103413
volume_quality=0.0920972
