epsilon_quality=0.19106
volume_quality=0.308397
