epsilon_quality=0.130637
volume_quality=0.268391
