epsilon_quality=0.0916819
volume_quality=0.0460037
