epsilon_quality=0.0325389
volume_quality=0.0997277
