epsilon_quality=0.0569706
volume_quality=0.00977845
