epsilon_quality=0.00551995
volume_quality=0.00650158
