epsilon_quality=0.0749122
volume_quality=0.0542986
