epsilon_quality=0.0757486
volume_quality=0.040389
