epsilon_quality=0.0335044
volume_quality=0.0558995
