epsilon_quality=0.12327
volume_quality=0.138266
