epsilon_quality=0.249313
volume_quality=0.499846
