epsilon_quality=0.125943
volume_quality=0.146701
