epsilon_quality=0.0484198
volume_quality=0.050757
