epsilon_quality=0.173771
volume_quality=0.308543
