epsilon_quality=0.160617
volume_quality=0.424005
