epsilon_quality=0.262319
volume_quality=0.94812
