epsilon_quality=0.0917566
volume_quality=0.19171
