epsilon_quality=0.130389
volume_quality=0.0704252
