epsilon_quality=0.0986989
volume_quality=0.0572434
