epsilon_quality=0.187533
volume_quality=0.698153
