epsilon_quality=0.130596
volume_quality=0.0861876
