epsilon_quality=0.10252
volume_quality=0.130025
