epsilon_quality=0.053271
volume_quality=0.171126
