epsilon_quality=0.336457
volume_quality=2.66441
