epsilon_quality=0.215564
volume_quality=0.981466
