epsilon_quality=0.0326683
volume_quality=0.0415372
