epsilon_quality=0.164239
volume_quality=0.471432
