epsilon_quality=0.347272
volume_quality=1.29314
