epsilon_quality=0.0193133
volume_quality=0.0127626
