epsilon_quality=0.0108105
volume_quality=0.153991
