epsilon_quality=0.0712449
volume_quality=0.155157
