epsilon_quality=0.0690372
volume_quality=0.204696
