epsilon_quality=0.147614
volume_quality=0.141542
