epsilon_quality=0.131593
volume_quality=0.0476935
