epsilon_quality=0.0980706
volume_quality=0.0518536
