epsilon_quality=0.0771574
volume_quality=0.0273529
