epsilon_quality=0.0692994
volume_quality=0.0515598
