epsilon_quality=0.109274
volume_quality=0.0430286
