epsilon_quality=0.0858277
volume_quality=0.0672481
