epsilon_quality=0.0714801
volume_quality=0.14208
