epsilon_quality=0.0238791
volume_quality=0.00805876
