epsilon_quality=0.109868
volume_quality=0.0656684
