epsilon_quality=0.0707674
volume_quality=0.163606
