epsilon_quality=0.0456092
volume_quality=0.101928
