epsilon_quality=0.0723821
volume_quality=0.0908949
