epsilon_quality=0.0377032
volume_quality=0.0524638
