epsilon_quality=0.126657
volume_quality=0.0723459
