epsilon_quality=0.097874
volume_quality=0.0376775
