epsilon_quality=0.0218866
volume_quality=0.00242451
