epsilon_quality=0.0394227
volume_quality=0.0064857
