epsilon_quality=0.0468779
volume_quality=0.226545
