epsilon_quality=0.271778
volume_quality=0.624362
