epsilon_quality=0.114961
volume_quality=0.327204
