epsilon_quality=0.04749
volume_quality=0.0894371
