epsilon_quality=0.0289207
volume_quality=0.0129083
