epsilon_quality=0.0777628
volume_quality=0.11976
