epsilon_quality=0.00845514
volume_quality=0.0291545
