epsilon_quality=0.137103
volume_quality=0.19822
