epsilon_quality=0.0447394
volume_quality=0.0235055
