epsilon_quality=0.0863279
volume_quality=0.213501
