epsilon_quality=0.0698977
volume_quality=0.44758
