epsilon_quality=0.0364064
volume_quality=0.0172175
