epsilon_quality=0.0275374
volume_quality=0.00542089
