epsilon_quality=0.0125351
volume_quality=0.00950213
