epsilon_quality=0.0127352
volume_quality=0.00976034
