epsilon_quality=0.211493
volume_quality=0.733323
