epsilon_quality=0.0649422
volume_quality=0.0976615
