epsilon_quality=0.0986511
volume_quality=0.201523
