epsilon_quality=0.10794
volume_quality=0.155598
