epsilon_quality=0.183649
volume_quality=0.670659
