epsilon_quality=0.0594254
volume_quality=0.0363244
