epsilon_quality=0.0176813
volume_quality=0.0932461
