epsilon_quality=0.164583
volume_quality=0.548474
