epsilon_quality=0.215777
volume_quality=1.18168
