epsilon_quality=0.159849
volume_quality=0.937019
