epsilon_quality=0.123511
volume_quality=0.569984
