epsilon_quality=0.0193478
volume_quality=0.00863088
