epsilon_quality=0.0750249
volume_quality=0.114834
