epsilon_quality=0.0100071
volume_quality=0.163927
