epsilon_quality=0.0996501
volume_quality=0.234487
