epsilon_quality=0.0297117
volume_quality=0.0102107
