epsilon_quality=0.0506996
volume_quality=0.0226903
