epsilon_quality=0.0362626
volume_quality=0.00602355
