epsilon_quality=0.010968
volume_quality=0.00177367
