epsilon_quality=0.14888
volume_quality=0.175828
