epsilon_quality=0.0809888
volume_quality=0.135835
