epsilon_quality=0.0612665
volume_quality=0.215736
