epsilon_quality=0.0528495
volume_quality=0.0319848
