epsilon_quality=0.182832
volume_quality=0.247171
