epsilon_quality=0.135208
volume_quality=0.159224
