epsilon_quality=0.0409095
volume_quality=0.0327004
