epsilon_quality=0.0894294
volume_quality=0.0811501
