epsilon_quality=0.123921
volume_quality=0.100497
