epsilon_quality=0.0802419
volume_quality=0.350611
