epsilon_quality=0.133792
volume_quality=0.171126
