epsilon_quality=0.0343776
volume_quality=0.0206339
