epsilon_quality=0.0445053
volume_quality=0.0358554
