epsilon_quality=0.0847508
volume_quality=0.032355
