epsilon_quality=0.0940643
volume_quality=0.308698
