epsilon_quality=0.178546
volume_quality=0.641636
