epsilon_quality=0.312786
volume_quality=3.81941
