epsilon_quality=0.412408
volume_quality=2.99319
