epsilon_quality=0.137265
volume_quality=1.40521
