epsilon_quality=0.315423
volume_quality=2.43645
