epsilon_quality=0.335569
volume_quality=5.19392
