epsilon_quality=0.219225
volume_quality=3.04356
