epsilon_quality=0.158018
volume_quality=0.107084
