epsilon_quality=0.219558
volume_quality=0.622569
