epsilon_quality=0.00406952
volume_quality=0.0456509
