epsilon_quality=0.052926
volume_quality=0.151515
