epsilon_quality=0.217903
volume_quality=0.360123
