epsilon_quality=0.142311
volume_quality=0.0888317
