epsilon_quality=0.0419699
volume_quality=0.04773
