epsilon_quality=0.0862619
volume_quality=0.0700668
