epsilon_quality=0.003005
volume_quality=0.0142501
