epsilon_quality=0.171635
volume_quality=0.426531
