epsilon_quality=0.0439489
volume_quality=0.018516
