epsilon_quality=0.241291
volume_quality=0.658699
