epsilon_quality=0.0861059
volume_quality=0.0713248
