epsilon_quality=0.114495
volume_quality=0.587888
