epsilon_quality=0.0466616
volume_quality=0.0201554
