epsilon_quality=0.055744
volume_quality=0.390958
