epsilon_quality=0.237499
volume_quality=0.389249
