epsilon_quality=0.267199
volume_quality=1.30097
