epsilon_quality=0.156951
volume_quality=1.63829
