epsilon_quality=0.177882
volume_quality=0.428889
