epsilon_quality=0.0617346
volume_quality=0.0633544
