epsilon_quality=0.0430134
volume_quality=0.0335113
