epsilon_quality=0.0681391
volume_quality=0.0112156
