epsilon_quality=0.0304593
volume_quality=0.0134244
