epsilon_quality=0.0307429
volume_quality=0.00395928
