epsilon_quality=0.0312748
volume_quality=0.00238311
