epsilon_quality=0.0267639
volume_quality=0.00171617
