epsilon_quality=0.10371
volume_quality=0.0624263
