gpsEpsilon=138.748
gpsVolume=160.404
mQualEpsilon=0.0380424
mQualVolume=0.00525822
new_planned_energy=16.6825
