gpsEpsilon=138.748
gpsVolume=160.404
mQualEpsilon=1.68878
mQualVolume=49.0162
new_planned_energy=-1.68878
