gpsEpsilon=138.748
gpsVolume=160.404
mQualEpsilon=1.63894
mQualVolume=48.9568
new_planned_energy=-1.63894
