gpsEpsilon=138.748
gpsVolume=160.404
mQualEpsilon=1.67968
mQualVolume=48.7755
new_planned_energy=-1.67968
