gpsEpsilon=133.365
gpsVolume=111.645
mQualEpsilon=1.81207
mQualVolume=56.2397
new_planned_energy=-1.81207
