gpsEpsilon=133.365
gpsVolume=111.645
mQualEpsilon=1.78112
mQualVolume=55.7948
new_planned_energy=-1.78112
