gpsEpsilon=133.365
gpsVolume=111.645
mQualEpsilon=1.77495
mQualVolume=55.8737
new_planned_energy=-1.77495
