gpsEpsilon=133.365
gpsVolume=111.645
mQualEpsilon=1.74867
mQualVolume=55.5809
new_planned_energy=-1.74867
