gpsEpsilon=139.547
gpsVolume=152.74
mQualEpsilon=1.63924
mQualVolume=45.6762
new_planned_energy=-1.63924
