gpsEpsilon=139.547
gpsVolume=152.74
mQualEpsilon=1.63774
mQualVolume=45.1551
new_planned_energy=-1.63774
