gpsEpsilon=139.547
gpsVolume=152.74
mQualEpsilon=1.60831
mQualVolume=45.6359
new_planned_energy=-1.60831
