gpsEpsilon=139.547
gpsVolume=152.74
mQualEpsilon=1.64796
mQualVolume=45.959
new_planned_energy=-1.64796
