gpsEpsilon=167.809
gpsVolume=171.549
mQualEpsilon=1.70141
mQualVolume=55.2145
new_planned_energy=-1.70141
