gpsEpsilon=167.809
gpsVolume=171.549
mQualEpsilon=1.76208
mQualVolume=56.6837
new_planned_energy=-1.76208
