gpsEpsilon=167.809
gpsVolume=171.549
mQualEpsilon=1.48878
mQualVolume=53.7095
new_planned_energy=-1.48878
