gpsEpsilon=167.809
gpsVolume=171.549
mQualEpsilon=1.54202
mQualVolume=54.2637
new_planned_energy=-1.54202
