gpsEpsilon=149.465
gpsVolume=176.338
mQualEpsilon=0.0441547
mQualVolume=0.00826518
new_planned_energy=23.2857
