gpsEpsilon=150.06
gpsVolume=183.764
mQualEpsilon=1.67144
mQualVolume=53.1154
new_planned_energy=-1.67144
