gpsEpsilon=150.06
gpsVolume=183.764
mQualEpsilon=1.60808
mQualVolume=51.9818
new_planned_energy=-1.60808
