gpsEpsilon=150.06
gpsVolume=183.764
mQualEpsilon=1.68364
mQualVolume=52.8402
new_planned_energy=-1.68364
