gpsEpsilon=150.06
gpsVolume=183.764
mQualEpsilon=0.0539822
mQualVolume=0.0127317
new_planned_energy=10.4498
