gpsEpsilon=150.06
gpsVolume=183.764
mQualEpsilon=1.68248
mQualVolume=52.8454
new_planned_energy=-1.68248
