gpsEpsilon=-0.900803
gpsVolume=0.0440172
mQualEpsilon=0.0299192
mQualVolume=0.00891049
new_planned_energy=27.3427
