gpsEpsilon=0
gpsVolume=0.0078125
mQualEpsilon=-1
mQualVolume=0.00390703
new_planned_energy=44.0271
