gpsEpsilon=0
gpsVolume=0
mQualEpsilon=0.0625052
mQualVolume=0.0258688
new_planned_energy=22.8153
