gpsEpsilon=-0.0624952
gpsVolume=-0.715838
mQualEpsilon=1.76478
mQualVolume=47.324
new_planned_energy=-1.76478
