gpsEpsilon=-0.0624952
gpsVolume=-0.715838
mQualEpsilon=1.69824
mQualVolume=46.9415
new_planned_energy=-1.69824
