gpsEpsilon=-0.0624952
gpsVolume=-0.715838
mQualEpsilon=1.70314
mQualVolume=46.4462
new_planned_energy=-1.70314
