gpsEpsilon=-0.0624952
gpsVolume=-0.715838
mQualEpsilon=1.63947
mQualVolume=46.8339
new_planned_energy=-1.63947
