gpsEpsilon=-0.0624952
gpsVolume=-0.715838
mQualEpsilon=1.76549
mQualVolume=47.3761
new_planned_energy=-1.76549
