gpsEpsilon=-0.0624952
gpsVolume=-0.715838
mQualEpsilon=1.56889
mQualVolume=44.8894
new_planned_energy=-1.56889
