gpsEpsilon=-0.0624952
gpsVolume=-0.715838
mQualEpsilon=1.54172
mQualVolume=44.798
new_planned_energy=-1.54172
