gpsEpsilon=-0.0624952
gpsVolume=-0.715838
mQualEpsilon=1.47174
mQualVolume=44.2561
new_planned_energy=-1.47174
