gpsEpsilon=-0.0624952
gpsVolume=-0.715838
mQualEpsilon=1.53227
mQualVolume=44.2097
new_planned_energy=-1.53227
