gpsEpsilon=-0.0624952
gpsVolume=-0.715838
mQualEpsilon=1.65601
mQualVolume=46.3185
new_planned_energy=-1.65601
