gpsEpsilon=173.484
gpsVolume=169.193
mQualEpsilon=1.73184
mQualVolume=58.4021
new_planned_energy=-1.73184
