gpsEpsilon=173.484
gpsVolume=169.193
mQualEpsilon=1.68937
mQualVolume=56.9237
new_planned_energy=-1.68937
