gpsEpsilon=173.484
gpsVolume=169.193
mQualEpsilon=1.69793
mQualVolume=58.2781
new_planned_energy=-1.69793
