gpsEpsilon=173.484
gpsVolume=169.193
mQualEpsilon=1.70708
mQualVolume=57.2913
new_planned_energy=-1.70708
