gpsEpsilon=134.931
gpsVolume=131.527
mQualEpsilon=1.66004
mQualVolume=46.5147
new_planned_energy=-1.66004
