gpsEpsilon=134.931
gpsVolume=131.527
mQualEpsilon=1.67053
mQualVolume=46.3024
new_planned_energy=-1.67053
