gpsEpsilon=134.931
gpsVolume=131.527
mQualEpsilon=1.66608
mQualVolume=45.8458
new_planned_energy=-1.66608
