epsilon_quality=0.149546
volume_quality=0.184161
