epsilon_quality=0.0853887
volume_quality=0.0700965
