epsilon_quality=0.112272
volume_quality=0.100884
