epsilon_quality=0.0824089
volume_quality=0.036432
