gpsEpsilon=132.138
gpsVolume=121.314
mQualEpsilon=0.0678786
mQualVolume=0.0061768
new_planned_energy=82.6679
