gpsEpsilon=93.7649
gpsVolume=128.684
mQualEpsilon=0.0154186
mQualVolume=0.00509913
new_planned_energy=73.2312
