gpsEpsilon=74.4825
gpsVolume=129.803
mQualEpsilon=0.0160845
mQualVolume=0.00233098
new_planned_energy=49.7234
