gpsEpsilon=103.715
gpsVolume=39.8028
mQualEpsilon=0.00564162
mQualVolume=0.00701635
new_planned_energy=37.4525
