gpsEpsilon=102.702
gpsVolume=39.8148
mQualEpsilon=0.00695554
mQualVolume=0.0166332
new_planned_energy=28.7889
