gpsEpsilon=104.457
gpsVolume=236.951
mQualEpsilon=1.69554
mQualVolume=49.9155
new_planned_energy=-1.69554
