gpsEpsilon=109.852
gpsVolume=232.051
mQualEpsilon=0.0750757
mQualVolume=0.0228685
new_planned_energy=41.7631
