gpsEpsilon=100.596
gpsVolume=229.708
mQualEpsilon=0.00316681
mQualVolume=0.0182728
new_planned_energy=45.3348
