gpsEpsilon=58.9521
gpsVolume=130.909
mQualEpsilon=0.026629
mQualVolume=0.00190309
new_planned_energy=69.8281
