gpsEpsilon=81.7977
gpsVolume=124.621
mQualEpsilon=0.0539007
mQualVolume=0.0151813
new_planned_energy=63.4479
