epsilon_quality=0.0783497
volume_quality=0.0359266
