epsilon_quality=0.0412532
volume_quality=0.00326091
