epsilon_quality=0.147984
volume_quality=0.195817
