epsilon_quality=0.0377389
volume_quality=0.0736093
