epsilon_quality=0.104758
volume_quality=0.0810783
