epsilon_quality=0.202593
volume_quality=0.631355
