epsilon_quality=0.0688238
volume_quality=0.0170429
