epsilon_quality=0.117784
volume_quality=0.69645
