epsilon_quality=0.0140619
volume_quality=0.00234266
