epsilon_quality=0.118689
volume_quality=0.27207
