epsilon_quality=0.0908335
volume_quality=0.0899931
