epsilon_quality=0.0481225
volume_quality=0.010661
