epsilon_quality=0.0597757
volume_quality=0.00709521
