epsilon_quality=0.146842
volume_quality=0.189231
