epsilon_quality=0.0893999
volume_quality=0.223865
