epsilon_quality=0.0717712
volume_quality=0.0405639
