epsilon_quality=0.0612091
volume_quality=0.0396669
