epsilon_quality=0.0807084
volume_quality=0.0430539
