epsilon_quality=0.231669
volume_quality=0.280329
