gpsEpsilon=22.1029
gpsVolume=117.603
mQualEpsilon=0.0611317
mQualVolume=0.0104712
new_planned_energy=48.6104
