gpsEpsilon=12.4849
gpsVolume=9.79617
mQualEpsilon=0.00141942
mQualVolume=0.00711351
new_planned_energy=52.4372
