gpsEpsilon=24.7241
gpsVolume=9.28456
mQualEpsilon=-1
mQualVolume=0.0465157
new_planned_energy=36.1095
