gpsEpsilon=19.3451
gpsVolume=40.6872
mQualEpsilon=0.000182357
mQualVolume=0.00566934
new_planned_energy=52.1898
