gpsEpsilon=33.1564
gpsVolume=39.4467
mQualEpsilon=0.014463
mQualVolume=0.0176564
new_planned_energy=62.2067
