gpsEpsilon=6.70739e-316
gpsVolume=0.247932
mQualEpsilon=-1
mQualVolume=0.00796724
new_planned_energy=75.8309
