gpsEpsilon=4.80803e-316
gpsVolume=0.184721
mQualEpsilon=-1
mQualVolume=2.076e-05
new_planned_energy=75.3664
