gpsEpsilon=6.1519e-316
gpsVolume=6.95335e-310
mQualEpsilon=-1
mQualVolume=0.000438862
new_planned_energy=67.1089
