gpsEpsilon=7.97128e-316
gpsVolume=0
mQualEpsilon=-1
mQualVolume=0.0091107
new_planned_energy=69.8202
