gpsEpsilon=5.11764e-316
gpsVolume=6.95335e-310
mQualEpsilon=-1
mQualVolume=0.00929531
new_planned_energy=60.5246
