gpsEpsilon=7.63285e-316
gpsVolume=6.95335e-310
mQualEpsilon=-1
mQualVolume=0.00403434
new_planned_energy=25.687
