gpsEpsilon=4.49863e-312
gpsVolume=-nan
mQualEpsilon=0.0104256
mQualVolume=0.00699878
new_planned_energy=50.0346
