gpsEpsilon=-0.177282
gpsVolume=0.0787273
mQualEpsilon=0.00762046
mQualVolume=0.0183575
new_planned_energy=107.513
