epsilon_quality=0.136087
volume_quality=0.645241
