epsilon_quality=0.111009
volume_quality=0.205992
