epsilon_quality=0.360022
volume_quality=1.62153
