epsilon_quality=0.149543
volume_quality=0.273096
