epsilon_quality=0.154028
volume_quality=0.352084
