epsilon_quality=0.00878101
volume_quality=0.146666
