epsilon_quality=0.239833
volume_quality=1.04748
