epsilon_quality=0.0265242
volume_quality=0.259169
