epsilon_quality=0.0431109
volume_quality=0.104275
