epsilon_quality=0.0276889
volume_quality=0.0363608
