gpsEpsilon=4.80917e-316
gpsVolume=0
mQualEpsilon=0.0030718
mQualVolume=3.55195e-05
new_planned_energy=83.8086
