gpsEpsilon=2.4569e-316
gpsVolume=0
mQualEpsilon=0.00738499
mQualVolume=0.000623227
new_planned_energy=91.1013
