gpsEpsilon=6.37146e-316
gpsVolume=0
mQualEpsilon=0.0127288
mQualVolume=9.99645e-05
new_planned_energy=33.1447
