gpsEpsilon=5.48802e-316
gpsVolume=0
mQualEpsilon=-1
mQualVolume=0.000579457
new_planned_energy=46.7263
