gpsEpsilon=9.26971e-316
gpsVolume=0
mQualEpsilon=-1
mQualVolume=0.000579457
new_planned_energy=68.3816
