gpsEpsilon=13.6163
gpsVolume=19.3742
mQualEpsilon=0.0139877
mQualVolume=0.000285589
new_planned_energy=39.2658
