gpsEpsilon=15.5031
gpsVolume=18.809
mQualEpsilon=0.0161408
mQualVolume=0.000342477
new_planned_energy=47.1935
