gpsEpsilon=29.3578
gpsVolume=24.8624
mQualEpsilon=0.0090411
mQualVolume=0.000652058
new_planned_energy=69.0123
