gpsEpsilon=24.2701
gpsVolume=27.0492
mQualEpsilon=0.0121275
mQualVolume=0.000745614
new_planned_energy=54.8598
