epsilon_quality=0.0208021
volume_quality=0.0335837
