epsilon_quality=0.0608213
volume_quality=0.0668843
