epsilon_quality=0.106699
volume_quality=0.131222
