epsilon_quality=0.0779702
volume_quality=0.0482528
