epsilon_quality=0.154772
volume_quality=0.150827
