epsilon_quality=0.180542
volume_quality=0.213629
