epsilon_quality=0.123447
volume_quality=0.216076
