epsilon_quality=0.0126732
volume_quality=0.0190062
