epsilon_quality=0.081384
volume_quality=0.0932414
