epsilon_quality=0.101813
volume_quality=0.117793
