epsilon_quality=0.0171609
volume_quality=0.0118061
