epsilon_quality=0.00153334
volume_quality=0.0216887
