epsilon_quality=0.0349501
volume_quality=0.0224917
