epsilon_quality=0.0157587
volume_quality=0.00639726
