epsilon_quality=0.042151
volume_quality=0.019943
