epsilon_quality=0.144708
volume_quality=0.304852
