epsilon_quality=0.160661
volume_quality=0.245822
