epsilon_quality=0.154185
volume_quality=0.315318
