epsilon_quality=0.25621
volume_quality=0.437768
