epsilon_quality=0.159698
volume_quality=0.24488
