epsilon_quality=0.0391354
volume_quality=0.0161365
