epsilon_quality=0.0323195
volume_quality=0.0644893
