epsilon_quality=0.00682943
volume_quality=0.154266
