epsilon_quality=0.0138912
volume_quality=0.26863
