epsilon_quality=0.0352092
volume_quality=0.057206
