epsilon_quality=0.0230008
volume_quality=0.0148202
