epsilon_quality=0.0582472
volume_quality=0.144313
