epsilon_quality=0.0376728
volume_quality=0.0413995
