epsilon_quality=0.160722
volume_quality=0.268959
