epsilon_quality=0.0723898
volume_quality=0.0537998
