epsilon_quality=0.0145014
volume_quality=0.00349899
