epsilon_quality=0.0616859
volume_quality=0.0464619
