epsilon_quality=0.0624219
volume_quality=0.055478
