epsilon_quality=0.191464
volume_quality=0.15063
