epsilon_quality=0.230414
volume_quality=0.868991
