epsilon_quality=0.224251
volume_quality=0.415457
