epsilon_quality=0.00318653
volume_quality=0.00354876
