epsilon_quality=0.043595
volume_quality=0.00484556
