epsilon_quality=0.0686907
volume_quality=0.302568
