epsilon_quality=0.0518892
volume_quality=0.0519655
