epsilon_quality=0.00866598
volume_quality=0.00504759
