epsilon_quality=0.0153796
volume_quality=0.00563735
