epsilon_quality=0.0304686
volume_quality=0.571261
