epsilon_quality=0.152151
volume_quality=0.236759
