epsilon_quality=0.0527927
volume_quality=0.0101172
