epsilon_quality=0.165486
volume_quality=0.577957
