gpsEpsilon=89.2785
gpsVolume=85.2604
mQualEpsilon=0.0834208
mQualVolume=0.0134277
new_planned_energy=16.2385
