gpsEpsilon=70.5388
gpsVolume=87.0021
mQualEpsilon=0.957196
mQualVolume=42.9974
new_planned_energy=-0.957196
