gpsEpsilon=70.5388
gpsVolume=87.0021
mQualEpsilon=0.899458
mQualVolume=41.9834
new_planned_energy=-0.899458
