gpsEpsilon=70.5388
gpsVolume=87.0021
mQualEpsilon=0.328156
mQualVolume=28.9282
new_planned_energy=-0.328156
