gpsEpsilon=70.5388
gpsVolume=87.0021
mQualEpsilon=0.848508
mQualVolume=40.7657
new_planned_energy=-0.848508
