gpsEpsilon=70.5388
gpsVolume=87.0021
mQualEpsilon=0.0404232
mQualVolume=0.0107842
new_planned_energy=21.6009
