gpsEpsilon=89.2785
gpsVolume=72.0555
mQualEpsilon=0.0483099
mQualVolume=0.0145418
new_planned_energy=36.3672
