gpsEpsilon=82.9965
gpsVolume=89.1022
mQualEpsilon=1.05253
mQualVolume=48.2568
new_planned_energy=-1.05253
