gpsEpsilon=82.9965
gpsVolume=89.1022
mQualEpsilon=1.08348
mQualVolume=49.1138
new_planned_energy=-1.08348
