gpsEpsilon=73.3397
gpsVolume=88.6135
mQualEpsilon=0.0625218
mQualVolume=0.0104348
new_planned_energy=18.4382
