gpsEpsilon=129.44
gpsVolume=120.18
mQualEpsilon=0.0851827
mQualVolume=0.0147397
new_planned_energy=23.4831
