gpsEpsilon=103.022
gpsVolume=79.58
mQualEpsilon=0.0292166
mQualVolume=0.0164172
new_planned_energy=21.052
