gpsEpsilon=135.546
gpsVolume=113.318
mQualEpsilon=0.0828001
mQualVolume=0.010863
new_planned_energy=16.5947
