gpsEpsilon=113.318
gpsVolume=19.8903
mQualEpsilon=0.878472
mQualVolume=35.504
new_planned_energy=-0.878472
