gpsEpsilon=113.318
gpsVolume=19.8903
mQualEpsilon=0.0543836
mQualVolume=0.00616696
new_planned_energy=23.2649
