gpsEpsilon=113.318
gpsVolume=19.8903
mQualEpsilon=1.10328
mQualVolume=40.8605
new_planned_energy=-1.10328
