gpsEpsilon=113.318
gpsVolume=19.8903
mQualEpsilon=1.09139
mQualVolume=40.0318
new_planned_energy=-1.09139
