gpsEpsilon=83.2434
gpsVolume=70.7144
mQualEpsilon=0.730965
mQualVolume=35.9225
new_planned_energy=-0.730965
