gpsEpsilon=75.7177
gpsVolume=69.1916
mQualEpsilon=0.0625218
mQualVolume=0.0104348
new_planned_energy=17.1901
