gpsEpsilon=73.4195
gpsVolume=88.9297
mQualEpsilon=0.0934217
mQualVolume=0.0177054
new_planned_energy=28.7076
