gpsEpsilon=70.5388
gpsVolume=73.945
mQualEpsilon=0.0794923
mQualVolume=0.0151462
new_planned_energy=23.6303
