epsilon_quality=0.0254729
volume_quality=0.0538882
