epsilon_quality=0.293645
volume_quality=2.41594
