epsilon_quality=0.0589323
volume_quality=0.162156
