epsilon_quality=0.0374752
volume_quality=0.022705
