epsilon_quality=0.0379894
volume_quality=0.073217
