epsilon_quality=0.0637274
volume_quality=0.0550663
