epsilon_quality=0.0918787
volume_quality=0.0341207
