epsilon_quality=0.139087
volume_quality=0.388721
