epsilon_quality=0.230429
volume_quality=0.469005
