epsilon_quality=0.0326367
volume_quality=0.0100478
