epsilon_quality=0.0746869
volume_quality=0.0301042
