epsilon_quality=0.276352
volume_quality=1.09578
