epsilon_quality=0.116372
volume_quality=0.333316
