epsilon_quality=0.0200574
volume_quality=0.0154079
