epsilon_quality=0.0857158
volume_quality=0.10707
