epsilon_quality=0.104671
volume_quality=0.294129
