epsilon_quality=0.0761687
volume_quality=0.0617607
