epsilon_quality=0.0786842
volume_quality=0.0341473
