gpsEpsilon=13.631
gpsVolume=218.153
mQualEpsilon=0.0600113
mQualVolume=0.0168517
new_planned_energy=63.4918
