gpsEpsilon=1.18376e-315
gpsVolume=0
mQualEpsilon=0.0122454
mQualVolume=0.0011262
new_planned_energy=77.6371
