gpsEpsilon=17.1886
gpsVolume=50.2303
mQualEpsilon=-1
mQualVolume=3.78961
new_planned_energy=8.71654
