gpsEpsilon=17.1886
gpsVolume=50.2303
mQualEpsilon=-1
mQualVolume=4.27424
new_planned_energy=9.64802
