gpsEpsilon=17.1886
gpsVolume=50.2303
mQualEpsilon=-1
mQualVolume=4.18353
new_planned_energy=8.98461
