gpsEpsilon=17.1886
gpsVolume=50.2303
mQualEpsilon=-1
mQualVolume=3.62715
new_planned_energy=8.38011
