gpsEpsilon=26.2829
gpsVolume=50.2303
mQualEpsilon=0.00690337
mQualVolume=0.00489493
new_planned_energy=40.8389
