gpsEpsilon=1.27928e-315
gpsVolume=7.34441e-316
mQualEpsilon=0.0296378
mQualVolume=0.00169455
new_planned_energy=41.1208
