gpsEpsilon=1.17267e-315
gpsVolume=9.88131e-324
mQualEpsilon=0.0216444
mQualVolume=0.000771287
new_planned_energy=117.536
