gpsEpsilon=1.28288e-315
gpsVolume=8.60848e-316
mQualEpsilon=-1
mQualVolume=0.0065434
new_planned_energy=50.3741
