gpsEpsilon=2.27206e-316
gpsVolume=0.0476141
mQualEpsilon=0.00976135
mQualVolume=0.00022993
new_planned_energy=78.6425
