gpsEpsilon=20.8279
gpsVolume=201.061
mQualEpsilon=0.0449323
mQualVolume=0.00607186
new_planned_energy=92.5886
