gpsEpsilon=19.5116
gpsVolume=206.8
mQualEpsilon=0.0123395
mQualVolume=0.00439749
new_planned_energy=49.072
