gpsEpsilon=1.15168e-315
gpsVolume=0
mQualEpsilon=0.013511
mQualVolume=0.00357273
new_planned_energy=64.8261
