gpsEpsilon=118.005
gpsVolume=95.2251
mQualEpsilon=1.60827
mQualVolume=55.6143
new_planned_energy=-1.60827
