epsilon_quality=0.0901265
volume_quality=0.051381
