epsilon_quality=0.0675449
volume_quality=0.0656919
