epsilon_quality=0.117196
volume_quality=0.208615
