epsilon_quality=0.0455101
volume_quality=0.0156044
