epsilon_quality=0.0434483
volume_quality=0.250254
