epsilon_quality=0.0232576
volume_quality=0.0134846
