epsilon_quality=0.0828102
volume_quality=0.0250408
