epsilon_quality=0.0249413
volume_quality=0.00235457
