epsilon_quality=0.0420549
volume_quality=0.056069
