epsilon_quality=0.0226734
volume_quality=0.00104988
