epsilon_quality=0.0982199
volume_quality=0.0436209
