epsilon_quality=0.0715665
volume_quality=0.0765267
