epsilon_quality=0.15751
volume_quality=0.119306
