epsilon_quality=0.0700022
volume_quality=0.0314943
