epsilon_quality=0.40825
volume_quality=1.88187
