epsilon_quality=0.104169
volume_quality=0.118699
