epsilon_quality=0.0586933
volume_quality=0.0614017
