epsilon_quality=0.081345
volume_quality=0.0690841
