epsilon_quality=0.0924372
volume_quality=0.0943505
