epsilon_quality=0.0936674
volume_quality=0.109321
