epsilon_quality=0.123987
volume_quality=0.370477
