epsilon_quality=0.029816
volume_quality=0.0266903
