epsilon_quality=0.0393689
volume_quality=0.0266868
