epsilon_quality=0.0141867
volume_quality=0.00783996
