epsilon_quality=0.0777104
volume_quality=0.195081
