epsilon_quality=0.0175969
volume_quality=0.0409391
