epsilon_quality=0.0299022
volume_quality=0.0208689
