epsilon_quality=0.155576
volume_quality=0.241288
