epsilon_quality=0.103866
volume_quality=0.773383
