epsilon_quality=0.233481
volume_quality=0.293104
