epsilon_quality=0.0225782
volume_quality=0.0139742
