epsilon_quality=0.0637146
volume_quality=0.00753412
