epsilon_quality=0.0892132
volume_quality=0.222922
