epsilon_quality=0.073576
volume_quality=0.0112806
