epsilon_quality=0.174284
volume_quality=0.113207
