epsilon_quality=0.13392
volume_quality=0.172193
