epsilon_quality=0.119828
volume_quality=0.343358
