epsilon_quality=0.0403495
volume_quality=0.00385931
