epsilon_quality=0.0649017
volume_quality=0.0372169
