epsilon_quality=0.0392707
volume_quality=0.0481544
