epsilon_quality=0.058178
volume_quality=0.0310031
