epsilon_quality=0.0659358
volume_quality=0.0118035
