epsilon_quality=0.00433937
volume_quality=0.0121841
