epsilon_quality=0.0422317
volume_quality=0.0166606
