epsilon_quality=0.0715969
volume_quality=0.159285
