epsilon_quality=0.0916328
volume_quality=0.112372
