epsilon_quality=0.176662
volume_quality=0.136225
