epsilon_quality=0.0561574
volume_quality=0.0180031
