epsilon_quality=0.0813589
volume_quality=0.230059
