epsilon_quality=0.0946837
volume_quality=0.063937
