epsilon_quality=0.115941
volume_quality=0.198446
