epsilon_quality=0.0670133
volume_quality=0.0521093
