epsilon_quality=0.0574174
volume_quality=0.130784
