epsilon_quality=0.0787495
volume_quality=0.0829227
