epsilon_quality=0.0789575
volume_quality=0.0353419
