epsilon_quality=0.019504
volume_quality=0.0260235
