epsilon_quality=0.0477805
volume_quality=0.266224
