epsilon_quality=0.087017
volume_quality=0.334769
