epsilon_quality=0.159735
volume_quality=0.24012
