epsilon_quality=0.193181
volume_quality=0.268419
