epsilon_quality=0.104366
volume_quality=0.0573651
