epsilon_quality=0.15828
volume_quality=0.356481
