epsilon_quality=0.182231
volume_quality=0.143827
