epsilon_quality=0.113963
volume_quality=0.0775493
