epsilon_quality=0.0359172
volume_quality=0.0715651
