epsilon_quality=0.0998175
volume_quality=0.052428
