epsilon_quality=0.0134846
volume_quality=0.00154585
