epsilon_quality=0.0162684
volume_quality=0.304493
