epsilon_quality=0.0736956
volume_quality=0.0886186
