epsilon_quality=0.0846739
volume_quality=0.107996
