gpsEpsilon=171.014
gpsVolume=68.9712
mQualEpsilon=0.0027381
mQualVolume=0.000835027
new_planned_energy=17.7801
