gpsEpsilon=78.4301
gpsVolume=122.116
mQualEpsilon=0.02994
mQualVolume=0.00399952
new_planned_energy=14.809
