gpsEpsilon=76.931
gpsVolume=66.4086
mQualEpsilon=0.0228686
mQualVolume=0.0034745
new_planned_energy=22.6546
