gpsEpsilon=76.1622
gpsVolume=56.8015
mQualEpsilon=0.0174434
mQualVolume=0.00843435
new_planned_energy=25.2655
