gpsEpsilon=224.76
gpsVolume=90.9869
mQualEpsilon=0.0822411
mQualVolume=0.0129023
new_planned_energy=35.77
