gpsEpsilon=0
gpsVolume=0.0078125
mQualEpsilon=-1
mQualVolume=0.000527232
new_planned_energy=102.673
