gpsEpsilon=232.182
gpsVolume=95.2363
mQualEpsilon=0.0778644
mQualVolume=0.00816505
new_planned_energy=37.7184
