gpsEpsilon=225.14
gpsVolume=95.2769
mQualEpsilon=0.0263333
mQualVolume=0.00163082
new_planned_energy=28.8983
