epsilon_quality=0.0794177
volume_quality=0.296863
