epsilon_quality=0.0480701
volume_quality=0.00485135
