epsilon_quality=0.0581188
volume_quality=0.0071381
