epsilon_quality=0.0784951
volume_quality=0.0241983
