epsilon_quality=0.0835185
volume_quality=0.0408214
