epsilon_quality=0.0635646
volume_quality=0.00947896
