epsilon_quality=0.05492
volume_quality=0.0191639
