epsilon_quality=0.0499939
volume_quality=0.085526
