epsilon_quality=0.0179561
volume_quality=0.00701417
