epsilon_quality=0.106644
volume_quality=0.433471
