epsilon_quality=0.140286
volume_quality=0.387303
