epsilon_quality=0.0108145
volume_quality=0.0294308
