epsilon_quality=0.0878905
volume_quality=0.0467502
