epsilon_quality=0.231288
volume_quality=1.26357
