epsilon_quality=0.0901558
volume_quality=0.378738
