epsilon_quality=0.069931
volume_quality=0.209701
