epsilon_quality=0.101276
volume_quality=0.455087
