epsilon_quality=0.0693488
volume_quality=0.0979991
