epsilon_quality=0.0041239
volume_quality=0.0166253
