epsilon_quality=0.0863409
volume_quality=0.287217
