epsilon_quality=0.236615
volume_quality=0.469594
