epsilon_quality=0.237605
volume_quality=0.691114
