epsilon_quality=0.0576877
volume_quality=0.0697173
