epsilon_quality=0.0289049
volume_quality=0.0461426
