epsilon_quality=0.0835409
volume_quality=0.304752
