epsilon_quality=0.103605
volume_quality=0.0805904
