epsilon_quality=0.0345261
volume_quality=0.0198966
