gpsEpsilon=220.321
gpsVolume=118.214
mQualEpsilon=4.33681e-18
mQualVolume=0.000712611
new_planned_energy=64.5277
