gpsEpsilon=219.371
gpsVolume=120.165
mQualEpsilon=0.0275252
mQualVolume=0.00935403
new_planned_energy=53.2908
