gpsEpsilon=243.168
gpsVolume=122.069
mQualEpsilon=0.0201366
mQualVolume=0.00878447
new_planned_energy=60.3294
