gpsEpsilon=227.643
gpsVolume=110.246
mQualEpsilon=0.0650825
mQualVolume=0.0118846
new_planned_energy=60.1483
