gpsEpsilon=224.261
gpsVolume=118.354
mQualEpsilon=0.00724471
mQualVolume=0.00232616
new_planned_energy=46.0904
