gpsEpsilon=220.321
gpsVolume=118.214
mQualEpsilon=0.0468086
mQualVolume=0.0097097
new_planned_energy=26.7582
