gpsEpsilon=216.381
gpsVolume=117.992
mQualEpsilon=0.0311712
mQualVolume=0.00674606
new_planned_energy=28.9214
