epsilon_quality=0.107829
volume_quality=0.0660821
