epsilon_quality=0.282332
volume_quality=0.981496
