epsilon_quality=0.326903
volume_quality=1.27853
