epsilon_quality=0.0643055
volume_quality=0.0159988
