epsilon_quality=0.0864247
volume_quality=0.44193
