epsilon_quality=0.127088
volume_quality=0.295419
