epsilon_quality=0.109148
volume_quality=0.14243
