epsilon_quality=0.234917
volume_quality=0.676055
