epsilon_quality=0.178627
volume_quality=0.183749
