epsilon_quality=0.12521
volume_quality=0.250058
