epsilon_quality=0.125975
volume_quality=0.0999224
