epsilon_quality=0.156675
volume_quality=0.300791
