epsilon_quality=0.107703
volume_quality=0.10678
