gpsEpsilon=117.85
gpsVolume=18.415
mQualEpsilon=0.05153
mQualVolume=0.00256887
new_planned_energy=50.426
