gpsEpsilon=140.073
gpsVolume=26.6652
mQualEpsilon=0.0444867
mQualVolume=0.00144333
new_planned_energy=91.4246
