gpsEpsilon=140.91
gpsVolume=37.2415
mQualEpsilon=0.0238861
mQualVolume=0.0305479
new_planned_energy=20.4517
