gpsEpsilon=-0.661424
gpsVolume=0.437293
mQualEpsilon=1.80401
mQualVolume=46.0081
new_planned_energy=50.2058
