gpsEpsilon=1.56528e-315
gpsVolume=1.74872e-315
mQualEpsilon=0.0342282
mQualVolume=0.0142073
new_planned_energy=51.7619
