gpsEpsilon=112.866
gpsVolume=121.903
mQualEpsilon=0.0396585
mQualVolume=0.014643
new_planned_energy=23.3529
