gpsEpsilon=1.30845e-315
gpsVolume=0
mQualEpsilon=-1
mQualVolume=0.00144005
new_planned_energy=49.5288
