gpsEpsilon=103.312
gpsVolume=63.627
mQualEpsilon=0.0645959
mQualVolume=0.0127776
new_planned_energy=42.8917
