gpsEpsilon=74.0692
gpsVolume=118.719
mQualEpsilon=0.0208779
mQualVolume=0.00237026
new_planned_energy=53.7503
