gpsEpsilon=111.549
gpsVolume=58.9521
mQualEpsilon=0.0396642
mQualVolume=0.00342147
new_planned_energy=30.7843
