gpsEpsilon=140.337
gpsVolume=28.6812
mQualEpsilon=0.0273471
mQualVolume=0.00409592
new_planned_energy=49.4428
