epsilon_quality=0.0481876
volume_quality=0.025535
