epsilon_quality=0.122689
volume_quality=0.072102
