epsilon_quality=0.0289326
volume_quality=0.0439579
