epsilon_quality=0.074599
volume_quality=0.0787825
