epsilon_quality=0.125235
volume_quality=0.0657862
