epsilon_quality=0.0850338
volume_quality=0.0567376
