epsilon_quality=0.337901
volume_quality=1.11448
