epsilon_quality=0.18446
volume_quality=0.344703
