epsilon_quality=0.133168
volume_quality=0.134584
