epsilon_quality=0.130281
volume_quality=0.159724
