epsilon_quality=0.00434318
volume_quality=0.0040625
