epsilon_quality=0.206073
volume_quality=1.06885
