epsilon_quality=0.184173
volume_quality=0.951203
