epsilon_quality=0.0488804
volume_quality=0.0120647
