epsilon_quality=0.0613606
volume_quality=0.107651
