epsilon_quality=0.153424
volume_quality=0.126414
