epsilon_quality=0.210031
volume_quality=0.774825
