epsilon_quality=0.361591
volume_quality=3.97004
