epsilon_quality=0.267746
volume_quality=2.75002
