epsilon_quality=0.114131
volume_quality=0.07305
