epsilon_quality=0.0819659
volume_quality=0.126243
