epsilon_quality=0.0908494
volume_quality=0.410253
