epsilon_quality=0.045397
volume_quality=0.0524056
