epsilon_quality=0.0516833
volume_quality=0.103981
