epsilon_quality=0.0532635
volume_quality=0.0399475
