epsilon_quality=0.0557934
volume_quality=0.0376122
