epsilon_quality=0.0182625
volume_quality=0.0516831
