epsilon_quality=0.145367
volume_quality=0.191188
