epsilon_quality=0.14786
volume_quality=0.354583
