epsilon_quality=0.0953595
volume_quality=0.202672
