epsilon_quality=0.130841
volume_quality=0.282659
