epsilon_quality=0.197175
volume_quality=0.206056
