epsilon_quality=0.0550356
volume_quality=0.295344
