epsilon_quality=0.0767717
volume_quality=0.0413322
