epsilon_quality=0.011151
volume_quality=0.0189178
