epsilon_quality=0.0324235
volume_quality=0.00245092
