epsilon_quality=0.0250959
volume_quality=0.000838638
