epsilon_quality=0.148208
volume_quality=0.153721
