epsilon_quality=0.0395536
volume_quality=0.0178092
