epsilon_quality=0.314411
volume_quality=1.10611
