epsilon_quality=0.303638
volume_quality=1.70448
