epsilon_quality=0.296183
volume_quality=1.60079
