epsilon_quality=0.032568
volume_quality=0.00407511
