epsilon_quality=0.0150886
volume_quality=0.00415836
