epsilon_quality=0.123297
volume_quality=0.479328
