epsilon_quality=0.101874
volume_quality=0.463232
