epsilon_quality=0.210267
volume_quality=0.780894
