epsilon_quality=0.0565009
volume_quality=0.33983
