epsilon_quality=0.175582
volume_quality=0.39033
