epsilon_quality=0.123216
volume_quality=0.181658
