epsilon_quality=0.0575941
volume_quality=0.0341839
