epsilon_quality=0.161576
volume_quality=0.163156
