epsilon_quality=0.0120426
volume_quality=0.124619
