epsilon_quality=0.105781
volume_quality=0.159947
