epsilon_quality=0.0915024
volume_quality=0.035633
