epsilon_quality=0.259749
volume_quality=0.724942
