epsilon_quality=0.164344
volume_quality=0.674137
