epsilon_quality=0.0935564
volume_quality=0.395304
