epsilon_quality=0.0944794
volume_quality=0.0889172
