epsilon_quality=0.360886
volume_quality=1.08157
