epsilon_quality=0.046471
volume_quality=0.275954
