epsilon_quality=0.130656
volume_quality=0.485571
