epsilon_quality=0.212046
volume_quality=0.544701
