epsilon_quality=0.18235
volume_quality=0.183321
