epsilon_quality=0.234566
volume_quality=0.530936
