epsilon_quality=0.144126
volume_quality=0.251923
