epsilon_quality=0.0658845
volume_quality=0.270977
