epsilon_quality=0.00899927
volume_quality=0.0791016
