epsilon_quality=0.239853
volume_quality=0.724927
