epsilon_quality=0.488647
volume_quality=3.26773
