epsilon_quality=0.0499546
volume_quality=0.527242
