epsilon_quality=0.268894
volume_quality=0.985084
