epsilon_quality=0.0442079
volume_quality=0.0274991
