epsilon_quality=0.0853534
volume_quality=0.52506
