epsilon_quality=0.12762
volume_quality=0.419973
