epsilon_quality=0.0275786
volume_quality=0.0754524
