epsilon_quality=0.0751601
volume_quality=0.0521254
