epsilon_quality=0.054303
volume_quality=0.0540193
