epsilon_quality=0.0594635
volume_quality=0.455177
