epsilon_quality=0.0480175
volume_quality=0.028836
