epsilon_quality=0.193718
volume_quality=0.471216
