epsilon_quality=0.0316621
volume_quality=0.11098
