epsilon_quality=0.34346
volume_quality=2.07319
