epsilon_quality=0.238946
volume_quality=0.488396
