epsilon_quality=0.190393
volume_quality=0.851417
