epsilon_quality=0.154753
volume_quality=0.145767
