epsilon_quality=0.0430342
volume_quality=0.0575023
