epsilon_quality=0.171669
volume_quality=0.418299
