epsilon_quality=0.0632632
volume_quality=0.0472348
