epsilon_quality=0.0172243
volume_quality=0.0293335
