epsilon_quality=0.0378156
volume_quality=0.00916094
