epsilon_quality=0.143762
volume_quality=0.174745
