epsilon_quality=0.0166635
volume_quality=0.0147254
