epsilon_quality=0.102917
volume_quality=0.445386
