epsilon_quality=0.0858855
volume_quality=0.228942
