epsilon_quality=0.0648309
volume_quality=0.0903686
