epsilon_quality=0.237644
volume_quality=0.674907
