epsilon_quality=0.119121
volume_quality=0.291152
