epsilon_quality=0.221909
volume_quality=0.285907
