epsilon_quality=0.046343
volume_quality=0.390231
