epsilon_quality=0.177316
volume_quality=0.383754
