epsilon_quality=0.211981
volume_quality=0.522336
