epsilon_quality=0.17158
volume_quality=0.309921
