epsilon_quality=0.0170551
volume_quality=0.00273717
