epsilon_quality=0.0336956
volume_quality=0.00302769
