epsilon_quality=0.038312
volume_quality=0.0148026
