epsilon_quality=0.0243574
volume_quality=0.00196537
