epsilon_quality=0.0477385
volume_quality=0.00421632
