epsilon_quality=0.0310357
volume_quality=0.00211415
