epsilon_quality=0.0402253
volume_quality=0.0157208
