epsilon_quality=0.039411
volume_quality=0.00217853
