epsilon_quality=0.0275467
volume_quality=0.0166486
