epsilon_quality=0.0690446
volume_quality=0.0303739
