gpsEpsilon=26.1407
gpsVolume=178.811
mQualEpsilon=0.171281
mQualVolume=0.111681
new_planned_energy=60.0573
