gpsEpsilon=7.24522
gpsVolume=118.485
mQualEpsilon=0.0154209
mQualVolume=0.0164761
new_planned_energy=17.5286
