gpsEpsilon=29.9265
gpsVolume=171.008
mQualEpsilon=1.83904
mQualVolume=53.963
new_planned_energy=-1.83904
