gpsEpsilon=29.9265
gpsVolume=171.008
mQualEpsilon=1.72409
mQualVolume=43.97
new_planned_energy=-1.72409
