gpsEpsilon=40.9877
gpsVolume=121.686
mQualEpsilon=0.00129828
mQualVolume=0.0282898
new_planned_energy=65.0178
