gpsEpsilon=2.25419e-316
gpsVolume=4.5835e-316
mQualEpsilon=0.0264684
mQualVolume=0.00258801
new_planned_energy=52.829
