gpsEpsilon=5.74538e-316
gpsVolume=6.95335e-310
mQualEpsilon=0.0224091
mQualVolume=0.00435701
new_planned_energy=51.0711
