gpsEpsilon=0.687264
gpsVolume=-0.682333
mQualEpsilon=0.0224091
mQualVolume=0.00435701
new_planned_energy=91.3467
