gpsEpsilon=7.60792e-316
gpsVolume=0
mQualEpsilon=0.0494585
mQualVolume=0.0149454
new_planned_energy=32.6141
