gpsEpsilon=37.7647
gpsVolume=14.2687
mQualEpsilon=0.0231609
mQualVolume=0.007171
new_planned_energy=35.8581
