gpsEpsilon=0.611278
gpsVolume=0.490844
mQualEpsilon=0.196566
mQualVolume=0.11068
new_planned_energy=74.2208
