gpsEpsilon=7.59713e-316
gpsVolume=0
mQualEpsilon=1.67456
mQualVolume=47.6818
new_planned_energy=63.8507
