gpsEpsilon=17.7614
gpsVolume=126.409
mQualEpsilon=0.0139436
mQualVolume=0.000274014
new_planned_energy=53.0431
