gpsEpsilon=1.78426e-316
gpsVolume=8.29146e-316
mQualEpsilon=-1
mQualVolume=0.000932287
new_planned_energy=88.0356
