epsilon_quality=0.0687644
volume_quality=0.0254714
