epsilon_quality=0.0282626
volume_quality=0.0308604
