epsilon_quality=0.0715476
volume_quality=0.0212094
