epsilon_quality=0.0409719
volume_quality=0.0629241
