epsilon_quality=0.0469724
volume_quality=0.00754
