epsilon_quality=0.118197
volume_quality=0.249564
