epsilon_quality=0.144453
volume_quality=0.178014
