epsilon_quality=0.0629088
volume_quality=0.0787753
