epsilon_quality=0.0714408
volume_quality=0.0522303
