epsilon_quality=0.129245
volume_quality=0.0676981
