epsilon_quality=0.0300375
volume_quality=0.100045
