epsilon_quality=0.0208521
volume_quality=0.111929
