epsilon_quality=0.385015
volume_quality=2.25176
