epsilon_quality=0.0983286
volume_quality=0.0234934
