epsilon_quality=0.07429
volume_quality=0.0218557
