epsilon_quality=0.0134262
volume_quality=0.000730665
