epsilon_quality=0.0361145
volume_quality=0.0350954
