epsilon_quality=0.0230708
volume_quality=0.00374705
