epsilon_quality=0.00704084
volume_quality=0.162088
