epsilon_quality=0.102436
volume_quality=0.103966
