epsilon_quality=0.103842
volume_quality=0.0692177
