epsilon_quality=0.0844612
volume_quality=0.106135
