epsilon_quality=0.215993
volume_quality=0.288624
