epsilon_quality=0.0232712
volume_quality=0.0715298
