epsilon_quality=0.00736291
volume_quality=0.203406
