epsilon_quality=0.0542916
volume_quality=0.123656
