epsilon_quality=0.0175789
volume_quality=0.00235862
