epsilon_quality=0.0746913
volume_quality=0.139968
