epsilon_quality=0.0512336
volume_quality=0.0679935
