epsilon_quality=0.143317
volume_quality=0.225888
