epsilon_quality=0.177956
volume_quality=0.323691
