epsilon_quality=0.105455
volume_quality=0.324519
