epsilon_quality=0.0575753
volume_quality=0.0452787
