epsilon_quality=0.0104129
volume_quality=0.031195
