epsilon_quality=0.0878847
volume_quality=0.0656966
