epsilon_quality=0.0999135
volume_quality=0.167523
