epsilon_quality=0.0618705
volume_quality=0.0353558
