epsilon_quality=0.144726
volume_quality=0.251517
