epsilon_quality=0.100532
volume_quality=0.281164
