epsilon_quality=0.0345636
volume_quality=0.0238094
