epsilon_quality=0.00349105
volume_quality=0.010968
