epsilon_quality=0.00782095
volume_quality=0.021387
