epsilon_quality=0.0855119
volume_quality=0.134582
