epsilon_quality=0.0905162
volume_quality=0.264141
