epsilon_quality=0.154249
volume_quality=0.21475
