epsilon_quality=0.17992
volume_quality=1.16239
