epsilon_quality=0.091953
volume_quality=0.0564993
