epsilon_quality=0.0142096
volume_quality=0.801395
