epsilon_quality=0.043564
volume_quality=0.0201173
