epsilon_quality=0.0585975
volume_quality=0.00954838
