epsilon_quality=0.0719418
volume_quality=0.0256991
