epsilon_quality=0.0694801
volume_quality=0.156893
