epsilon_quality=0.0420981
volume_quality=0.748179
