epsilon_quality=0.0921232
volume_quality=0.446325
