epsilon_quality=0.0650487
volume_quality=0.361394
