epsilon_quality=0.100772
volume_quality=0.0689537
