epsilon_quality=0.057328
volume_quality=0.0242686
