epsilon_quality=0.0954216
volume_quality=0.11076
