epsilon_quality=0.164523
volume_quality=0.206605
