epsilon_quality=0.0267258
volume_quality=0.101815
