epsilon_quality=0.0168279
volume_quality=0.041731
