epsilon_quality=0.0803547
volume_quality=0.0413504
