epsilon_quality=0.256021
volume_quality=0.404673
