epsilon_quality=0.103336
volume_quality=0.175241
