epsilon_quality=0.135643
volume_quality=0.123422
