epsilon_quality=0.0815458
volume_quality=0.056356
