epsilon_quality=0.0352779
volume_quality=0.026238
