epsilon_quality=0.017948
volume_quality=0.0246923
