epsilon_quality=0.0572836
volume_quality=0.0334574
