epsilon_quality=0.155962
volume_quality=0.544526
