epsilon_quality=0.0964531
volume_quality=0.0213384
