epsilon_quality=0.102537
volume_quality=0.0558084
