epsilon_quality=0.02351
volume_quality=0.00199404
