epsilon_quality=0.0375839
volume_quality=0.0266792
