epsilon_quality=0.0174612
volume_quality=0.00311185
