epsilon_quality=0.11756
volume_quality=0.798988
