epsilon_quality=0.00138625
volume_quality=0.000706608
