epsilon_quality=0.126734
volume_quality=0.483542
