epsilon_quality=0.163929
volume_quality=0.632026
