epsilon_quality=0.105646
volume_quality=0.577545
