epsilon_quality=0.066353
volume_quality=0.0320309
