epsilon_quality=0.0562077
volume_quality=0.0502564
