epsilon_quality=0.176956
volume_quality=0.474994
