epsilon_quality=0.192382
volume_quality=0.590071
