epsilon_quality=0.116034
volume_quality=0.351527
