epsilon_quality=0.273869
volume_quality=0.729934
