epsilon_quality=0.0989385
volume_quality=0.25398
