epsilon_quality=0.00567092
volume_quality=0.0900717
