epsilon_quality=0.114642
volume_quality=0.136079
