epsilon_quality=0.00701933
volume_quality=0.132041
