epsilon_quality=0.0709861
volume_quality=0.151271
