epsilon_quality=0.0246943
volume_quality=0.00577002
