epsilon_quality=0.031736
volume_quality=0.282735
