epsilon_quality=0.00542418
volume_quality=0.0674484
