epsilon_quality=0.050686
volume_quality=0.132983
