epsilon_quality=0.11172
volume_quality=0.176008
