epsilon_quality=0.24633
volume_quality=0.493278
