epsilon_quality=0.354516
volume_quality=1.21193
