epsilon_quality=0.191923
volume_quality=0.393287
