epsilon_quality=0.163507
volume_quality=0.262518
