epsilon_quality=0.123336
volume_quality=0.269757
