epsilon_quality=0.0255817
volume_quality=0.00149742
