epsilon_quality=0.0688809
volume_quality=0.0143509
