epsilon_quality=0.439869
volume_quality=3.34495
