epsilon_quality=0.184574
volume_quality=0.510675
