epsilon_quality=0.0220777
volume_quality=0.00341809
