epsilon_quality=0.0759835
volume_quality=0.041597
