epsilon_quality=0.0603844
volume_quality=0.0308314
