epsilon_quality=0.106422
volume_quality=0.0799605
