epsilon_quality=0.070501
volume_quality=0.0348785
