epsilon_quality=0.121139
volume_quality=0.171641
