epsilon_quality=0.0796208
volume_quality=0.0897029
