epsilon_quality=0.118052
volume_quality=0.316541
