epsilon_quality=0.002515
volume_quality=0.0034072
