epsilon_quality=0.107671
volume_quality=0.220807
