epsilon_quality=0.117465
volume_quality=0.0922668
