epsilon_quality=0.101857
volume_quality=0.130393
