epsilon_quality=0.0570021
volume_quality=0.150702
