epsilon_quality=0.00153693
volume_quality=0.0197711
