epsilon_quality=0.0604209
volume_quality=0.0656182
