epsilon_quality=0.174115
volume_quality=0.456333
