epsilon_quality=0.026017
volume_quality=0.00085425
