epsilon_quality=0.029627
volume_quality=0.100149
