epsilon_quality=0.0280665
volume_quality=0.00728115
