epsilon_quality=0.203964
volume_quality=0.30264
