epsilon_quality=0.22824
volume_quality=0.897221
