epsilon_quality=0.0185189
volume_quality=0.00715153
