epsilon_quality=0.0494402
volume_quality=0.0214433
