epsilon_quality=0.104092
volume_quality=0.113088
