epsilon_quality=0.0870217
volume_quality=0.0539526
