epsilon_quality=0.0368806
volume_quality=0.0580542
