epsilon_quality=0.0455899
volume_quality=0.0197158
