epsilon_quality=0.0410709
volume_quality=0.023172
