epsilon_quality=0.131597
volume_quality=0.131104
