epsilon_quality=0.147298
volume_quality=0.162277
