epsilon_quality=0.0447574
volume_quality=0.00594603
