epsilon_quality=0.0344252
volume_quality=0.00773832
