epsilon_quality=0.0221516
volume_quality=0.00658029
