epsilon_quality=0.0407734
volume_quality=0.00486397
