epsilon_quality=0.0457365
volume_quality=0.00639612
