epsilon_quality=0.0333963
volume_quality=0.00962453
