epsilon_quality=0.117639
volume_quality=0.350958
