epsilon_quality=0.143581
volume_quality=0.159061
