epsilon_quality=0.0534726
volume_quality=0.0554735
