epsilon_quality=0.0761793
volume_quality=0.137803
