epsilon_quality=0.0866168
volume_quality=0.0277578
