epsilon_quality=0.129661
volume_quality=0.404693
