epsilon_quality=0.0863368
volume_quality=0.512026
