epsilon_quality=0.195548
volume_quality=0.427621
