epsilon_quality=0.108939
volume_quality=0.538185
