epsilon_quality=0.0583875
volume_quality=0.0821828
