epsilon_quality=0.0683656
volume_quality=0.217304
