epsilon_quality=0.292848
volume_quality=1.29058
