epsilon_quality=0.0276544
volume_quality=0.0270612
