epsilon_quality=0.00354076
volume_quality=0.0428872
