epsilon_quality=0.0873433
volume_quality=0.0725527
