epsilon_quality=0.0728731
volume_quality=0.114624
