epsilon_quality=0.0639245
volume_quality=0.162337
