epsilon_quality=0.0276079
volume_quality=0.00195384
