epsilon_quality=0.0199529
volume_quality=0.00197837
