epsilon_quality=0.154714
volume_quality=0.418308
