epsilon_quality=0.226845
volume_quality=0.352976
