epsilon_quality=0.122349
volume_quality=0.191053
