epsilon_quality=0.0238012
volume_quality=0.0108672
