epsilon_quality=0.0725883
volume_quality=0.0281505
