epsilon_quality=0.0506238
volume_quality=0.00751146
