epsilon_quality=0.0307903
volume_quality=0.0168989
