epsilon_quality=0.12826
volume_quality=0.174254
