epsilon_quality=0.0243405
volume_quality=0.00506265
