epsilon_quality=0.176045
volume_quality=0.155628
