epsilon_quality=0.103783
volume_quality=0.124735
