epsilon_quality=0.0819893
volume_quality=0.246601
