epsilon_quality=0.127878
volume_quality=0.0884229
