epsilon_quality=0.160443
volume_quality=0.119516
