epsilon_quality=0.0804855
volume_quality=0.140701
