epsilon_quality=0.138556
volume_quality=0.0476696
