epsilon_quality=0.183568
volume_quality=0.233369
