epsilon_quality=0.282134
volume_quality=1.43788
