epsilon_quality=0.164545
volume_quality=0.513888
