epsilon_quality=0.010436
volume_quality=0.0220255
