epsilon_quality=0.113459
volume_quality=0.484886
