epsilon_quality=0.076114
volume_quality=0.17416
