epsilon_quality=0.086456
volume_quality=0.785073
