gpsEpsilon=13.4456
gpsVolume=116.958
mQualEpsilon=0.0709435
mQualVolume=0.02834
new_planned_energy=45.4773
