gpsEpsilon=5.22011e-312
gpsVolume=-nan
mQualEpsilon=0.0317307
mQualVolume=0.0110914
new_planned_energy=43.7444
