gpsEpsilon=56.025
gpsVolume=247.65
mQualEpsilon=0.0143232
mQualVolume=0.0135761
new_planned_energy=62.8269
