gpsEpsilon=14.8489
gpsVolume=213.947
mQualEpsilon=0.0393488
mQualVolume=0.00659582
new_planned_energy=61.4264
