gpsEpsilon=26.6631
gpsVolume=213.947
mQualEpsilon=0.0715519
mQualVolume=0.00928646
new_planned_energy=16.1923
