gpsEpsilon=18.8348
gpsVolume=191.977
mQualEpsilon=0.0192557
mQualVolume=0.00992438
new_planned_energy=59.7858
