gpsEpsilon=28.1633
gpsVolume=137.042
mQualEpsilon=0.0634956
mQualVolume=0.00813825
new_planned_energy=76.213
