gpsEpsilon=21.5734
gpsVolume=126.066
mQualEpsilon=0.0422109
mQualVolume=0.0271835
new_planned_energy=50.9013
