epsilon_quality=0.124641
volume_quality=0.100784
