epsilon_quality=0.0654417
volume_quality=0.120328
