epsilon_quality=0.136028
volume_quality=0.398447
