epsilon_quality=0.272896
volume_quality=0.883397
