epsilon_quality=0.0692131
volume_quality=0.0760335
