epsilon_quality=0.0592599
volume_quality=0.0375439
