epsilon_quality=0.0649033
volume_quality=0.17049
