epsilon_quality=0.127289
volume_quality=0.277535
