epsilon_quality=0.036984
volume_quality=0.0686262
