epsilon_quality=0.0919661
volume_quality=0.147809
