epsilon_quality=0.00168091
volume_quality=0.000973639
