epsilon_quality=0.0722672
volume_quality=0.0918211
