epsilon_quality=0.0815897
volume_quality=0.0246797
