epsilon_quality=0.0485929
volume_quality=0.220225
