epsilon_quality=0.114157
volume_quality=0.13925
