epsilon_quality=0.137525
volume_quality=0.283473
