epsilon_quality=0.238062
volume_quality=0.44419
