epsilon_quality=0.0812847
volume_quality=0.315583
