epsilon_quality=0.137162
volume_quality=0.254509
