epsilon_quality=0.185461
volume_quality=0.32849
