epsilon_quality=0.0435822
volume_quality=0.0489215
