epsilon_quality=0.00509851
volume_quality=0.0715072
