epsilon_quality=0.156476
volume_quality=0.244805
