epsilon_quality=0.0558041
volume_quality=0.115242
