epsilon_quality=0.0926947
volume_quality=0.179766
