epsilon_quality=0.126859
volume_quality=0.42106
