epsilon_quality=0.112219
volume_quality=0.210713
