epsilon_quality=0.0944154
volume_quality=0.218764
