epsilon_quality=0.133156
volume_quality=0.464817
