epsilon_quality=0.00789973
volume_quality=0.0103162
