epsilon_quality=0.0436009
volume_quality=0.0493993
