epsilon_quality=0.0534227
volume_quality=0.0388553
