epsilon_quality=0.020894
volume_quality=0.056224
