epsilon_quality=0.168658
volume_quality=0.18655
