gpsEpsilon=0
gpsVolume=0
mQualEpsilon=0.0281699
mQualVolume=0.00293634
new_planned_energy=57.0785
