gpsEpsilon=0
gpsVolume=0.0078125
mQualEpsilon=0.0391299
mQualVolume=0.0198674
new_planned_energy=90.8515
