gpsEpsilon=0
gpsVolume=0.0078125
mQualEpsilon=0.0539031
mQualVolume=0.00319486
new_planned_energy=46.4694
