gpsEpsilon=0.506472
gpsVolume=-0.5252
mQualEpsilon=0.0170008
mQualVolume=0.00449779
new_planned_energy=56.1954
