gpsEpsilon=0.353357
gpsVolume=-0.176165
mQualEpsilon=0.0164712
mQualVolume=0.00209832
new_planned_energy=60.5768
