gpsEpsilon=-0.730148
gpsVolume=-0.460126
mQualEpsilon=-1
mQualVolume=0.00734887
new_planned_energy=64.4922
