gpsEpsilon=-0.730148
gpsVolume=-0.460126
mQualEpsilon=0.0260961
mQualVolume=0.00181988
new_planned_energy=71.3936
