gpsEpsilon=0
gpsVolume=0
mQualEpsilon=0.0284084
mQualVolume=0.00139125
new_planned_energy=89.8051
