gpsEpsilon=0
gpsVolume=0
mQualEpsilon=0.00127433
mQualVolume=0.00295284
new_planned_energy=40.2612
