gpsEpsilon=-0.730148
gpsVolume=-0.460126
mQualEpsilon=0.064238
mQualVolume=0.0119909
new_planned_energy=23.5371
