gpsEpsilon=0
gpsVolume=0
mQualEpsilon=0.0569498
mQualVolume=0.00482845
new_planned_energy=51.1875
