gpsEpsilon=-0.206071
gpsVolume=-0.152369
mQualEpsilon=0.0876727
mQualVolume=0.0199769
new_planned_energy=91.2326
