gpsEpsilon=0
gpsVolume=0
mQualEpsilon=0.0267216
mQualVolume=0.000606514
new_planned_energy=31.0641
