gpsEpsilon=-0.308994
gpsVolume=-0.214194
mQualEpsilon=0.0422103
mQualVolume=0.00345002
new_planned_energy=47.7694
