epsilon_quality=0.0925749
volume_quality=0.149702
