epsilon_quality=0.120008
volume_quality=0.117688
