gpsEpsilon=15.717
gpsVolume=91.3326
mQualEpsilon=0.00905163
mQualVolume=0.00676908
new_planned_energy=53.9351
