gpsEpsilon=0
gpsVolume=1.061e-314
mQualEpsilon=0.0264059
mQualVolume=0.00109314
new_planned_energy=95.1167
