gpsEpsilon=52.9913
gpsVolume=80.6232
mQualEpsilon=1.63788
mQualVolume=53.71
new_planned_energy=-1.63788
