gpsEpsilon=52.9913
gpsVolume=80.6232
mQualEpsilon=0.0254252
mQualVolume=0.00343757
new_planned_energy=44.8872
