gpsEpsilon=113.321
gpsVolume=85.6666
mQualEpsilon=0.0477178
mQualVolume=0.00955612
new_planned_energy=44.8621
