gpsEpsilon=108.144
gpsVolume=85.3399
mQualEpsilon=0.0663522
mQualVolume=0.0160238
new_planned_energy=41.4263
