gpsEpsilon=85.3216
gpsVolume=79.3417
mQualEpsilon=1.48967
mQualVolume=49.5263
new_planned_energy=-1.48967
