gpsEpsilon=201.189
gpsVolume=81.2622
mQualEpsilon=0.0531066
mQualVolume=0.00745338
new_planned_energy=36.2971
