gpsEpsilon=217.759
gpsVolume=81.5292
mQualEpsilon=0.0152229
mQualVolume=0.00784522
new_planned_energy=41.4656
