gpsEpsilon=224.41
gpsVolume=82.0184
mQualEpsilon=0.0154261
mQualVolume=0.00424913
new_planned_energy=24.8797
