gpsEpsilon=235.279
gpsVolume=85.2874
mQualEpsilon=0.00249116
mQualVolume=0.00076199
new_planned_energy=82.0149
