gpsEpsilon=15.7197
gpsVolume=101.872
mQualEpsilon=1.60985
mQualVolume=41.3739
new_planned_energy=-1.60985
