epsilon_quality=0.0178867
volume_quality=0.00791376
