epsilon_quality=0.0268466
volume_quality=0.0113616
