epsilon_quality=0.056037
volume_quality=0.0840955
