epsilon_quality=0.165037
volume_quality=0.651997
