epsilon_quality=0.187524
volume_quality=0.854993
