epsilon_quality=0.101568
volume_quality=0.124823
