epsilon_quality=0.225183
volume_quality=1.12154
