epsilon_quality=0.023516
volume_quality=0.0919217
