epsilon_quality=0.0952872
volume_quality=0.0667513
