epsilon_quality=0.117451
volume_quality=0.173373
