epsilon_quality=0.0635117
volume_quality=0.0223653
