epsilon_quality=0.16469
volume_quality=0.450571
