epsilon_quality=0.0168604
volume_quality=0.0109065
