epsilon_quality=0.218745
volume_quality=0.597104
