epsilon_quality=0.0673093
volume_quality=0.467758
