epsilon_quality=0.0269633
volume_quality=0.0251565
