epsilon_quality=0.0380639
volume_quality=0.0612503
