epsilon_quality=0.0167421
volume_quality=0.0176181
