epsilon_quality=0.245444
volume_quality=0.560591
