epsilon_quality=0.035507
volume_quality=0.023923
