epsilon_quality=0.0664196
volume_quality=0.0351243
