epsilon_quality=0.132324
volume_quality=0.229418
