epsilon_quality=0.0346789
volume_quality=0.0253331
