epsilon_quality=0.202639
volume_quality=0.26549
