epsilon_quality=0.084046
volume_quality=0.585461
