epsilon_quality=0.115695
volume_quality=0.372255
