epsilon_quality=0.0113484
volume_quality=0.0973258
