epsilon_quality=0.344734
volume_quality=1.27346
