epsilon_quality=0.0241121
volume_quality=0.210986
