epsilon_quality=0.118795
volume_quality=0.264409
