epsilon_quality=0.15088
volume_quality=0.529225
