epsilon_quality=0.0028844
volume_quality=0.253519
