epsilon_quality=0.00423453
volume_quality=0.0388724
