epsilon_quality=0.215618
volume_quality=0.315145
