epsilon_quality=0.130891
volume_quality=0.17567
