epsilon_quality=0.149534
volume_quality=0.125349
