epsilon_quality=0.0294339
volume_quality=0.00937706
