epsilon_quality=0.205754
volume_quality=0.297143
