epsilon_quality=0.217683
volume_quality=0.688601
