epsilon_quality=0.0550237
volume_quality=0.0511507
