epsilon_quality=0.0431647
volume_quality=0.00997602
