epsilon_quality=0.0249064
volume_quality=0.00136737
