epsilon_quality=0.0283158
volume_quality=0.00280664
