epsilon_quality=0.0205797
volume_quality=0.00192694
