epsilon_quality=0.0166392
volume_quality=0.00104984
