epsilon_quality=0.0126528
volume_quality=0.00335546
