epsilon_quality=0.0422025
volume_quality=0.0023991
