epsilon_quality=0.000682654
volume_quality=0.135085
