epsilon_quality=0.0533305
volume_quality=0.0162958
