epsilon_quality=0.0202975
volume_quality=0.00181106
