epsilon_quality=0.209543
volume_quality=1.04242
