epsilon_quality=0.0281618
volume_quality=0.00789741
