epsilon_quality=0.0871122
volume_quality=0.0214271
