epsilon_quality=0.135193
volume_quality=0.550119
