epsilon_quality=0.137284
volume_quality=0.184544
