epsilon_quality=0.0975927
volume_quality=0.103102
