epsilon_quality=0.260119
volume_quality=0.54534
