epsilon_quality=0.194929
volume_quality=0.657543
