epsilon_quality=0.139241
volume_quality=0.0612637
