epsilon_quality=0.0628389
volume_quality=0.070526
