epsilon_quality=0.034095
volume_quality=0.0109299
