epsilon_quality=0.00401
volume_quality=0.0302813
