epsilon_quality=0.0952223
volume_quality=0.130986
