epsilon_quality=0.0503315
volume_quality=0.0419465
