gpsEpsilon=200.88
gpsVolume=110.239
mQualEpsilon=0.0404034
mQualVolume=0.00338452
new_planned_energy=23.4388
