gpsEpsilon=200.88
gpsVolume=110.239
mQualEpsilon=1.60462
mQualVolume=45.9232
new_planned_energy=-1.60462
