gpsEpsilon=154.714
gpsVolume=118.634
mQualEpsilon=0.0410396
mQualVolume=0.00616034
new_planned_energy=19.3695
