gpsEpsilon=154.714
gpsVolume=118.634
mQualEpsilon=0.106509
mQualVolume=25.4344
new_planned_energy=-0.106509
