gpsEpsilon=162.17
gpsVolume=118.509
mQualEpsilon=0.0293385
mQualVolume=0.00494493
new_planned_energy=23.8758
