gpsEpsilon=8.38268e-316
gpsVolume=9.88131e-324
mQualEpsilon=0.0379999
mQualVolume=0.00240772
new_planned_energy=90.7716
