gpsEpsilon=67.5846
gpsVolume=173.817
mQualEpsilon=0.0469574
mQualVolume=0.00261768
new_planned_energy=44.9162
