gpsEpsilon=49.6486
gpsVolume=29.7866
mQualEpsilon=0.0469574
mQualVolume=0.00261768
new_planned_energy=40.546
