gpsEpsilon=7.62613e-316
gpsVolume=3.76572e-316
mQualEpsilon=-1
mQualVolume=0.00289818
new_planned_energy=17.5432
