gpsEpsilon=199.336
gpsVolume=149.069
mQualEpsilon=0.00964623
mQualVolume=0.000100699
new_planned_energy=68.189
