gpsEpsilon=107.05
gpsVolume=131.107
mQualEpsilon=0.00246334
mQualVolume=0.00220723
new_planned_energy=115.831
