epsilon_quality=0.177449
volume_quality=0.324165
