epsilon_quality=0.121593
volume_quality=0.0990291
