epsilon_quality=0.0638938
volume_quality=0.0219496
