epsilon_quality=0.239642
volume_quality=0.734047
