epsilon_quality=0.12381
volume_quality=0.320668
