epsilon_quality=0.106906
volume_quality=0.233473
