epsilon_quality=0.0776455
volume_quality=0.0348535
