epsilon_quality=0.196757
volume_quality=0.482019
