epsilon_quality=0.0558412
volume_quality=0.0226478
