epsilon_quality=0.0498944
volume_quality=0.0104004
