epsilon_quality=0.0563651
volume_quality=0.00605001
