epsilon_quality=0.058618
volume_quality=0.0211425
