epsilon_quality=0.0732781
volume_quality=0.142793
