epsilon_quality=0.172598
volume_quality=0.38575
