epsilon_quality=0.353012
volume_quality=0.840185
