epsilon_quality=0.133832
volume_quality=0.133191
