epsilon_quality=0.120425
volume_quality=0.127682
