epsilon_quality=0.0413833
volume_quality=0.0351172
