epsilon_quality=0.19003
volume_quality=0.709031
