epsilon_quality=0.064196
volume_quality=0.248203
