epsilon_quality=0.0544743
volume_quality=0.0322827
