epsilon_quality=0.204368
volume_quality=0.374974
