epsilon_quality=0.00205085
volume_quality=0.0820553
