epsilon_quality=0.0299519
volume_quality=0.0341498
