epsilon_quality=0.0298084
volume_quality=0.061332
