epsilon_quality=0.0322119
volume_quality=0.0218752
