epsilon_quality=0.15738
volume_quality=0.548608
