epsilon_quality=0.00125987
volume_quality=0.0467218
