epsilon_quality=0.00475211
volume_quality=0.019664
