epsilon_quality=0.135611
volume_quality=0.173521
