epsilon_quality=0.0134793
volume_quality=0.027396
