epsilon_quality=0.0225104
volume_quality=0.018226
