epsilon_quality=0.0402705
volume_quality=0.0793969
