epsilon_quality=0.0960124
volume_quality=1.08428
