epsilon_quality=0.305452
volume_quality=1.78922
