epsilon_quality=0.244996
volume_quality=1.17284
