epsilon_quality=0.227031
volume_quality=1.32706
