epsilon_quality=0.0425967
volume_quality=0.0792626
