epsilon_quality=0.0660776
volume_quality=0.0350847
