epsilon_quality=0.07618
volume_quality=0.102696
