epsilon_quality=0.0394292
volume_quality=0.0732913
