epsilon_quality=0.213055
volume_quality=0.486044
