epsilon_quality=0.0409512
volume_quality=0.00885154
