epsilon_quality=0.0750368
volume_quality=0.0529492
