epsilon_quality=0.125306
volume_quality=0.116447
