epsilon_quality=0.0839971
volume_quality=0.145151
