epsilon_quality=0.0487569
volume_quality=0.342225
