epsilon_quality=0.0722541
volume_quality=0.113344
