epsilon_quality=0.150747
volume_quality=0.396096
