epsilon_quality=0.0553322
volume_quality=0.10506
