epsilon_quality=0.0633688
volume_quality=0.335432
