epsilon_quality=0.15922
volume_quality=0.163609
