epsilon_quality=0.0900686
volume_quality=0.0909244
