epsilon_quality=0.167612
volume_quality=0.491186
