epsilon_quality=0.0959759
volume_quality=0.422336
