epsilon_quality=0.056478
volume_quality=0.0670752
