epsilon_quality=0.030495
volume_quality=0.0698626
