epsilon_quality=0.0209832
volume_quality=0.066707
