epsilon_quality=0.0289866
volume_quality=0.0266863
