epsilon_quality=0.0248483
volume_quality=0.0186228
