epsilon_quality=0.0489594
volume_quality=0.00662221
