epsilon_quality=0.016842
volume_quality=0.000716531
