epsilon_quality=0.0257632
volume_quality=0.0209771
