epsilon_quality=0.0808967
volume_quality=0.0299584
