epsilon_quality=0.0645689
volume_quality=0.026399
