epsilon_quality=0.0442931
volume_quality=0.01094
