epsilon_quality=0.104132
volume_quality=0.138361
