epsilon_quality=0.243425
volume_quality=0.524937
