epsilon_quality=0.242865
volume_quality=0.820193
