epsilon_quality=0.090727
volume_quality=0.264214
