epsilon_quality=0.135194
volume_quality=0.0736807
