epsilon_quality=0.102225
volume_quality=0.0555071
