epsilon_quality=0.0795447
volume_quality=0.148552
