epsilon_quality=0.0258945
volume_quality=0.00570173
