epsilon_quality=0.0232471
volume_quality=0.0075082
