epsilon_quality=0.0842739
volume_quality=0.0593209
