epsilon_quality=0.00669508
volume_quality=0.00193137
