epsilon_quality=0.00928478
volume_quality=0.00372447
