epsilon_quality=0.0761291
volume_quality=0.0694709
