epsilon_quality=0.0820994
volume_quality=0.310401
