epsilon_quality=0.07384
volume_quality=0.087568
