epsilon_quality=0.113781
volume_quality=0.157868
