epsilon_quality=0.0865218
volume_quality=0.134664
