epsilon_quality=0.155627
volume_quality=0.173569
