epsilon_quality=0.0342181
volume_quality=0.0153856
