epsilon_quality=0.0574465
volume_quality=0.0607295
