epsilon_quality=0.0653726
volume_quality=0.06312
