epsilon_quality=0.110916
volume_quality=0.12281
