epsilon_quality=0.043255
volume_quality=0.0176492
