epsilon_quality=0.175104
volume_quality=0.240739
