epsilon_quality=0.0264896
volume_quality=0.0230029
