epsilon_quality=0.0979313
volume_quality=0.10103
