epsilon_quality=0.101346
volume_quality=0.144238
