epsilon_quality=0.138319
volume_quality=0.168392
