epsilon_quality=0.0918793
volume_quality=0.158595
