epsilon_quality=0.015621
volume_quality=0.0163607
