epsilon_quality=0.031875
volume_quality=0.0145892
