epsilon_quality=0.044285
volume_quality=0.00657338
