epsilon_quality=0.135262
volume_quality=0.374928
