epsilon_quality=0.0296987
volume_quality=0.039932
