epsilon_quality=0.0968887
volume_quality=0.0747556
