epsilon_quality=0.0152841
volume_quality=0.0795249
