epsilon_quality=0.0636335
volume_quality=0.403739
