epsilon_quality=0.0208367
volume_quality=0.117731
