epsilon_quality=0.108677
volume_quality=0.152557
