epsilon_quality=0.117152
volume_quality=0.109683
