epsilon_quality=0.101634
volume_quality=0.538757
