epsilon_quality=6.50521e-18
volume_quality=0.0330561
