epsilon_quality=0.107104
volume_quality=0.0254922
