epsilon_quality=0.171807
volume_quality=0.138001
