epsilon_quality=0.0106329
volume_quality=0.183381
