epsilon_quality=0.00811065
volume_quality=0.0595223
