epsilon_quality=0.0332383
volume_quality=0.123322
