epsilon_quality=0.260681
volume_quality=0.709727
