epsilon_quality=0.0584077
volume_quality=0.0297703
