epsilon_quality=0.174945
volume_quality=0.175692
