epsilon_quality=0.202415
volume_quality=0.31368
