epsilon_quality=0.264227
volume_quality=0.612307
