epsilon_quality=0.0415938
volume_quality=0.114356
