epsilon_quality=0.00387386
volume_quality=0.0465498
