epsilon_quality=0.219693
volume_quality=1.13508
