epsilon_quality=0.0599732
volume_quality=0.0136648
