epsilon_quality=0.0808071
volume_quality=0.118976
