epsilon_quality=0.0330737
volume_quality=0.0543905
