epsilon_quality=0.0541927
volume_quality=0.0541172
