epsilon_quality=0.0451666
volume_quality=0.0342906
