epsilon_quality=0.0629028
volume_quality=0.0562434
