epsilon_quality=0.0746983
volume_quality=0.044788
