epsilon_quality=0.085519
volume_quality=0.0489362
