epsilon_quality=0.0412839
volume_quality=0.0185338
