epsilon_quality=0.0997975
volume_quality=0.0987539
