epsilon_quality=0.128035
volume_quality=0.172756
