epsilon_quality=0.070614
volume_quality=0.105007
