epsilon_quality=0.219795
volume_quality=0.360728
