epsilon_quality=0.0104815
volume_quality=0.0403727
