epsilon_quality=0.0395181
volume_quality=0.074715
