epsilon_quality=0.29951
volume_quality=2.49826
