epsilon_quality=0.302236
volume_quality=0.885551
