epsilon_quality=0.0168242
volume_quality=0.005913
