epsilon_quality=0.148764
volume_quality=0.839202
