epsilon_quality=0.272373
volume_quality=1.80275
