epsilon_quality=0.446871
volume_quality=4.06776
