epsilon_quality=0.0387481
volume_quality=0.0357188
