epsilon_quality=0.0429255
volume_quality=0.136494
