epsilon_quality=0.226463
volume_quality=0.471587
