epsilon_quality=0.155025
volume_quality=0.10781
