epsilon_quality=0.197909
volume_quality=0.359225
