epsilon_quality=0.147669
volume_quality=0.348371
