epsilon_quality=0.153828
volume_quality=0.413892
