epsilon_quality=0.0764981
volume_quality=0.146641
