epsilon_quality=0.0117439
volume_quality=0.0158786
