epsilon_quality=0.0653676
volume_quality=0.049443
