epsilon_quality=0.0572284
volume_quality=0.173861
