epsilon_quality=0.169945
volume_quality=0.463819
