epsilon_quality=0.135782
volume_quality=0.232915
