epsilon_quality=0.132661
volume_quality=0.302548
