epsilon_quality=0.0606389
volume_quality=0.205975
