epsilon_quality=0.126487
volume_quality=0.743295
