epsilon_quality=0.104159
volume_quality=1.31485
