epsilon_quality=0.0414701
volume_quality=0.0207796
