epsilon_quality=0.184695
volume_quality=0.547045
