epsilon_quality=0.139612
volume_quality=0.505003
