epsilon_quality=0.161785
volume_quality=0.274688
