epsilon_quality=0.103434
volume_quality=0.14925
