epsilon_quality=0.00794379
volume_quality=0.298424
