epsilon_quality=0.0645972
volume_quality=0.16672
