epsilon_quality=0.0403824
volume_quality=0.0545573
