epsilon_quality=0.0390971
volume_quality=0.0265453
