epsilon_quality=0.0593926
volume_quality=0.0319322
