epsilon_quality=0.0209164
volume_quality=0.10372
