epsilon_quality=0.00626849
volume_quality=0.0567934
