epsilon_quality=0.148167
volume_quality=0.261403
