epsilon_quality=0.0980835
volume_quality=0.131978
