epsilon_quality=0.072672
volume_quality=0.0826375
