epsilon_quality=0.121596
volume_quality=0.106128
