epsilon_quality=0.0580704
volume_quality=0.0966787
