epsilon_quality=0.178885
volume_quality=0.150645
