epsilon_quality=0.070231
volume_quality=0.133226
