epsilon_quality=0.0123173
volume_quality=0.0196104
