epsilon_quality=0.226938
volume_quality=0.746607
