epsilon_quality=0.047163
volume_quality=0.0117934
