epsilon_quality=0.0719775
volume_quality=0.057023
