epsilon_quality=0.0306654
volume_quality=0.00302405
