epsilon_quality=0.0653083
volume_quality=0.192792
