epsilon_quality=0.0106632
volume_quality=0.0194652
