epsilon_quality=0.0576715
volume_quality=0.161225
