epsilon_quality=0.189268
volume_quality=1.17046
