epsilon_quality=0.0432601
volume_quality=0.0525253
