epsilon_quality=0.0566699
volume_quality=0.113647
