epsilon_quality=0.0767615
volume_quality=0.0743364
