epsilon_quality=0.0931177
volume_quality=0.0341661
