epsilon_quality=0.0716417
volume_quality=0.115441
