epsilon_quality=0.188457
volume_quality=0.835502
