epsilon_quality=0.0966552
volume_quality=0.374571
