epsilon_quality=0.214285
volume_quality=0.265122
