epsilon_quality=0.0603662
volume_quality=0.0355945
