epsilon_quality=0.018775
volume_quality=0.037462
