epsilon_quality=0.150685
volume_quality=0.825779
