epsilon_quality=0.039071
volume_quality=0.0491292
