epsilon_quality=0.0077463
volume_quality=0.0127709
