epsilon_quality=0.107521
volume_quality=0.108922
