epsilon_quality=0.119774
volume_quality=1.03549
