epsilon_quality=0.0540308
volume_quality=0.0245493
