epsilon_quality=0.00883458
volume_quality=0.0311974
