gpsEpsilon=22.2774
gpsVolume=19.6118
mQualEpsilon=0.0515874
mQualVolume=0.00685981
new_planned_energy=57.6998
