gpsEpsilon=-0.482653
gpsVolume=-0.875667
mQualEpsilon=-1
mQualVolume=0.0030942
new_planned_energy=77.7297
