gpsEpsilon=30.48
gpsVolume=106.991
mQualEpsilon=0.01854
mQualVolume=0.00321114
new_planned_energy=90.4216
