gpsEpsilon=1.57008e-315
gpsVolume=0.0244605
mQualEpsilon=0.0159028
mQualVolume=0.00469364
new_planned_energy=57.8578
