gpsEpsilon=9.39655
gpsVolume=50.3621
mQualEpsilon=-1
mQualVolume=0.000642903
new_planned_energy=56.7274
