gpsEpsilon=18.7088
gpsVolume=22.8104
mQualEpsilon=0.0308587
mQualVolume=0.00852382
new_planned_energy=84.248
