gpsEpsilon=14.0195
gpsVolume=47.4858
mQualEpsilon=0.0127547
mQualVolume=0.013989
new_planned_energy=72.7964
