gpsEpsilon=16.1566
gpsVolume=42.1429
mQualEpsilon=0.0394032
mQualVolume=0.0131192
new_planned_energy=46.9698
