gpsEpsilon=18.2937
gpsVolume=105.518
mQualEpsilon=0.0121988
mQualVolume=0.0114514
new_planned_energy=73.2475
