gpsEpsilon=8.81159
gpsVolume=15.1912
mQualEpsilon=-1
mQualVolume=0.00649982
new_planned_energy=81.2431
