epsilon_quality=0.090759
volume_quality=0.102532
