epsilon_quality=0.0220966
volume_quality=0.0213107
