epsilon_quality=0.120284
volume_quality=0.0786099
