epsilon_quality=0.0558552
volume_quality=0.113614
