epsilon_quality=0.144751
volume_quality=0.221016
