epsilon_quality=0.145356
volume_quality=0.32354
