epsilon_quality=0.124862
volume_quality=0.381702
