epsilon_quality=0.124644
volume_quality=0.129393
