epsilon_quality=0.0271562
volume_quality=0.0175159
