epsilon_quality=0.108592
volume_quality=0.0741875
