epsilon_quality=0.314604
volume_quality=1.07144
