epsilon_quality=0.0358159
volume_quality=0.00816236
