epsilon_quality=0.169229
volume_quality=0.581456
