gpsEpsilon=63.4787
gpsVolume=191.502
mQualEpsilon=0.0252665
mQualVolume=0.00404624
new_planned_energy=16.1212
