gpsEpsilon=97.8726
gpsVolume=136.366
mQualEpsilon=1.59185
mQualVolume=46.8236
new_planned_energy=-1.59185
