gpsEpsilon=97.8726
gpsVolume=136.366
mQualEpsilon=1.57552
mQualVolume=46.6758
new_planned_energy=-1.57552
