gpsEpsilon=97.8726
gpsVolume=136.366
mQualEpsilon=1.57939
mQualVolume=46.5145
new_planned_energy=-1.57939
