gpsEpsilon=97.8726
gpsVolume=136.366
mQualEpsilon=1.60351
mQualVolume=46.7078
new_planned_energy=-1.60351
