gpsEpsilon=97.8726
gpsVolume=136.366
mQualEpsilon=1.51089
mQualVolume=46.4
new_planned_energy=-1.51089
