gpsEpsilon=1.08955e-315
gpsVolume=0
mQualEpsilon=0.0959683
mQualVolume=0.0180574
new_planned_energy=83.6
