gpsEpsilon=1.08953e-315
gpsVolume=0
mQualEpsilon=0.0291461
mQualVolume=0.0324425
new_planned_energy=119.186
