gpsEpsilon=1.39097e-315
gpsVolume=0
mQualEpsilon=-1
mQualVolume=0.00720946
new_planned_energy=101.438
