gpsEpsilon=1.36328e-315
gpsVolume=0
mQualEpsilon=0.0627378
mQualVolume=0.0173888
new_planned_energy=34.5133
