gpsEpsilon=1.34902e-315
gpsVolume=0
mQualEpsilon=-1
mQualVolume=0.000443008
new_planned_energy=93.3218
