gpsEpsilon=8.06285e-316
gpsVolume=0
mQualEpsilon=-1
mQualVolume=0.00619254
new_planned_energy=35.4317
