gpsEpsilon=1.26651e-315
gpsVolume=0
mQualEpsilon=0.00911162
mQualVolume=0.00680188
new_planned_energy=54.5218
