gpsEpsilon=1.36469e-315
gpsVolume=0
mQualEpsilon=-1
mQualVolume=0.00595789
new_planned_energy=73.7701
