gpsEpsilon=1.40321e-315
gpsVolume=0.0645439
mQualEpsilon=-1
mQualVolume=0.00620127
new_planned_energy=100.669
