epsilon_quality=0.0107947
volume_quality=0.0361713
