epsilon_quality=0.045365
volume_quality=0.0311105
