epsilon_quality=0.0307248
volume_quality=0.0115745
