epsilon_quality=0.0486857
volume_quality=0.0109418
