epsilon_quality=0.0613687
volume_quality=0.530347
