epsilon_quality=0.0167558
volume_quality=0.00350376
