epsilon_quality=0.133905
volume_quality=0.0897561
