epsilon_quality=0.0229031
volume_quality=0.00516972
