epsilon_quality=0.193645
volume_quality=0.287789
