epsilon_quality=0.0721728
volume_quality=0.0799585
