epsilon_quality=0.228096
volume_quality=1.35577
