epsilon_quality=0.0792022
volume_quality=0.224663
