epsilon_quality=0.225047
volume_quality=0.363617
