epsilon_quality=0.117148
volume_quality=0.385094
