epsilon_quality=0.0554545
volume_quality=0.0393953
