epsilon_quality=0.00426245
volume_quality=0.00869307
