epsilon_quality=0.0262794
volume_quality=0.365153
