epsilon_quality=0.0438285
volume_quality=0.60433
