epsilon_quality=0.0878289
volume_quality=0.159429
