epsilon_quality=0.13821
volume_quality=0.247369
