epsilon_quality=0.0309736
volume_quality=0.0247915
