epsilon_quality=0.0628367
volume_quality=0.0113114
