epsilon_quality=0.178882
volume_quality=0.460851
