epsilon_quality=0.188862
volume_quality=0.85874
