epsilon_quality=0.188585
volume_quality=0.751048
