epsilon_quality=0.106357
volume_quality=0.256878
