epsilon_quality=0.0064365
volume_quality=0.0088542
