epsilon_quality=0.0124629
volume_quality=0.00881083
