epsilon_quality=0.176943
volume_quality=0.304524
