epsilon_quality=0.258144
volume_quality=1.02267
