epsilon_quality=0.203037
volume_quality=1.05285
