epsilon_quality=0.0925964
volume_quality=0.0737984
