epsilon_quality=0.156207
volume_quality=0.547391
