epsilon_quality=0.0706594
volume_quality=0.0721891
