epsilon_quality=0.130669
volume_quality=0.401578
