epsilon_quality=0.00990086
volume_quality=0.00289718
