epsilon_quality=0.110795
volume_quality=0.150758
