epsilon_quality=0.0535609
volume_quality=0.0205239
