epsilon_quality=0.0604396
volume_quality=0.0138589
