epsilon_quality=0.00736682
volume_quality=0.0206693
