epsilon_quality=0.0488245
volume_quality=0.0254134
