epsilon_quality=0.08084
volume_quality=0.227626
