epsilon_quality=0.0790301
volume_quality=0.0891747
