epsilon_quality=0.0168797
volume_quality=0.00126723
