epsilon_quality=0.0148809
volume_quality=0.00396183
