epsilon_quality=0.0726412
volume_quality=0.0392346
