epsilon_quality=0.0653285
volume_quality=0.0302778
