epsilon_quality=0.129361
volume_quality=0.262862
