epsilon_quality=0.16295
volume_quality=0.390674
