epsilon_quality=0.0414119
volume_quality=0.0166133
