epsilon_quality=0.0983001
volume_quality=0.0607793
