epsilon_quality=0.119205
volume_quality=0.214573
