epsilon_quality=0.0444635
volume_quality=0.0189915
