epsilon_quality=0.200762
volume_quality=1.05634
