epsilon_quality=0.228733
volume_quality=0.711899
