epsilon_quality=0.0469705
volume_quality=0.0450982
