epsilon_quality=0.138586
volume_quality=0.505871
