epsilon_quality=0.0712714
volume_quality=0.077037
