epsilon_quality=0.174167
volume_quality=0.425378
