epsilon_quality=0.212338
volume_quality=0.562381
