epsilon_quality=0.124745
volume_quality=0.158929
