epsilon_quality=0.0845147
volume_quality=0.0341589
