epsilon_quality=0.0260564
volume_quality=0.035071
