epsilon_quality=0.243547
volume_quality=0.356729
