epsilon_quality=0.0386101
volume_quality=0.137226
