epsilon_quality=0.0789609
volume_quality=0.05857
