epsilon_quality=0.0585092
volume_quality=0.0221202
