epsilon_quality=0.101944
volume_quality=0.0445747
