epsilon_quality=0.0792622
volume_quality=0.0535557
