epsilon_quality=0.130984
volume_quality=0.0594417
