epsilon_quality=0.00955278
volume_quality=0.0098311
