epsilon_quality=0.206284
volume_quality=0.523663
