epsilon_quality=0.0697059
volume_quality=0.11047
