epsilon_quality=0.284471
volume_quality=0.817997
