epsilon_quality=0.0374202
volume_quality=0.0545434
