gpsEpsilon=176.406
gpsVolume=76.043
mQualEpsilon=1.60117
mQualVolume=50.7799
new_planned_energy=-1.60117
