gpsEpsilon=175.332
gpsVolume=76.4009
mQualEpsilon=1.68524
mQualVolume=45.6548
new_planned_energy=-1.68524
