gpsEpsilon=188.339
gpsVolume=82.8454
mQualEpsilon=0.0077481
mQualVolume=0.00227561
new_planned_energy=19.3674
