gpsEpsilon=188.339
gpsVolume=82.8454
mQualEpsilon=1.63291
mQualVolume=46.7218
new_planned_energy=-1.63291
