gpsEpsilon=188.339
gpsVolume=82.8454
mQualEpsilon=1.71462
mQualVolume=49.8576
new_planned_energy=-1.71462
