gpsEpsilon=209.462
gpsVolume=74.7304
mQualEpsilon=0.0679136
mQualVolume=0.00353855
new_planned_energy=15.1063
