gpsEpsilon=246.576
gpsVolume=77.4751
mQualEpsilon=0.0201576
mQualVolume=0.00805674
new_planned_energy=41.4881
