gpsEpsilon=-0.391157
gpsVolume=1.02538
mQualEpsilon=-1
mQualVolume=0.00104964
new_planned_energy=66.7214
