gpsEpsilon=200.393
gpsVolume=66.138
mQualEpsilon=0.0317592
mQualVolume=0.0135395
new_planned_energy=20.8822
