gpsEpsilon=193.471
gpsVolume=72.5823
mQualEpsilon=0.00517921
mQualVolume=0.0220364
new_planned_energy=41.9055
