gpsEpsilon=200.393
gpsVolume=82.2485
mQualEpsilon=1.82289
mQualVolume=48.3066
new_planned_energy=-1.82289
