gpsEpsilon=200.393
gpsVolume=82.2485
mQualEpsilon=0.0468835
mQualVolume=0.00359393
new_planned_energy=16.4284
