epsilon_quality=0.0247885
volume_quality=0.0266338
