epsilon_quality=0.065456
volume_quality=0.0838976
