epsilon_quality=0.141701
volume_quality=0.11876
