epsilon_quality=0.136553
volume_quality=0.228388
