epsilon_quality=0.0665316
volume_quality=0.160141
