epsilon_quality=0.0406974
volume_quality=0.0231812
