epsilon_quality=0.0328369
volume_quality=0.0429346
