gpsEpsilon=2.4703e-316
gpsVolume=2.48109e-316
mQualEpsilon=0.0788509
mQualVolume=0.030023
new_planned_energy=45.7269
