gpsEpsilon=2.122e-314
gpsVolume=9.00126e-317
mQualEpsilon=0.00935445
mQualVolume=0.0100267
new_planned_energy=38.1829
