gpsEpsilon=-0.0580877
gpsVolume=1.30374
mQualEpsilon=0.0996543
mQualVolume=0.0552894
new_planned_energy=43.0953
