gpsEpsilon=173.41
gpsVolume=142.717
mQualEpsilon=0.112124
mQualVolume=0.027617
new_planned_energy=41.3791
