gpsEpsilon=-0.0715912
gpsVolume=1.28357
mQualEpsilon=0.0624541
mQualVolume=0.0191731
new_planned_energy=43.2307
