gpsEpsilon=125.906
gpsVolume=135.536
mQualEpsilon=0.0180967
mQualVolume=0.00206019
new_planned_energy=57.3517
