gpsEpsilon=1.09788e-316
gpsVolume=1.09997e-316
mQualEpsilon=0.0822352
mQualVolume=0.0206041
new_planned_energy=43.5
