gpsEpsilon=1.09788e-316
gpsVolume=1.09997e-316
mQualEpsilon=1.15056
mQualVolume=36.6763
new_planned_energy=-1.15056
