gpsEpsilon=3.39591e-316
gpsVolume=3.39436e-316
mQualEpsilon=-1
mQualVolume=0.000323978
new_planned_energy=41.9292
