gpsEpsilon=168.494
gpsVolume=99.7547
mQualEpsilon=0.00488433
mQualVolume=0.0108126
new_planned_energy=28.3756
