gpsEpsilon=119.641
gpsVolume=142.566
mQualEpsilon=0.0878322
mQualVolume=0.0369906
new_planned_energy=60.3737
