gpsEpsilon=-0.418007
gpsVolume=5.902
mQualEpsilon=0.0931575
mQualVolume=0.0337199
new_planned_energy=37.233
