epsilon_quality=0.00945769
volume_quality=0.00660901
