epsilon_quality=0.0468463
volume_quality=0.0351253
