epsilon_quality=0.354715
volume_quality=4.76914
