epsilon_quality=0.24537
volume_quality=2.52545
