epsilon_quality=0.602749
volume_quality=8.21326
