epsilon_quality=0.0533089
volume_quality=0.0120781
