epsilon_quality=0.0550489
volume_quality=0.0833458
