epsilon_quality=0.199362
volume_quality=0.560812
