epsilon_quality=0.201972
volume_quality=1.33461
