epsilon_quality=0.0495278
volume_quality=0.191694
