epsilon_quality=0.039579
volume_quality=0.0443454
