epsilon_quality=0.0823679
volume_quality=0.197753
