gpsEpsilon=9.02594
gpsVolume=48.4287
mQualEpsilon=0.0120463
mQualVolume=0.0120077
new_planned_energy=23.6864
