gpsEpsilon=9.02594
gpsVolume=48.4287
mQualEpsilon=1.49577
mQualVolume=37.3378
new_planned_energy=45.7618
