gpsEpsilon=1.07298e-315
gpsVolume=0
mQualEpsilon=-1
mQualVolume=0.00673289
new_planned_energy=86.9458
