gpsEpsilon=1.62048e-315
gpsVolume=0
mQualEpsilon=0.0787747
mQualVolume=0.0173171
new_planned_energy=68.3879
