gpsEpsilon=1.56963e-315
gpsVolume=0
mQualEpsilon=-0
mQualVolume=0.00522311
new_planned_energy=55.0717
