gpsEpsilon=1.3262e-315
gpsVolume=0
mQualEpsilon=0.0539016
mQualVolume=0.021623
new_planned_energy=47.1366
