gpsEpsilon=1.27331e-315
gpsVolume=0
mQualEpsilon=-1
mQualVolume=0.011875
new_planned_energy=40.8072
