epsilon_quality=0.0319698
volume_quality=0.0951197
