epsilon_quality=0.00702336
volume_quality=0.33075
