epsilon_quality=0.00536091
volume_quality=0.0380091
