epsilon_quality=0.104511
volume_quality=0.18621
