epsilon_quality=0.0593489
volume_quality=0.00735682
