epsilon_quality=0.0806896
volume_quality=0.137567
