epsilon_quality=0.0374793
volume_quality=0.0259347
