epsilon_quality=0.102726
volume_quality=0.0467437
