epsilon_quality=0.0492985
volume_quality=0.01219
