epsilon_quality=0.21888
volume_quality=1.20284
