epsilon_quality=0.0401052
volume_quality=0.0225478
