epsilon_quality=0.143112
volume_quality=0.170473
