epsilon_quality=0.0258228
volume_quality=0.0145609
