epsilon_quality=0.0778301
volume_quality=0.178825
