epsilon_quality=0.0773702
volume_quality=0.131499
