epsilon_quality=0.0628377
volume_quality=0.0797723
