epsilon_quality=0.0396067
volume_quality=0.00568154
