epsilon_quality=0.0949699
volume_quality=0.0751109
