epsilon_quality=0.195069
volume_quality=0.252673
