epsilon_quality=0.237555
volume_quality=0.510361
