epsilon_quality=0.0203728
volume_quality=0.0779875
