epsilon_quality=0.0433655
volume_quality=0.0144815
