epsilon_quality=0.0619741
volume_quality=0.518301
