epsilon_quality=0.0874023
volume_quality=0.0176649
