epsilon_quality=0.0487811
volume_quality=0.0190453
