epsilon_quality=0.0383058
volume_quality=0.0249132
