epsilon_quality=0.0146158
volume_quality=0.241531
