epsilon_quality=0.134843
volume_quality=0.218656
