epsilon_quality=0.181815
volume_quality=1.07147
