epsilon_quality=0.0445831
volume_quality=0.0768783
