epsilon_quality=0.115848
volume_quality=0.380679
