epsilon_quality=0.0455319
volume_quality=0.0263488
