epsilon_quality=0.151219
volume_quality=0.10801
