epsilon_quality=0.187993
volume_quality=0.569867
