epsilon_quality=0.141365
volume_quality=0.387174
