epsilon_quality=0.293717
volume_quality=2.07776
