epsilon_quality=0.0675817
volume_quality=0.0984534
