epsilon_quality=0.0448228
volume_quality=0.0979802
