epsilon_quality=0.0451723
volume_quality=0.0104213
