epsilon_quality=0.0411678
volume_quality=0.0934727
