epsilon_quality=0.0654456
volume_quality=0.0264795
