epsilon_quality=0.123686
volume_quality=0.10589
