epsilon_quality=0.0916741
volume_quality=0.0945444
