epsilon_quality=0.000178836
volume_quality=0.0964884
