epsilon_quality=0.247744
volume_quality=0.635639
