epsilon_quality=0.100412
volume_quality=0.748627
