gpsEpsilon=1.27946e-307
gpsVolume=1.11258e-307
mQualEpsilon=-1
mQualVolume=0.00381918
new_planned_energy=49.0617
