gpsEpsilon=8.63467e-316
gpsVolume=0.234223
mQualEpsilon=0.0606112
mQualVolume=0.029158
new_planned_energy=82.0998
