gpsEpsilon=0
gpsVolume=0
mQualEpsilon=0.0303408
mQualVolume=0.00553449
new_planned_energy=17.1462
