gpsEpsilon=-62.2937
gpsVolume=0.173369
mQualEpsilon=-1
mQualVolume=0.00428809
new_planned_energy=25.0962
