gpsEpsilon=11.5385
gpsVolume=37.4858
mQualEpsilon=0.01439
mQualVolume=0.00383321
new_planned_energy=20.1084
