gpsEpsilon=7.24522
gpsVolume=118.485
mQualEpsilon=-1
mQualVolume=0.00279696
new_planned_energy=84.8189
