gpsEpsilon=7.93935e-316
gpsVolume=0
mQualEpsilon=-1
mQualVolume=0.00286261
new_planned_energy=44.1284
