gpsEpsilon=6.78007e-316
gpsVolume=0
mQualEpsilon=0.0163077
mQualVolume=0.0141158
new_planned_energy=47.897
