gpsEpsilon=6.59971e-316
gpsVolume=0
mQualEpsilon=0.024468
mQualVolume=0.0442093
new_planned_energy=46.8809
