gpsEpsilon=7.93939e-316
gpsVolume=6.84062e-316
mQualEpsilon=-1
mQualVolume=0.000781328
new_planned_energy=65.8367
