gpsEpsilon=4.72633e-316
gpsVolume=0.00664553
mQualEpsilon=-1
mQualVolume=0.00224564
new_planned_energy=56.2713
