epsilon_quality=0.163775
volume_quality=0.500621
