epsilon_quality=0.180281
volume_quality=0.336905
