epsilon_quality=0.143857
volume_quality=0.218746
