epsilon_quality=0.0568715
volume_quality=0.149706
