epsilon_quality=0.0628709
volume_quality=0.252954
