epsilon_quality=0.107639
volume_quality=0.145119
