epsilon_quality=0.125143
volume_quality=0.480438
