epsilon_quality=0.118303
volume_quality=0.371196
