epsilon_quality=0.0214471
volume_quality=0.00274163
