epsilon_quality=0.0520355
volume_quality=0.00567181
