epsilon_quality=0.0315048
volume_quality=0.00452563
