epsilon_quality=0.0981519
volume_quality=0.243639
