epsilon_quality=0.0823717
volume_quality=0.064444
