epsilon_quality=0.0658295
volume_quality=0.164197
