epsilon_quality=0.0413068
volume_quality=0.121205
