epsilon_quality=0.0797586
volume_quality=0.0459524
