epsilon_quality=0.0407029
volume_quality=0.0283813
