epsilon_quality=0.180101
volume_quality=0.249637
