epsilon_quality=0.206552
volume_quality=0.296742
