epsilon_quality=0.124121
volume_quality=0.151116
