epsilon_quality=0.0931321
volume_quality=0.113402
