epsilon_quality=0.00473759
volume_quality=0.00327524
