epsilon_quality=0.0343932
volume_quality=0.0267215
