epsilon_quality=0.0244031
volume_quality=0.00379902
