epsilon_quality=0.0871512
volume_quality=0.133222
