epsilon_quality=0.0183046
volume_quality=0.020067
