epsilon_quality=0.099726
volume_quality=0.178885
