epsilon_quality=0.0413554
volume_quality=0.0251007
