epsilon_quality=0.0329712
volume_quality=0.0129974
