epsilon_quality=0.0528153
volume_quality=0.0462795
