epsilon_quality=0.138554
volume_quality=0.191281
