epsilon_quality=0.0949461
volume_quality=0.102628
