epsilon_quality=0.0207299
volume_quality=0.00463281
