epsilon_quality=0.00535111
volume_quality=0.0013306
