epsilon_quality=0.0177753
volume_quality=0.00384822
