epsilon_quality=0.048422
volume_quality=0.0264484
