epsilon_quality=0.0575239
volume_quality=0.169392
