epsilon_quality=0.00999973
volume_quality=0.0602999
