epsilon_quality=0.060473
volume_quality=0.0255944
