epsilon_quality=0.031196
volume_quality=0.0819019
