epsilon_quality=0.0844065
volume_quality=0.0466574
