epsilon_quality=0.114928
volume_quality=0.223063
