epsilon_quality=0.0807123
volume_quality=0.466696
