epsilon_quality=0.0564021
volume_quality=0.0150871
