epsilon_quality=0.0316597
volume_quality=0.0184225
