epsilon_quality=0.150486
volume_quality=0.298268
