epsilon_quality=0.087664
volume_quality=0.0684126
