epsilon_quality=0.0700861
volume_quality=0.0749689
