epsilon_quality=0.138105
volume_quality=0.149183
