epsilon_quality=0.0878769
volume_quality=0.0907554
