epsilon_quality=0.0482309
volume_quality=0.0245566
