epsilon_quality=0.152413
volume_quality=0.401436
