epsilon_quality=0.0592935
volume_quality=0.0158151
