epsilon_quality=0.200675
volume_quality=0.388747
