epsilon_quality=0.215658
volume_quality=0.63992
