epsilon_quality=0.144801
volume_quality=0.431249
