epsilon_quality=0.287612
volume_quality=0.824159
