epsilon_quality=0.255387
volume_quality=0.922896
