epsilon_quality=0.0861724
volume_quality=0.196867
