epsilon_quality=0.0498487
volume_quality=0.0145679
