epsilon_quality=0.0248833
volume_quality=0.0144204
