epsilon_quality=0.0465101
volume_quality=0.0144839
