epsilon_quality=0.0468619
volume_quality=0.00761966
