epsilon_quality=0.11992
volume_quality=0.0653868
