epsilon_quality=0.239231
volume_quality=5.32727
