epsilon_quality=0.676997
volume_quality=8.53923
