epsilon_quality=0.118413
volume_quality=0.57042
