epsilon_quality=0.267546
volume_quality=1.40497
