epsilon_quality=0.0764495
volume_quality=0.496259
