epsilon_quality=0.282184
volume_quality=2.06394
