epsilon_quality=0.228436
volume_quality=0.771981
