epsilon_quality=0.121533
volume_quality=0.108379
