epsilon_quality=0.100923
volume_quality=0.11796
