epsilon_quality=0.00840723
volume_quality=0.00600346
