epsilon_quality=0.041092
volume_quality=0.0416295
