epsilon_quality=0.0938301
volume_quality=0.271353
