epsilon_quality=0.0176183
volume_quality=0.0051911
