epsilon_quality=0.0965154
volume_quality=0.0755097
