epsilon_quality=0.118543
volume_quality=0.106303
