epsilon_quality=0.0308575
volume_quality=0.0310438
