epsilon_quality=0.0373569
volume_quality=0.00891245
