epsilon_quality=0.0867133
volume_quality=0.053339
