epsilon_quality=0.017666
volume_quality=0.263061
