epsilon_quality=0.081765
volume_quality=0.259469
