epsilon_quality=0.17575
volume_quality=0.520253
