epsilon_quality=0.0716612
volume_quality=0.234674
