epsilon_quality=0.0235933
volume_quality=0.147333
