epsilon_quality=0.0701372
volume_quality=0.127869
