epsilon_quality=0.110889
volume_quality=0.101203
