epsilon_quality=0.202507
volume_quality=0.318943
