epsilon_quality=0.105826
volume_quality=0.130486
