epsilon_quality=0.123358
volume_quality=0.106993
