epsilon_quality=0.109699
volume_quality=0.101042
