epsilon_quality=0.0824859
volume_quality=0.535224
