epsilon_quality=0.0361661
volume_quality=0.0329652
