epsilon_quality=0.193187
volume_quality=0.351982
