gpsEpsilon=116.889
gpsVolume=137.66
mQualEpsilon=0.0535847
mQualVolume=0.0407806
new_planned_energy=62.6141
