gpsEpsilon=117.813
gpsVolume=134.669
mQualEpsilon=0.0872602
mQualVolume=0.0285879
new_planned_energy=33.036
