gpsEpsilon=129.765
gpsVolume=131.046
mQualEpsilon=0.0948037
mQualVolume=0.0185145
new_planned_energy=41.2752
