gpsEpsilon=118.221
gpsVolume=148.424
mQualEpsilon=0.0745695
mQualVolume=0.00790835
new_planned_energy=63.5567
