gpsEpsilon=171.798
gpsVolume=152.052
mQualEpsilon=0.057963
mQualVolume=0.0987593
new_planned_energy=38.6074
