gpsEpsilon=117.536
gpsVolume=139.066
mQualEpsilon=0.0683424
mQualVolume=0.0311242
new_planned_energy=51.9842
