epsilon_quality=0.211369
volume_quality=0.717513
