epsilon_quality=0.273797
volume_quality=0.613665
