epsilon_quality=0.0814405
volume_quality=0.151296
