epsilon_quality=0.111076
volume_quality=0.421183
