epsilon_quality=0.112783
volume_quality=0.0903164
