epsilon_quality=0.186422
volume_quality=1.08353
