epsilon_quality=0.144688
volume_quality=0.579388
