epsilon_quality=0.110789
volume_quality=0.0724331
