epsilon_quality=0.0295715
volume_quality=0.00566606
