epsilon_quality=0.0384885
volume_quality=0.103146
