epsilon_quality=0.0731909
volume_quality=0.04887
