epsilon_quality=0.0209822
volume_quality=0.108754
