epsilon_quality=0.0479497
volume_quality=0.0965032
