epsilon_quality=0.0450174
volume_quality=0.0620707
