epsilon_quality=0.126904
volume_quality=0.160141
