epsilon_quality=0.242295
volume_quality=0.798861
