epsilon_quality=0.108933
volume_quality=0.25546
