epsilon_quality=0.0472023
volume_quality=0.0303119
