epsilon_quality=0.129121
volume_quality=0.141893
