epsilon_quality=0.111355
volume_quality=0.163615
