epsilon_quality=0.0743479
volume_quality=0.20789
