epsilon_quality=0.0218368
volume_quality=0.0239883
