epsilon_quality=0.0343551
volume_quality=0.00324909
