epsilon_quality=0.0185997
volume_quality=0.00211982
