epsilon_quality=0.114065
volume_quality=0.137486
