epsilon_quality=0.0620742
volume_quality=0.0784455
