epsilon_quality=0.201973
volume_quality=0.428349
