epsilon_quality=0.0999193
volume_quality=0.0747585
