epsilon_quality=0.0312896
volume_quality=0.143247
