epsilon_quality=0.0225447
volume_quality=0.0162417
