epsilon_quality=0.0866881
volume_quality=0.104852
