epsilon_quality=0.174906
volume_quality=0.708524
