epsilon_quality=0.236129
volume_quality=2.35087
