epsilon_quality=0.0263085
volume_quality=0.000959049
