epsilon_quality=0.0718907
volume_quality=0.0153187
