epsilon_quality=0.0937527
volume_quality=0.21094
