epsilon_quality=0.0290312
volume_quality=0.0434771
