epsilon_quality=0.130338
volume_quality=1.40939
