epsilon_quality=0.0981702
volume_quality=1.47123
