epsilon_quality=0.117607
volume_quality=1.54301
