epsilon_quality=0.0674862
volume_quality=0.149864
