epsilon_quality=0.0893109
volume_quality=0.125178
