epsilon_quality=0.167783
volume_quality=0.480022
