epsilon_quality=0.0648432
volume_quality=0.197513
