epsilon_quality=0.0696376
volume_quality=0.216983
