gpsEpsilon=8.23586e-67
gpsVolume=7.86639e-67
mQualEpsilon=0.0724152
mQualVolume=0.0187285
new_planned_energy=48.4006
