gpsEpsilon=6.7435e-67
gpsVolume=7.71563e-96
mQualEpsilon=0.00295599
mQualVolume=0.000351076
new_planned_energy=74.1607
