gpsEpsilon=0
gpsVolume=0.166003
mQualEpsilon=0.0243403
mQualVolume=0.0031631
new_planned_energy=40.7443
