gpsEpsilon=13.631
gpsVolume=179.01
mQualEpsilon=0.00427674
mQualVolume=0.00121414
new_planned_energy=56.6139
