gpsEpsilon=-11.51
gpsVolume=1.00057
mQualEpsilon=-1
mQualVolume=0.000666626
new_planned_energy=72.8277
