gpsEpsilon=10.7343
gpsVolume=11.49
mQualEpsilon=0.00811089
mQualVolume=0.00219136
new_planned_energy=96.3378
