gpsEpsilon=1.81137
gpsVolume=0
mQualEpsilon=0.0148849
mQualVolume=0.00259301
new_planned_energy=61.389
