epsilon_quality=0.062849
volume_quality=0.178246
