epsilon_quality=0.00761298
volume_quality=0.0589058
