epsilon_quality=0.00258514
volume_quality=0.0130038
