epsilon_quality=0.0154919
volume_quality=0.0388682
