epsilon_quality=0.290441
volume_quality=0.883296
