epsilon_quality=0.135737
volume_quality=0.362057
