epsilon_quality=0.0773607
volume_quality=0.252346
