epsilon_quality=0.145955
volume_quality=0.326612
