gpsEpsilon=20.9655
gpsVolume=46.5069
mQualEpsilon=0.0120472
mQualVolume=0.00806111
new_planned_energy=47.042
