gpsEpsilon=18.3429
gpsVolume=48.3385
mQualEpsilon=0.0365841
mQualVolume=0.00749642
new_planned_energy=56.9832
