gpsEpsilon=28.1216
gpsVolume=34.5747
mQualEpsilon=0.0277372
mQualVolume=0.00112225
new_planned_energy=71.3514
