gpsEpsilon=33.1381
gpsVolume=37.3223
mQualEpsilon=0.0284779
mQualVolume=0.001985
new_planned_energy=65.1331
