gpsEpsilon=19.2551
gpsVolume=29.3919
mQualEpsilon=0.0217718
mQualVolume=0.00777216
new_planned_energy=65.9395
