gpsEpsilon=18.152
gpsVolume=32.7637
mQualEpsilon=0.0203593
mQualVolume=0.00329627
new_planned_energy=41.6906
