gpsEpsilon=23.5673
gpsVolume=40.991
mQualEpsilon=0.0110865
mQualVolume=0.00276507
new_planned_energy=73.2076
