epsilon_quality=0.0321978
volume_quality=0.0221081
