epsilon_quality=0.248157
volume_quality=0.493715
