epsilon_quality=0.0579038
volume_quality=0.13892
