epsilon_quality=0.0340024
volume_quality=0.16292
