epsilon_quality=0.0433081
volume_quality=0.0272188
