epsilon_quality=0.0585967
volume_quality=0.078665
