epsilon_quality=0.161469
volume_quality=0.282964
