epsilon_quality=0.196532
volume_quality=0.431032
