epsilon_quality=0.0659012
volume_quality=0.103275
