epsilon_quality=0.179706
volume_quality=0.669283
