epsilon_quality=0.160624
volume_quality=0.212946
