epsilon_quality=0.0133211
volume_quality=0.146019
