epsilon_quality=0.0510302
volume_quality=0.0217099
