epsilon_quality=0.100805
volume_quality=0.0324726
