epsilon_quality=0.0894713
volume_quality=0.104996
