epsilon_quality=0.0549277
volume_quality=0.049628
