epsilon_quality=0.374997
volume_quality=2.47538
