epsilon_quality=0.145034
volume_quality=0.11604
