epsilon_quality=0.140598
volume_quality=0.0946134
