epsilon_quality=0.33999
volume_quality=2.60036
