epsilon_quality=0.100817
volume_quality=0.145809
