epsilon_quality=0.0780961
volume_quality=0.126285
