epsilon_quality=0.00850714
volume_quality=0.0431757
