epsilon_quality=0.111938
volume_quality=0.151275
