epsilon_quality=0.124182
volume_quality=0.0901937
