gpsEpsilon=10.73
gpsVolume=11.49
mQualEpsilon=0.0390759
mQualVolume=0.0146873
new_planned_energy=23.7295
