gpsEpsilon=-3.4349
gpsVolume=10.7303
mQualEpsilon=0.0209668
mQualVolume=0.000978538
new_planned_energy=98.3439
