gpsEpsilon=1.18576e-321
gpsVolume=3.95253e-322
mQualEpsilon=0.0344217
mQualVolume=0.0251134
new_planned_energy=19.907
