gpsEpsilon=175.658
gpsVolume=133.695
mQualEpsilon=0.0111975
mQualVolume=0.00138358
new_planned_energy=95.0661
