gpsEpsilon=1.06965e-315
gpsVolume=0
mQualEpsilon=-1
mQualVolume=0.0106767
new_planned_energy=40.0886
