gpsEpsilon=4.26737e-316
gpsVolume=0
mQualEpsilon=1.74049
mQualVolume=56.8782
new_planned_energy=-1.74049
