gpsEpsilon=4.26737e-316
gpsVolume=0
mQualEpsilon=1.73851
mQualVolume=56.3222
new_planned_energy=-1.73851
