gpsEpsilon=4.26737e-316
gpsVolume=0
mQualEpsilon=1.75276
mQualVolume=56.8988
new_planned_energy=-1.75276
