gpsEpsilon=4.26737e-316
gpsVolume=0
mQualEpsilon=1.51014
mQualVolume=55.6409
new_planned_energy=-1.51014
