gpsEpsilon=4.26737e-316
gpsVolume=0
mQualEpsilon=1.66361
mQualVolume=56.6701
new_planned_energy=-1.66361
