gpsEpsilon=1.21956e-315
gpsVolume=0
mQualEpsilon=-1
mQualVolume=0.0276268
new_planned_energy=17.9466
