gpsEpsilon=1.17478e-315
gpsVolume=0
mQualEpsilon=0.0573361
mQualVolume=0.0128959
new_planned_energy=34.8673
