gpsEpsilon=1.12586e-315
gpsVolume=0
mQualEpsilon=0.00982205
mQualVolume=0.00871074
new_planned_energy=28.269
