gpsEpsilon=2.13394e-316
gpsVolume=0
mQualEpsilon=-1
mQualVolume=0.00314863
new_planned_energy=38.2661
