gpsEpsilon=2.07113e-316
gpsVolume=0
mQualEpsilon=0.0667832
mQualVolume=0.0098309
new_planned_energy=25.6993
