gpsEpsilon=-12.5285
gpsVolume=7.10543e-15
mQualEpsilon=-1
mQualVolume=3.88334e-05
new_planned_energy=97.7547
