gpsEpsilon=1.18576e-321
gpsVolume=2.37152e-322
mQualEpsilon=-1
mQualVolume=0.00251299
new_planned_energy=30.7632
