gpsEpsilon=1.18576e-321
gpsVolume=2.37152e-322
mQualEpsilon=0.396903
mQualVolume=17.9044
new_planned_energy=20.9386
