epsilon_quality=0.101737
volume_quality=0.336965
