epsilon_quality=0.262049
volume_quality=0.679868
