epsilon_quality=0.0898969
volume_quality=0.0865133
