epsilon_quality=0.106314
volume_quality=0.691719
