epsilon_quality=0.0415832
volume_quality=0.0539925
