epsilon_quality=0.0826838
volume_quality=0.0389891
