epsilon_quality=0.113484
volume_quality=0.0521043
