epsilon_quality=0.0444333
volume_quality=0.0104091
