epsilon_quality=0.119869
volume_quality=0.201822
