epsilon_quality=0.0906915
volume_quality=0.0645036
