epsilon_quality=0.0622909
volume_quality=0.039506
