epsilon_quality=0.018623
volume_quality=0.0158053
