epsilon_quality=0.0297184
volume_quality=0.122614
