epsilon_quality=0.124358
volume_quality=0.117425
