epsilon_quality=0.00287952
volume_quality=0.0178257
