epsilon_quality=0.0137126
volume_quality=0.0519883
