epsilon_quality=0.15441
volume_quality=0.173875
