epsilon_quality=0.0921336
volume_quality=0.0454669
