epsilon_quality=0.0834014
volume_quality=0.131893
