epsilon_quality=0.0231782
volume_quality=0.023319
