epsilon_quality=0.0886254
volume_quality=0.13454
