epsilon_quality=0.0317405
volume_quality=0.0488899
