epsilon_quality=0.0206015
volume_quality=0.0314149
