epsilon_quality=0.0779893
volume_quality=0.10811
