epsilon_quality=0.00953238
volume_quality=0.010898
