epsilon_quality=0.242064
volume_quality=0.496381
