epsilon_quality=0.0258716
volume_quality=0.0238142
