epsilon_quality=0.109445
volume_quality=0.0360491
