epsilon_quality=0.0587832
volume_quality=0.0119205
