epsilon_quality=0.0498811
volume_quality=0.0533705
