epsilon_quality=0.10294
volume_quality=0.0668573
