epsilon_quality=0.0476821
volume_quality=0.0458035
