epsilon_quality=0.0278172
volume_quality=0.164408
