epsilon_quality=0.116882
volume_quality=0.408124
