epsilon_quality=0.0571359
volume_quality=0.0214958
