epsilon_quality=0.0242925
volume_quality=0.131468
