epsilon_quality=0.09805
volume_quality=0.314773
