epsilon_quality=0.0704386
volume_quality=0.0814909
