epsilon_quality=0.0550299
volume_quality=0.224006
