epsilon_quality=0.0739353
volume_quality=0.0642868
