epsilon_quality=0.122076
volume_quality=0.123073
