epsilon_quality=0.0793577
volume_quality=0.117867
