epsilon_quality=0.0628969
volume_quality=0.0128267
