epsilon_quality=0.12649
volume_quality=0.697355
