epsilon_quality=0.0728756
volume_quality=0.0569974
