epsilon_quality=0.0514053
volume_quality=0.0395735
