epsilon_quality=0.0865769
volume_quality=0.0346431
