epsilon_quality=0.0876183
volume_quality=0.0606764
