epsilon_quality=0.0348642
volume_quality=0.00555259
