epsilon_quality=0.0289484
volume_quality=0.00183719
