epsilon_quality=0.0538365
volume_quality=0.0956565
