epsilon_quality=0.12875
volume_quality=0.802098
