epsilon_quality=0.0110269
volume_quality=0.00500847
