epsilon_quality=0.0122062
volume_quality=0.0208303
