epsilon_quality=0.231203
volume_quality=0.970908
