epsilon_quality=0.213352
volume_quality=0.671509
