epsilon_quality=0.112667
volume_quality=0.154098
