epsilon_quality=0.0733731
volume_quality=0.253019
