epsilon_quality=0.0803075
volume_quality=0.420777
