epsilon_quality=0.0949595
volume_quality=0.36591
