epsilon_quality=0.11819
volume_quality=0.31818
