epsilon_quality=0.0748642
volume_quality=0.083444
