epsilon_quality=0.207929
volume_quality=0.663484
