epsilon_quality=0.188176
volume_quality=0.293152
