epsilon_quality=0.151797
volume_quality=0.192257
