epsilon_quality=0.085853
volume_quality=0.0744054
