epsilon_quality=0.0271006
volume_quality=0.0286292
