epsilon_quality=0.0465294
volume_quality=0.0126023
