epsilon_quality=0.011713
volume_quality=0.00837313
