epsilon_quality=0.0514111
volume_quality=0.0158506
