epsilon_quality=0.110509
volume_quality=0.0576684
