epsilon_quality=0.0968498
volume_quality=0.0640629
