epsilon_quality=0.0224742
volume_quality=0.0976054
