epsilon_quality=0.0672054
volume_quality=0.0667355
