epsilon_quality=0.0123701
volume_quality=0.0651347
