epsilon_quality=0.0307006
volume_quality=0.037267
