epsilon_quality=0.0610403
volume_quality=0.013223
