epsilon_quality=0.180847
volume_quality=0.72802
