epsilon_quality=0.270021
volume_quality=0.455444
