epsilon_quality=0.0835328
volume_quality=0.0425624
