epsilon_quality=0.0707472
volume_quality=0.0376721
