epsilon_quality=0.0323323
volume_quality=0.0261474
