epsilon_quality=0.131264
volume_quality=0.527273
