epsilon_quality=0.0360449
volume_quality=0.00206177
