epsilon_quality=0.0405186
volume_quality=0.00213516
