epsilon_quality=0.0435846
volume_quality=0.0080212
