epsilon_quality=0.0431863
volume_quality=0.0417381
