epsilon_quality=0.0486283
volume_quality=0.128244
