epsilon_quality=0.03777
volume_quality=0.00255723
