epsilon_quality=0.040297
volume_quality=0.00643014
