epsilon_quality=0.0460826
volume_quality=0.00489921
