epsilon_quality=0.0416592
volume_quality=0.00642292
