epsilon_quality=0.0267058
volume_quality=0.00190774
