epsilon_quality=0.013356
volume_quality=0.00104333
