epsilon_quality=0.0221867
volume_quality=0.000641363
