epsilon_quality=0.0220649
volume_quality=0.00308122
