epsilon_quality=0.0521048
volume_quality=0.00495346
