epsilon_quality=0.027898
volume_quality=0.00674873
