epsilon_quality=0.0232577
volume_quality=0.0132002
