epsilon_quality=0.0400564
volume_quality=0.0057742
