gpsEpsilon=213.195
gpsVolume=104.057
mQualEpsilon=1.51365
mQualVolume=54.7801
new_planned_energy=-1.51365
