gpsEpsilon=213.195
gpsVolume=104.057
mQualEpsilon=1.84024
mQualVolume=57.804
new_planned_energy=-1.84024
