gpsEpsilon=213.195
gpsVolume=104.057
mQualEpsilon=1.89147
mQualVolume=58.5213
new_planned_energy=-1.89147
