gpsEpsilon=213.195
gpsVolume=104.057
mQualEpsilon=1.85109
mQualVolume=58.7207
new_planned_energy=-1.85109
