gpsEpsilon=213.195
gpsVolume=104.057
mQualEpsilon=1.58176
mQualVolume=52.3612
new_planned_energy=-1.58176
