gpsEpsilon=200.805
gpsVolume=114.062
mQualEpsilon=0.0223995
mQualVolume=0.0069706
new_planned_energy=17.4912
