gpsEpsilon=137.549
gpsVolume=55.7642
mQualEpsilon=0.0815889
mQualVolume=0.0242777
new_planned_energy=29.0778
