gpsEpsilon=170.726
gpsVolume=35.8899
mQualEpsilon=0.0443799
mQualVolume=0.0225492
new_planned_energy=19.8707
