gpsEpsilon=220.976
gpsVolume=45.2211
mQualEpsilon=0.0619184
mQualVolume=0.00672569
new_planned_energy=14.1114
