gpsEpsilon=160.036
gpsVolume=113.19
mQualEpsilon=0.0400148
mQualVolume=0.0153819
new_planned_energy=17.8276
