gpsEpsilon=0
gpsVolume=0
mQualEpsilon=0.0985605
mQualVolume=0.0185839
new_planned_energy=15.5709
