gpsEpsilon=9.72998
gpsVolume=-1.78762
mQualEpsilon=1.55365
mQualVolume=46.1729
new_planned_energy=42.2415
