gpsEpsilon=2.21448e-316
gpsVolume=6.95335e-310
mQualEpsilon=1.73986
mQualVolume=50.9886
new_planned_energy=36.174
