gpsEpsilon=0.40703
gpsVolume=0.197669
mQualEpsilon=1.9186
mQualVolume=54.7861
new_planned_energy=16.0886
