gpsEpsilon=0.40703
gpsVolume=0.197669
mQualEpsilon=1.76238
mQualVolume=54.5747
new_planned_energy=-1.76238
