gpsEpsilon=213.7
gpsVolume=140.945
mQualEpsilon=0.00388146
mQualVolume=0.0200797
new_planned_energy=28.9365
