gpsEpsilon=214.88
gpsVolume=141.74
mQualEpsilon=0.000202914
mQualVolume=0.0131956
new_planned_energy=33.6315
