epsilon_quality=0.0524704
volume_quality=0.111146
