epsilon_quality=0.161947
volume_quality=0.246112
