epsilon_quality=0.13602
volume_quality=0.139324
