epsilon_quality=0.115654
volume_quality=0.417861
