epsilon_quality=0.052624
volume_quality=0.0428706
