epsilon_quality=0.0762658
volume_quality=0.0729159
