epsilon_quality=0.188103
volume_quality=0.284709
