epsilon_quality=0.144861
volume_quality=0.387511
