epsilon_quality=0.0542825
volume_quality=0.0882762
