epsilon_quality=0.188295
volume_quality=0.361986
