epsilon_quality=0.105449
volume_quality=0.275797
