epsilon_quality=0.0125953
volume_quality=0.00328659
