epsilon_quality=0.0967464
volume_quality=0.0650971
