epsilon_quality=0.0351784
volume_quality=0.0648746
