epsilon_quality=0.0391654
volume_quality=0.0982579
