epsilon_quality=0.102841
volume_quality=0.683871
