epsilon_quality=0.00944911
volume_quality=0.0219148
