epsilon_quality=0.0491388
volume_quality=0.0239024
