epsilon_quality=0.0123017
volume_quality=0.058379
