epsilon_quality=0.00879457
volume_quality=0.141363
