epsilon_quality=0.0613628
volume_quality=0.257792
