epsilon_quality=0.0643636
volume_quality=0.147832
