epsilon_quality=0.0652109
volume_quality=0.214513
