epsilon_quality=0.0405741
volume_quality=0.0240565
