epsilon_quality=0.0468882
volume_quality=0.0615256
