epsilon_quality=0.0937215
volume_quality=0.210002
