epsilon_quality=0.0923867
volume_quality=0.096799
