epsilon_quality=0.165952
volume_quality=0.293585
