epsilon_quality=0.0709383
volume_quality=0.0640311
