epsilon_quality=0.0176196
volume_quality=0.11264
