epsilon_quality=0.0257848
volume_quality=0.0171412
