gpsEpsilon=116.002
gpsVolume=38.7599
mQualEpsilon=0.0388335
mQualVolume=0.00716145
new_planned_energy=81.1114
