gpsEpsilon=122.444
gpsVolume=56.6859
mQualEpsilon=0.0333124
mQualVolume=0.010149
new_planned_energy=41.5343
