gpsEpsilon=113.595
gpsVolume=85.8591
mQualEpsilon=0.0333124
mQualVolume=0.010149
new_planned_energy=53.9464
