gpsEpsilon=106.637
gpsVolume=7.95381
mQualEpsilon=0.0280163
mQualVolume=0.00225674
new_planned_energy=26.2954
