gpsEpsilon=107.778
gpsVolume=50.4528
mQualEpsilon=0.00308826
mQualVolume=0.00416747
new_planned_energy=51.6689
