gpsEpsilon=116.42
gpsVolume=58.0525
mQualEpsilon=0.00521129
mQualVolume=0.00222711
new_planned_energy=65.2469
