gpsEpsilon=109.758
gpsVolume=50.9013
mQualEpsilon=0.0247326
mQualVolume=0.00751358
new_planned_energy=74.6614
