gpsEpsilon=115.453
gpsVolume=50.7055
mQualEpsilon=0.0268512
mQualVolume=0.00218979
new_planned_energy=57.9881
