gpsEpsilon=104.646
gpsVolume=62.0169
mQualEpsilon=0.0307451
mQualVolume=0.00270633
new_planned_energy=67.1343
