gpsEpsilon=106.189
gpsVolume=76.1312
mQualEpsilon=0.0827052
mQualVolume=0.0101092
new_planned_energy=64.8689
