gpsEpsilon=105.16
gpsVolume=28.5476
mQualEpsilon=0.0163463
mQualVolume=0.00282725
new_planned_energy=71.8467
