gpsEpsilon=105.16
gpsVolume=30.05
mQualEpsilon=0.0118814
mQualVolume=0.0120519
new_planned_energy=86.2562
