epsilon_quality=0.0610443
volume_quality=0.0935643
