epsilon_quality=0.0117866
volume_quality=0.00813102
