epsilon_quality=0.0629169
volume_quality=0.0657682
