epsilon_quality=0.0452898
volume_quality=0.0817057
