epsilon_quality=0.0167687
volume_quality=0.00290331
