epsilon_quality=0.0797246
volume_quality=0.0672339
