epsilon_quality=0.0567416
volume_quality=0.0297458
