epsilon_quality=0.0573927
volume_quality=0.0265696
