epsilon_quality=0.0924248
volume_quality=0.236867
