epsilon_quality=0.11754
volume_quality=0.285182
