epsilon_quality=0.0227489
volume_quality=0.0264714
