epsilon_quality=0.0155764
volume_quality=0.0264995
