epsilon_quality=0.0848176
volume_quality=0.258778
