epsilon_quality=0.119566
volume_quality=0.344224
