epsilon_quality=0.222529
volume_quality=1.39958
