epsilon_quality=0.114336
volume_quality=0.225137
