epsilon_quality=0.00074305
volume_quality=0.00369788
