epsilon_quality=0.064859
volume_quality=0.317411
