epsilon_quality=0.0534938
volume_quality=0.214602
