epsilon_quality=0.0532829
volume_quality=0.0900769
