epsilon_quality=0.0183802
volume_quality=0.00898762
