epsilon_quality=0.155624
volume_quality=0.267219
