epsilon_quality=0.242619
volume_quality=0.629653
