epsilon_quality=0.106085
volume_quality=0.122164
