epsilon_quality=0.0367943
volume_quality=0.00250887
