epsilon_quality=0.0435069
volume_quality=0.00361903
