gpsEpsilon=-0.301327
gpsVolume=0.544005
mQualEpsilon=0.0077859
mQualVolume=0.0113173
new_planned_energy=39.7184
