gpsEpsilon=-0.377376
gpsVolume=0.339718
mQualEpsilon=0.0112314
mQualVolume=0.00441547
new_planned_energy=24.7699
