gpsEpsilon=0.476448
gpsVolume=0.467621
mQualEpsilon=0.0184735
mQualVolume=0.00939896
new_planned_energy=59.0989
