gpsEpsilon=-0.532303
gpsVolume=-0.311197
mQualEpsilon=-1
mQualVolume=0.0008527
new_planned_energy=126.68
