gpsEpsilon=0.443907
gpsVolume=2.42092e-322
mQualEpsilon=-1
mQualVolume=0.0272897
new_planned_energy=38.1913
