gpsEpsilon=0
gpsVolume=2.42092e-322
mQualEpsilon=0.0469556
mQualVolume=0.0148858
new_planned_energy=42.6347
