gpsEpsilon=0.936683
gpsVolume=-0.293824
mQualEpsilon=-1
mQualVolume=7.26171e-05
new_planned_energy=73.5665
