gpsEpsilon=0.523746
gpsVolume=2.42092e-322
mQualEpsilon=0.0678852
mQualVolume=0.00881132
new_planned_energy=44.3122
