gpsEpsilon=0
gpsVolume=2.42092e-322
mQualEpsilon=0.00455508
mQualVolume=0.00321792
new_planned_energy=53.1749
