gpsEpsilon=0.523746
gpsVolume=2.42092e-322
mQualEpsilon=0.0397621
mQualVolume=0.00903551
new_planned_energy=32.0699
