gpsEpsilon=0.523746
gpsVolume=2.42092e-322
mQualEpsilon=0.0284825
mQualVolume=0.00997917
new_planned_energy=35.7109
