gpsEpsilon=0.523746
gpsVolume=2.42092e-322
mQualEpsilon=-1
mQualVolume=0.00174806
new_planned_energy=35.5519
