gpsEpsilon=0.523746
gpsVolume=2.42092e-322
mQualEpsilon=0.00803586
mQualVolume=0.000454535
new_planned_energy=38.2775
