gpsEpsilon=-0.574922
gpsVolume=-0.14057
mQualEpsilon=-1
mQualVolume=0.000950544
new_planned_energy=34.3522
