epsilon_quality=0.131497
volume_quality=0.0995599
