epsilon_quality=0.0128197
volume_quality=0.126483
