epsilon_quality=0.0517962
volume_quality=0.085076
