epsilon_quality=0.119942
volume_quality=0.060255
