epsilon_quality=0.0389667
volume_quality=0.0510074
