epsilon_quality=0.0155478
volume_quality=0.0252251
