epsilon_quality=0.0134375
volume_quality=0.0090144
