epsilon_quality=0.0153317
volume_quality=0.024476
