epsilon_quality=0.0956295
volume_quality=0.381572
