epsilon_quality=0.155845
volume_quality=0.346757
