epsilon_quality=0.00423107
volume_quality=0.651713
