epsilon_quality=0.116458
volume_quality=0.574898
