epsilon_quality=0.100704
volume_quality=0.0724728
