epsilon_quality=0.0854498
volume_quality=0.0967714
