epsilon_quality=0.168836
volume_quality=0.154398
