epsilon_quality=0.0319741
volume_quality=0.0162604
