epsilon_quality=0.281194
volume_quality=1.00303
