epsilon_quality=0.143438
volume_quality=0.320034
