epsilon_quality=0.0261685
volume_quality=0.0099109
