epsilon_quality=0.039017
volume_quality=0.108983
