epsilon_quality=0.0183959
volume_quality=0.0203017
