epsilon_quality=0.0868882
volume_quality=0.121644
