epsilon_quality=0.0663672
volume_quality=0.025656
