epsilon_quality=0.222016
volume_quality=0.840555
