epsilon_quality=0.0682328
volume_quality=0.00796619
