epsilon_quality=0.05026
volume_quality=0.00965977
