epsilon_quality=0.101141
volume_quality=0.122433
