epsilon_quality=0.190537
volume_quality=0.693648
