epsilon_quality=0.0969851
volume_quality=0.653258
