epsilon_quality=0.101223
volume_quality=0.176557
