epsilon_quality=0.257214
volume_quality=0.811741
