epsilon_quality=0.0654366
volume_quality=0.230608
