gpsEpsilon=1.18576e-321
gpsVolume=2.37152e-322
mQualEpsilon=-1
mQualVolume=0.00389968
new_planned_energy=74.6228
