gpsEpsilon=0
gpsVolume=1.061e-314
mQualEpsilon=0.0588664
mQualVolume=0.00797726
new_planned_energy=46.6648
