gpsEpsilon=0
gpsVolume=1.061e-314
mQualEpsilon=0.0860234
mQualVolume=0.00479487
new_planned_energy=47.9468
