gpsEpsilon=0
gpsVolume=1.061e-314
mQualEpsilon=0.0334784
mQualVolume=0.007537
new_planned_energy=43.8594
