gpsEpsilon=2.28259e-316
gpsVolume=2.42092e-322
mQualEpsilon=1.70401
mQualVolume=50.7523
new_planned_energy=26.1011
