gpsEpsilon=2.28259e-316
gpsVolume=2.42092e-322
mQualEpsilon=1.93197
mQualVolume=56.4932
new_planned_energy=-1.93197
