gpsEpsilon=2.28259e-316
gpsVolume=2.42092e-322
mQualEpsilon=0.0836055
mQualVolume=0.0173685
new_planned_energy=25.2721
