gpsEpsilon=112.223
gpsVolume=2.42092e-322
mQualEpsilon=0.00327357
mQualVolume=0.00157811
new_planned_energy=53.204
