gpsEpsilon=101.162
gpsVolume=91.569
mQualEpsilon=0.0824123
mQualVolume=0.0152676
new_planned_energy=33.0915
