gpsEpsilon=89.6813
gpsVolume=99.6772
mQualEpsilon=0.0653918
mQualVolume=0.0089272
new_planned_energy=33.573
