gpsEpsilon=0.558
gpsVolume=-0.135572
mQualEpsilon=0.062655
mQualVolume=0.00549291
new_planned_energy=39.8129
