gpsEpsilon=0
gpsVolume=2.42092e-322
mQualEpsilon=0.0592138
mQualVolume=0.0091313
new_planned_energy=30.5084
