gpsEpsilon=58.639
gpsVolume=36.6189
mQualEpsilon=0.00154695
mQualVolume=0.0070641
new_planned_energy=47.3287
