gpsEpsilon=58.639
gpsVolume=51.8909
mQualEpsilon=0.0451126
mQualVolume=0.0102133
new_planned_energy=19.5206
