gpsEpsilon=89.5111
gpsVolume=94.9897
mQualEpsilon=0.0750325
mQualVolume=0.0085558
new_planned_energy=24.8684
