gpsEpsilon=99.0412
gpsVolume=80.7623
mQualEpsilon=0.0833331
mQualVolume=0.00728642
new_planned_energy=54.2571
