epsilon_quality=0.0639309
volume_quality=0.103156
