epsilon_quality=0.0679225
volume_quality=0.280113
