epsilon_quality=0.292276
volume_quality=3.01823
