epsilon_quality=0.378289
volume_quality=4.70505
