epsilon_quality=0.168678
volume_quality=0.318769
