epsilon_quality=0.0733535
volume_quality=0.0541316
