epsilon_quality=0.0540144
volume_quality=0.00893761
