epsilon_quality=0.356012
volume_quality=2.22922
