epsilon_quality=0.00679946
volume_quality=0.00201741
