epsilon_quality=0.0167529
volume_quality=0.00160383
