epsilon_quality=0.0713298
volume_quality=0.0560816
