epsilon_quality=0.0114594
volume_quality=0.00296339
