epsilon_quality=0.0589676
volume_quality=0.105473
