epsilon_quality=0.0369155
volume_quality=0.0369325
