epsilon_quality=0.00975433
volume_quality=0.017318
