epsilon_quality=0.110936
volume_quality=1.61206
