epsilon_quality=0.103389
volume_quality=0.0686214
