epsilon_quality=0.205995
volume_quality=0.610285
