epsilon_quality=0.368297
volume_quality=1.38392
