epsilon_quality=0.0588537
volume_quality=0.509409
