epsilon_quality=0.133394
volume_quality=0.218983
