epsilon_quality=0.140327
volume_quality=0.247772
