epsilon_quality=0.142538
volume_quality=0.213803
