epsilon_quality=0.100256
volume_quality=0.232956
