epsilon_quality=0.136902
volume_quality=0.302411
