epsilon_quality=0.0634982
volume_quality=0.0364432
