epsilon_quality=0.10672
volume_quality=0.159194
