epsilon_quality=0.110601
volume_quality=0.0502241
