epsilon_quality=0.113672
volume_quality=0.0630844
