epsilon_quality=0.0869722
volume_quality=0.0313632
