epsilon_quality=0.0332439
volume_quality=0.00656477
