epsilon_quality=0.0518773
volume_quality=0.0116965
