epsilon_quality=0.0341374
volume_quality=0.0400119
