epsilon_quality=0.0324086
volume_quality=0.00785435
