epsilon_quality=0.0897711
volume_quality=0.0503516
