epsilon_quality=0.144869
volume_quality=0.286984
