epsilon_quality=0.0808179
volume_quality=0.540775
