epsilon_quality=0.135971
volume_quality=0.862318
