epsilon_quality=0.314684
volume_quality=0.889935
