epsilon_quality=0.0275321
volume_quality=0.00753925
