epsilon_quality=0.0368935
volume_quality=0.00346515
