epsilon_quality=0.035806
volume_quality=0.0326252
