epsilon_quality=0.120528
volume_quality=0.0665954
