epsilon_quality=0.0270852
volume_quality=0.0473219
