epsilon_quality=0.123202
volume_quality=0.162532
