epsilon_quality=0.0786979
volume_quality=0.0684366
