epsilon_quality=0.117872
volume_quality=0.0450861
