epsilon_quality=0.0451738
volume_quality=0.0926983
