epsilon_quality=0.133057
volume_quality=0.160843
