epsilon_quality=0.0545072
volume_quality=0.0337381
