epsilon_quality=0.158841
volume_quality=0.348982
