epsilon_quality=0.107706
volume_quality=0.271401
