epsilon_quality=0.159102
volume_quality=0.465485
