epsilon_quality=0.0185171
volume_quality=0.0503236
