epsilon_quality=0.0170882
volume_quality=0.00171988
