epsilon_quality=0.0175755
volume_quality=0.00706502
