epsilon_quality=0.21804
volume_quality=0.372774
