epsilon_quality=0.123141
volume_quality=0.100915
