epsilon_quality=0.036415
volume_quality=0.0540071
