epsilon_quality=0.233987
volume_quality=0.54526
