epsilon_quality=0.0839538
volume_quality=0.0335442
