epsilon_quality=0.00843737
volume_quality=0.048538
