epsilon_quality=0.0186113
volume_quality=0.0282495
