epsilon_quality=0.0984372
volume_quality=0.072034
