epsilon_quality=0.0249361
volume_quality=0.00106064
