epsilon_quality=0.00115538
volume_quality=0.000432096
