epsilon_quality=0.0308132
volume_quality=0.00201941
