epsilon_quality=0.0985258
volume_quality=0.0462887
