epsilon_quality=0.0904909
volume_quality=0.152602
