epsilon_quality=0.0865744
volume_quality=0.211548
