epsilon_quality=0.0105533
volume_quality=0.00687577
