epsilon_quality=0.190158
volume_quality=0.489343
