epsilon_quality=0.0875554
volume_quality=0.096315
