epsilon_quality=0.0588172
volume_quality=0.0430195
