epsilon_quality=0.0602082
volume_quality=0.0374825
