epsilon_quality=0.0627047
volume_quality=0.0383131
