epsilon_quality=0.0145478
volume_quality=0.0203421
