epsilon_quality=0.0109096
volume_quality=0.0155934
