epsilon_quality=0.0363288
volume_quality=0.135088
