epsilon_quality=0.0976543
volume_quality=0.065873
