epsilon_quality=0.0549234
volume_quality=0.0564636
