epsilon_quality=0.0691734
volume_quality=0.0389673
