epsilon_quality=0.0160316
volume_quality=0.00239345
