epsilon_quality=0.210335
volume_quality=0.903375
