epsilon_quality=0.159501
volume_quality=0.227863
