epsilon_quality=0.225227
volume_quality=0.332635
