epsilon_quality=0.0771468
volume_quality=0.274811
