epsilon_quality=0.043299
volume_quality=0.0860497
