epsilon_quality=0.108403
volume_quality=0.0546718
