epsilon_quality=0.120422
volume_quality=0.116479
