epsilon_quality=0.0457334
volume_quality=0.0201588
