epsilon_quality=0.173459
volume_quality=0.36365
