epsilon_quality=0.0541729
volume_quality=0.0552761
