epsilon_quality=0.0210622
volume_quality=0.00491996
