epsilon_quality=0.0456479
volume_quality=0.0648144
