epsilon_quality=0.0262308
volume_quality=0.00415759
