epsilon_quality=0.0776051
volume_quality=0.062193
