epsilon_quality=0.0332593
volume_quality=0.0279751
