epsilon_quality=0.0455598
volume_quality=0.00391478
