epsilon_quality=0.128332
volume_quality=0.417423
