epsilon_quality=0.194612
volume_quality=0.342255
