epsilon_quality=0.185782
volume_quality=0.480938
