epsilon_quality=0.146275
volume_quality=0.64932
