epsilon_quality=0.0969491
volume_quality=0.406729
