epsilon_quality=0.0884133
volume_quality=0.139718
