epsilon_quality=0.160207
volume_quality=0.199608
