epsilon_quality=0.0359865
volume_quality=0.0322981
