epsilon_quality=0.0715372
volume_quality=0.0165554
