epsilon_quality=0.0657011
volume_quality=0.165054
