epsilon_quality=0.060008
volume_quality=0.0137569
