epsilon_quality=0.0540215
volume_quality=0.0332693
