epsilon_quality=0.0742207
volume_quality=0.0763602
