epsilon_quality=0.0829073
volume_quality=0.0462202
