epsilon_quality=0.000119805
volume_quality=0.0520888
