epsilon_quality=0.0754106
volume_quality=0.202814
