epsilon_quality=0.102094
volume_quality=0.106265
