epsilon_quality=0.106241
volume_quality=0.191048
