epsilon_quality=0.0762328
volume_quality=0.0291143
