epsilon_quality=0.0465085
volume_quality=0.00951044
