epsilon_quality=0.0763363
volume_quality=0.0567062
