epsilon_quality=0.0434901
volume_quality=0.0220636
