epsilon_quality=0.170994
volume_quality=0.292641
