epsilon_quality=0.154055
volume_quality=0.289349
