epsilon_quality=0.179881
volume_quality=0.362414
