epsilon_quality=0.0818299
volume_quality=0.052081
