epsilon_quality=0.109074
volume_quality=0.196441
