epsilon_quality=0.0370091
volume_quality=0.00370001
