gpsEpsilon=96.5909
gpsVolume=99.2294
mQualEpsilon=0.0254854
mQualVolume=0.0384801
new_planned_energy=24.6595
