gpsEpsilon=67.0893
gpsVolume=108.936
mQualEpsilon=1.45572
mQualVolume=54.8834
new_planned_energy=-1.45572
