gpsEpsilon=67.0893
gpsVolume=108.936
mQualEpsilon=1.44696
mQualVolume=54.8406
new_planned_energy=-1.44696
