gpsEpsilon=67.0893
gpsVolume=108.936
mQualEpsilon=1.48051
mQualVolume=55.4356
new_planned_energy=-1.48051
