gpsEpsilon=67.0893
gpsVolume=108.936
mQualEpsilon=1.47034
mQualVolume=55.3778
new_planned_energy=-1.47034
