gpsEpsilon=67.0893
gpsVolume=108.936
mQualEpsilon=0.0820095
mQualVolume=0.0329698
new_planned_energy=10.8861
