gpsEpsilon=200.476
gpsVolume=95.0821
mQualEpsilon=0.0676955
mQualVolume=0.0183361
new_planned_energy=29.8811
