gpsEpsilon=200.476
gpsVolume=95.0821
mQualEpsilon=1.42207
mQualVolume=43.0996
new_planned_energy=-1.42207
