gpsEpsilon=231.574
gpsVolume=51.8709
mQualEpsilon=0.0649345
mQualVolume=0.0291942
new_planned_energy=18.7353
