gpsEpsilon=13.5853
gpsVolume=-9.5299
mQualEpsilon=0.0825085
mQualVolume=0.0733572
new_planned_energy=32.2527
