gpsEpsilon=7.51017e-316
gpsVolume=6.95335e-310
mQualEpsilon=0.0266605
mQualVolume=0.0185548
new_planned_energy=24.8263
