gpsEpsilon=3.10434e-316
gpsVolume=6.95335e-310
mQualEpsilon=1.65343
mQualVolume=54.1408
new_planned_energy=-1.65343
