gpsEpsilon=3.10434e-316
gpsVolume=6.95335e-310
mQualEpsilon=0.0919627
mQualVolume=0.0106359
new_planned_energy=16.4872
