gpsEpsilon=3.10434e-316
gpsVolume=6.95335e-310
mQualEpsilon=1.75153
mQualVolume=52.8394
new_planned_energy=17.291
