gpsEpsilon=170.651
gpsVolume=42.5922
mQualEpsilon=1.20222
mQualVolume=51.2696
new_planned_energy=-1.20222
