gpsEpsilon=170.651
gpsVolume=42.5922
mQualEpsilon=1.27003
mQualVolume=48.9024
new_planned_energy=-1.27003
