gpsEpsilon=170.651
gpsVolume=42.5922
mQualEpsilon=1.30931
mQualVolume=49.6327
new_planned_energy=-1.30931
