gpsEpsilon=170.651
gpsVolume=42.5922
mQualEpsilon=1.21378
mQualVolume=51.1901
new_planned_energy=-1.21378
