gpsEpsilon=203.843
gpsVolume=55.4909
mQualEpsilon=0.0893705
mQualVolume=0.0275872
new_planned_energy=33.8886
