gpsEpsilon=199.024
gpsVolume=49.7718
mQualEpsilon=1.77224
mQualVolume=51.0756
new_planned_energy=-1.77224
