gpsEpsilon=199.024
gpsVolume=49.7718
mQualEpsilon=0.0696203
mQualVolume=0.0209115
new_planned_energy=16.2058
