gpsEpsilon=213.165
gpsVolume=93.221
mQualEpsilon=1.42416
mQualVolume=43.48
new_planned_energy=-1.42416
