gpsEpsilon=213.165
gpsVolume=93.221
mQualEpsilon=0.104862
mQualVolume=0.0346285
new_planned_energy=30.4986
