gpsEpsilon=213.165
gpsVolume=93.221
mQualEpsilon=1.20131
mQualVolume=39.0677
new_planned_energy=-1.20131
