gpsEpsilon=213.165
gpsVolume=93.221
mQualEpsilon=1.21015
mQualVolume=42.8419
new_planned_energy=-1.21015
