gpsEpsilon=213.165
gpsVolume=93.221
mQualEpsilon=1.20946
mQualVolume=40.3699
new_planned_energy=-1.20946
