epsilon_quality=0.117234
volume_quality=0.061936
