epsilon_quality=0.133348
volume_quality=0.101929
