epsilon_quality=0.0569967
volume_quality=0.0313765
