gpsEpsilon=61.7454
gpsVolume=59.5462
mQualEpsilon=0.00138614
mQualVolume=0.000899762
new_planned_energy=47.0113
