gpsEpsilon=1.11987e-315
gpsVolume=0
mQualEpsilon=0.00479543
mQualVolume=0.00147717
new_planned_energy=35.327
