gpsEpsilon=60.8734
gpsVolume=62.5097
mQualEpsilon=0.0227485
mQualVolume=0.00284288
new_planned_energy=20.1397
