gpsEpsilon=1.21641e-315
gpsVolume=0
mQualEpsilon=0.00313471
mQualVolume=0.00193422
new_planned_energy=40.1961
