gpsEpsilon=7.91761e-316
gpsVolume=0
mQualEpsilon=0.0333873
mQualVolume=0.00358663
new_planned_energy=85.1613
