gpsEpsilon=16.3251
gpsVolume=84.2117
mQualEpsilon=0.0266634
mQualVolume=0.000952545
new_planned_energy=48.7177
