gpsEpsilon=185.147
gpsVolume=115.129
mQualEpsilon=0.00564447
mQualVolume=0.000351827
new_planned_energy=88.4408
