gpsEpsilon=178.518
gpsVolume=111.699
mQualEpsilon=0.0206535
mQualVolume=0.00281121
new_planned_energy=61.0375
