gpsEpsilon=143.895
gpsVolume=112.636
mQualEpsilon=0.0330049
mQualVolume=0.00274407
new_planned_energy=95.1593
