gpsEpsilon=1.00666e-315
gpsVolume=0
mQualEpsilon=0.00018078
mQualVolume=0.000894669
new_planned_energy=42.4722
