epsilon_quality=0.126186
volume_quality=0.136872
