epsilon_quality=0.109951
volume_quality=0.0803095
