epsilon_quality=0.0303026
volume_quality=0.0686618
