epsilon_quality=0.013813
volume_quality=0.0550094
