epsilon_quality=0.0601248
volume_quality=0.0428097
