epsilon_quality=0.0435361
volume_quality=0.0153925
