epsilon_quality=0.0268533
volume_quality=0.0258502
