epsilon_quality=0.105596
volume_quality=0.750556
