epsilon_quality=0.252659
volume_quality=2.11689
