gpsEpsilon=22.1132
gpsVolume=37.9613
mQualEpsilon=0.0213735
mQualVolume=0.00235715
new_planned_energy=44.4552
