gpsEpsilon=17.8999
gpsVolume=101.46
mQualEpsilon=0.0254924
mQualVolume=0.0186272
new_planned_energy=47.7599
