gpsEpsilon=-60.7197
gpsVolume=-0.441153
mQualEpsilon=-1
mQualVolume=0.00237071
new_planned_energy=60.1102
