gpsEpsilon=1.18576e-321
gpsVolume=3.95253e-322
mQualEpsilon=0.0159339
mQualVolume=0.00406483
new_planned_energy=45.7565
