gpsEpsilon=31.5448
gpsVolume=68.0944
mQualEpsilon=0.0172006
mQualVolume=0.00943018
new_planned_energy=54.907
