gpsEpsilon=34.7383
gpsVolume=68.0944
mQualEpsilon=0.00378146
mQualVolume=0.00223626
new_planned_energy=55.1411
