gpsEpsilon=1.07298e-315
gpsVolume=0
mQualEpsilon=-1
mQualVolume=0.00351818
new_planned_energy=54.1709
