gpsEpsilon=13.8701
gpsVolume=6.45536
mQualEpsilon=-1
mQualVolume=0.000825803
new_planned_energy=78.8521
