gpsEpsilon=17.4062
gpsVolume=118.676
mQualEpsilon=0.0330516
mQualVolume=0.0124647
new_planned_energy=74.1387
