gpsEpsilon=17.1704
gpsVolume=118.676
mQualEpsilon=0.0438646
mQualVolume=0.00771144
new_planned_energy=45.4247
