gpsEpsilon=16.6008
gpsVolume=108.56
mQualEpsilon=0.059163
mQualVolume=0.00574856
new_planned_energy=47.0895
