gpsEpsilon=18.8431
gpsVolume=101.46
mQualEpsilon=0.0155913
mQualVolume=0.00812532
new_planned_energy=83.5313
