epsilon_quality=0.123012
volume_quality=0.305657
