epsilon_quality=0.158575
volume_quality=0.234413
