epsilon_quality=0.0986081
volume_quality=0.0585162
