epsilon_quality=0.00923537
volume_quality=0.00533213
