epsilon_quality=0.0835868
volume_quality=0.096412
