epsilon_quality=0.0444244
volume_quality=0.0473241
