epsilon_quality=0.00492409
volume_quality=0.0638135
