epsilon_quality=0.0368742
volume_quality=0.0206222
