epsilon_quality=0.157139
volume_quality=0.65886
