epsilon_quality=0.0621846
volume_quality=0.188336
