epsilon_quality=0.284207
volume_quality=1.60045
