epsilon_quality=0.384763
volume_quality=2.15445
