epsilon_quality=0.152775
volume_quality=0.766494
