epsilon_quality=0.193666
volume_quality=1.57196
