epsilon_quality=0.0102016
volume_quality=0.00298637
