epsilon_quality=0.019467
volume_quality=0.00720577
