epsilon_quality=0.0771416
volume_quality=0.0532728
