epsilon_quality=0.0525088
volume_quality=0.0636921
