epsilon_quality=0.0693747
volume_quality=0.0426718
