epsilon_quality=0.102386
volume_quality=0.179263
