epsilon_quality=0.232734
volume_quality=0.411556
