epsilon_quality=0.0411058
volume_quality=0.094989
