epsilon_quality=0.0375614
volume_quality=0.41838
