epsilon_quality=0.07756
volume_quality=0.0238099
