epsilon_quality=0.00494296
volume_quality=0.012738
