epsilon_quality=0.0904931
volume_quality=0.178229
