epsilon_quality=0.0109075
volume_quality=0.00653529
