epsilon_quality=0.0760964
volume_quality=0.335328
