epsilon_quality=0.0975029
volume_quality=0.201572
