epsilon_quality=0.114522
volume_quality=0.0548053
