epsilon_quality=0.142123
volume_quality=0.60372
