epsilon_quality=0.033544
volume_quality=0.180064
