epsilon_quality=0.098488
volume_quality=0.147848
