gpsEpsilon=0.542268
gpsVolume=2.42092e-322
mQualEpsilon=-1
mQualVolume=0.00607027
new_planned_energy=41.7119
