gpsEpsilon=0.542268
gpsVolume=2.42092e-322
mQualEpsilon=-1
mQualVolume=0.000848297
new_planned_energy=69.3847
