gpsEpsilon=0.55142
gpsVolume=2.42092e-322
mQualEpsilon=0.00205313
mQualVolume=0.00586916
new_planned_energy=52.4034
