gpsEpsilon=0.476444
gpsVolume=2.42092e-322
mQualEpsilon=0.000568444
mQualVolume=0.00700695
new_planned_energy=37.6449
