gpsEpsilon=0.542268
gpsVolume=2.42092e-322
mQualEpsilon=-1
mQualVolume=0.01766
new_planned_energy=32.8612
