gpsEpsilon=107.1
gpsVolume=147.707
mQualEpsilon=0.0114124
mQualVolume=0.00649002
new_planned_energy=70.1421
