gpsEpsilon=111.379
gpsVolume=119.371
mQualEpsilon=0.0402193
mQualVolume=0.00885166
new_planned_energy=33.7959
