gpsEpsilon=102.418
gpsVolume=118.402
mQualEpsilon=0.049884
mQualVolume=0.00923296
new_planned_energy=63.3385
