gpsEpsilon=94.9909
gpsVolume=146.496
mQualEpsilon=0.0626502
mQualVolume=0.0343013
new_planned_energy=40.7891
