gpsEpsilon=159.574
gpsVolume=99.9152
mQualEpsilon=0.092011
mQualVolume=0.0081331
new_planned_energy=59.4661
