gpsEpsilon=135.598
gpsVolume=96.3633
mQualEpsilon=0.0626502
mQualVolume=0.0343013
new_planned_energy=78.6897
