gpsEpsilon=136.001
gpsVolume=75.3735
mQualEpsilon=0.05491
mQualVolume=0.0129904
new_planned_energy=67.0457
