epsilon_quality=0.041471
volume_quality=0.0149164
