epsilon_quality=0.0407282
volume_quality=0.0111468
