epsilon_quality=0.0496756
volume_quality=0.0305848
