epsilon_quality=0.0358526
volume_quality=0.0368261
