epsilon_quality=0.0520568
volume_quality=0.0814741
