epsilon_quality=0.0793964
volume_quality=0.230807
