epsilon_quality=0.090694
volume_quality=0.717916
