epsilon_quality=0.0709848
volume_quality=0.0346041
