epsilon_quality=0.046283
volume_quality=0.0890089
