epsilon_quality=0.203175
volume_quality=0.594403
