epsilon_quality=0.0119055
volume_quality=0.100448
