epsilon_quality=0.0626705
volume_quality=0.0747693
