epsilon_quality=0.0434328
volume_quality=0.0117098
