epsilon_quality=0.0291183
volume_quality=0.0155884
