epsilon_quality=0.00687331
volume_quality=0.000960844
