epsilon_quality=0.0148608
volume_quality=0.00640232
