epsilon_quality=0.0929473
volume_quality=0.162661
