epsilon_quality=0.063413
volume_quality=0.0420993
