epsilon_quality=0.139446
volume_quality=0.16675
