epsilon_quality=0.0405174
volume_quality=0.0124811
