epsilon_quality=0.0707766
volume_quality=0.0475824
