epsilon_quality=0.00228267
volume_quality=0.0376199
