epsilon_quality=0.118388
volume_quality=0.240233
