epsilon_quality=0.115799
volume_quality=0.126435
