epsilon_quality=0.0734591
volume_quality=0.167034
