epsilon_quality=0.22408
volume_quality=0.513836
