gpsEpsilon=42.0977
gpsVolume=74.2241
mQualEpsilon=0.0580511
mQualVolume=0.0177933
new_planned_energy=104.397
