gpsEpsilon=30.764
gpsVolume=163.644
mQualEpsilon=0.0317244
mQualVolume=0.0189292
new_planned_energy=59.4447
