gpsEpsilon=19.393
gpsVolume=74.2241
mQualEpsilon=0.0372013
mQualVolume=0.0208525
new_planned_energy=49.6462
