gpsEpsilon=16.9972
gpsVolume=74.2241
mQualEpsilon=0.0346367
mQualVolume=0.00295597
new_planned_energy=56.9202
