gpsEpsilon=18.54
gpsVolume=74.2241
mQualEpsilon=0.0230692
mQualVolume=0.00187124
new_planned_energy=60.2274
