gpsEpsilon=23.541
gpsVolume=74.2241
mQualEpsilon=0.0308437
mQualVolume=0.00589083
new_planned_energy=51.828
