gpsEpsilon=30.4432
gpsVolume=74.2241
mQualEpsilon=0.000949529
mQualVolume=0.00821796
new_planned_energy=58.0789
