epsilon_quality=0.127366
volume_quality=0.131428
