epsilon_quality=0.0960299
volume_quality=0.185996
