epsilon_quality=0.0657441
volume_quality=0.524798
