epsilon_quality=0.0233876
volume_quality=0.0279921
