epsilon_quality=0.00575349
volume_quality=0.0761967
