epsilon_quality=0.0585584
volume_quality=0.0697049
