epsilon_quality=0.169077
volume_quality=0.181821
