epsilon_quality=0.179558
volume_quality=0.354688
