epsilon_quality=0.0829669
volume_quality=0.125973
