gpsEpsilon=137.224
gpsVolume=110.226
mQualEpsilon=0.0948402
mQualVolume=0.0337332
new_planned_energy=82.4881
