gpsEpsilon=106.631
gpsVolume=114.043
mQualEpsilon=0.0451191
mQualVolume=0.0198052
new_planned_energy=46.3889
