gpsEpsilon=109.321
gpsVolume=93.1321
mQualEpsilon=0.0224162
mQualVolume=0.00530309
new_planned_energy=55.0573
