gpsEpsilon=80.7451
gpsVolume=99.5764
mQualEpsilon=0.0312962
mQualVolume=0.0128368
new_planned_energy=37.4677
