gpsEpsilon=3.35676e-316
gpsVolume=6.95335e-310
mQualEpsilon=0.0128027
mQualVolume=0.00078938
new_planned_energy=52.5562
