gpsEpsilon=3.66347e-316
gpsVolume=0
mQualEpsilon=0.0695616
mQualVolume=0.0132507
new_planned_energy=74.1879
