gpsEpsilon=110.264
gpsVolume=114.017
mQualEpsilon=0.133455
mQualVolume=0.0737233
new_planned_energy=49.7291
