gpsEpsilon=157.187
gpsVolume=115.267
mQualEpsilon=0.0209774
mQualVolume=0.0246074
new_planned_energy=30.2976
