gpsEpsilon=148.867
gpsVolume=158.94
mQualEpsilon=0.0262767
mQualVolume=0.00561857
new_planned_energy=80.5423
