gpsEpsilon=131.441
gpsVolume=111.857
mQualEpsilon=0.00255467
mQualVolume=0.00123165
new_planned_energy=36.2508
