gpsEpsilon=145.356
gpsVolume=73.7903
mQualEpsilon=0.0320802
mQualVolume=0.0127534
new_planned_energy=56.3801
