epsilon_quality=0.0726032
volume_quality=0.0530047
