epsilon_quality=0.0765275
volume_quality=0.0676852
