epsilon_quality=0.142522
volume_quality=0.22899
