epsilon_quality=0.0716411
volume_quality=0.0473313
