epsilon_quality=0.0773747
volume_quality=0.0538655
