epsilon_quality=0.0663999
volume_quality=0.0467206
