epsilon_quality=0.145711
volume_quality=0.328832
