epsilon_quality=0.0598137
volume_quality=0.0229087
