epsilon_quality=0.10522
volume_quality=0.112736
