epsilon_quality=0.03824
volume_quality=0.0431197
