epsilon_quality=0.0666301
volume_quality=0.051366
