epsilon_quality=0.11414
volume_quality=0.0939864
