epsilon_quality=0.136182
volume_quality=0.19254
