epsilon_quality=0.00968795
volume_quality=0.00481269
