epsilon_quality=0.0676872
volume_quality=0.0678364
