epsilon_quality=1.34594e-05
volume_quality=0.171969
