epsilon_quality=0.146829
volume_quality=0.525479
