epsilon_quality=0.140599
volume_quality=0.169614
