epsilon_quality=0.151362
volume_quality=0.327803
