epsilon_quality=0.170555
volume_quality=0.178439
