epsilon_quality=0.0542034
volume_quality=0.0236166
