epsilon_quality=0.123213
volume_quality=0.0542736
