epsilon_quality=0.0793602
volume_quality=0.0888419
