epsilon_quality=0.0699491
volume_quality=0.0290556
