epsilon_quality=0.069583
volume_quality=0.0689312
