epsilon_quality=0.115482
volume_quality=0.229829
