epsilon_quality=0.165616
volume_quality=0.220419
