epsilon_quality=0.112325
volume_quality=0.114202
