epsilon_quality=0.0875037
volume_quality=0.0857185
