epsilon_quality=0.152295
volume_quality=0.160073
