epsilon_quality=0.233907
volume_quality=0.740776
