epsilon_quality=0.21492
volume_quality=0.636641
