epsilon_quality=0.10601
volume_quality=0.354764
