epsilon_quality=0.149026
volume_quality=0.228607
