epsilon_quality=0.0458372
volume_quality=0.116481
