epsilon_quality=0.0524777
volume_quality=0.167351
