epsilon_quality=8.11769e-05
volume_quality=0.0663094
