epsilon_quality=0.108812
volume_quality=0.0815478
