epsilon_quality=0.14023
volume_quality=0.225603
