epsilon_quality=0.134403
volume_quality=0.240229
