epsilon_quality=0.114572
volume_quality=0.242393
