epsilon_quality=0.0948666
volume_quality=0.10535
