epsilon_quality=0.05874
volume_quality=0.0378098
