epsilon_quality=0.277998
volume_quality=1.65678
