epsilon_quality=0.0929064
volume_quality=0.183148
