epsilon_quality=0.235107
volume_quality=0.688415
