epsilon_quality=0.124889
volume_quality=0.110477
