epsilon_quality=0.0828548
volume_quality=0.0620293
