epsilon_quality=0.11676
volume_quality=0.142727
