epsilon_quality=0.0588715
volume_quality=0.0193589
