epsilon_quality=0.111645
volume_quality=0.0823916
