epsilon_quality=0.12788
volume_quality=0.0892705
