epsilon_quality=0.114763
volume_quality=0.167668
