epsilon_quality=0.145721
volume_quality=0.240951
