epsilon_quality=0.0170567
volume_quality=0.112598
