epsilon_quality=0.0545461
volume_quality=0.0473958
