epsilon_quality=0.138655
volume_quality=0.949824
