epsilon_quality=0.0723526
volume_quality=0.110519
