epsilon_quality=0.119659
volume_quality=0.176677
