epsilon_quality=0.056307
volume_quality=0.0426961
