epsilon_quality=0.0207669
volume_quality=0.0570794
