epsilon_quality=0.0391413
volume_quality=0.0484382
