epsilon_quality=0.0944111
volume_quality=0.0209044
