epsilon_quality=0.0764447
volume_quality=0.165055
