epsilon_quality=0.00484095
volume_quality=0.280187
