epsilon_quality=0.178862
volume_quality=0.488666
