epsilon_quality=0.0584757
volume_quality=0.00860131
