epsilon_quality=0.109996
volume_quality=0.141257
