epsilon_quality=0.142005
volume_quality=0.452812
