epsilon_quality=0.230537
volume_quality=0.446107
