epsilon_quality=0.18927
volume_quality=0.104634
