epsilon_quality=0.232114
volume_quality=0.373455
