epsilon_quality=0.142046
volume_quality=0.174731
