epsilon_quality=0.125499
volume_quality=0.517279
