epsilon_quality=0.0946614
volume_quality=0.326591
