epsilon_quality=0.119801
volume_quality=0.177211
