epsilon_quality=0.0664823
volume_quality=0.0486576
