epsilon_quality=0.186066
volume_quality=0.46163
