epsilon_quality=0.000473342
volume_quality=0.0691136
