epsilon_quality=0.00527341
volume_quality=0.00741844
