epsilon_quality=0.0845885
volume_quality=0.245018
