epsilon_quality=0.137118
volume_quality=0.157828
