epsilon_quality=0.0402102
volume_quality=0.0160606
