epsilon_quality=0.0174341
volume_quality=0.0175621
