epsilon_quality=0.135322
volume_quality=0.216218
