epsilon_quality=0.147599
volume_quality=0.0770004
