epsilon_quality=0.0133489
volume_quality=0.030857
