epsilon_quality=0.103957
volume_quality=0.537651
