epsilon_quality=0.111587
volume_quality=0.417919
