epsilon_quality=0.100645
volume_quality=0.0384827
