epsilon_quality=0.065006
volume_quality=0.0360819
