epsilon_quality=0.0507825
volume_quality=0.0238066
