epsilon_quality=0.13307
volume_quality=0.183262
