epsilon_quality=0.0861707
volume_quality=0.400719
