epsilon_quality=0.12948
volume_quality=0.492081
