epsilon_quality=0.0424677
volume_quality=0.0297263
