epsilon_quality=0.0485691
volume_quality=0.0396133
