epsilon_quality=0.0835853
volume_quality=0.0469638
