epsilon_quality=0.11296
volume_quality=0.338155
