epsilon_quality=0.103402
volume_quality=0.0882102
