epsilon_quality=0.0597088
volume_quality=0.167967
