epsilon_quality=0.13344
volume_quality=1.00639
