epsilon_quality=0.0363441
volume_quality=0.0156132
