epsilon_quality=0.0737086
volume_quality=0.096105
