epsilon_quality=0.0571905
volume_quality=0.0277938
