epsilon_quality=0.10343
volume_quality=0.0383418
