epsilon_quality=0.0483007
volume_quality=0.0493644
