epsilon_quality=0.000303733
volume_quality=0.0280748
