epsilon_quality=0.0168348
volume_quality=0.00493341
