epsilon_quality=0.0857512
volume_quality=0.109723
