epsilon_quality=0.0249397
volume_quality=0.00545261
