epsilon_quality=0.0416757
volume_quality=0.011569
