epsilon_quality=0.0346267
volume_quality=0.0227012
