epsilon_quality=0.0640337
volume_quality=0.057851
