epsilon_quality=0.100081
volume_quality=0.0654235
