epsilon_quality=0.0592999
volume_quality=0.0233724
