epsilon_quality=0.0629662
volume_quality=0.0264944
