epsilon_quality=0.0825794
volume_quality=0.286089
