epsilon_quality=0.0838747
volume_quality=0.0715198
