epsilon_quality=0.0197242
volume_quality=0.0360992
