epsilon_quality=0.0955816
volume_quality=0.0578389
