epsilon_quality=0.0985972
volume_quality=0.643423
