epsilon_quality=0.000478581
volume_quality=0.028556
