epsilon_quality=0.0378273
volume_quality=0.0575925
