epsilon_quality=0.00903665
volume_quality=0.0287319
