epsilon_quality=0.0187624
volume_quality=0.0923175
