epsilon_quality=0.066075
volume_quality=0.0355904
