epsilon_quality=0.0915371
volume_quality=0.0556177
