epsilon_quality=0.0514052
volume_quality=0.018118
