epsilon_quality=0.0639996
volume_quality=0.0473717
