epsilon_quality=0.0307626
volume_quality=0.148866
