epsilon_quality=0.0462722
volume_quality=0.0119293
