epsilon_quality=0.162204
volume_quality=0.250759
