epsilon_quality=0.0319274
volume_quality=0.0229826
