epsilon_quality=0.127203
volume_quality=0.0670373
