epsilon_quality=0.0684206
volume_quality=0.0304116
