epsilon_quality=0.136911
volume_quality=0.169667
