epsilon_quality=0.119962
volume_quality=0.077619
