epsilon_quality=0.174321
volume_quality=0.304386
