epsilon_quality=0.21461
volume_quality=0.40892
