epsilon_quality=0.208229
volume_quality=0.243386
