epsilon_quality=0.069077
volume_quality=0.0264924
