epsilon_quality=0.0627751
volume_quality=0.116795
