epsilon_quality=0.00714509
volume_quality=0.0355621
