gpsEpsilon=210.231
gpsVolume=80.838
mQualEpsilon=0.0376155
mQualVolume=0.00729155
new_planned_energy=29.8721
