gpsEpsilon=238.908
gpsVolume=21.0378
mQualEpsilon=0.00115027
mQualVolume=0.000111781
new_planned_energy=75.7824
