gpsEpsilon=162.329
gpsVolume=52.1619
mQualEpsilon=0.0344003
mQualVolume=0.00615033
new_planned_energy=28.5977
