gpsEpsilon=170.018
gpsVolume=58.1068
mQualEpsilon=0.0344003
mQualVolume=0.00615033
new_planned_energy=59.9391
