gpsEpsilon=0.140987
gpsVolume=2.42092e-322
mQualEpsilon=-1
mQualVolume=0.00657122
new_planned_energy=24.7973
