gpsEpsilon=0.128396
gpsVolume=2.42092e-322
mQualEpsilon=-1
mQualVolume=0.00806252
new_planned_energy=72.1053
