gpsEpsilon=0.00978636
gpsVolume=0.7037
mQualEpsilon=1.70919
mQualVolume=56.7358
new_planned_energy=37.3375
