gpsEpsilon=-0.0416349
gpsVolume=-0.676533
mQualEpsilon=0.00981087
mQualVolume=0.0019578
new_planned_energy=39.1575
