gpsEpsilon=0
gpsVolume=2.42092e-322
mQualEpsilon=0.0721073
mQualVolume=0.0172628
new_planned_energy=7.01497
