gpsEpsilon=0
gpsVolume=2.42092e-322
mQualEpsilon=1.89465
mQualVolume=58.1188
new_planned_energy=-1.89465
