gpsEpsilon=0
gpsVolume=2.42092e-322
mQualEpsilon=1.89584
mQualVolume=58.2329
new_planned_energy=-1.89584
