gpsEpsilon=-0.570403
gpsVolume=0.742474
mQualEpsilon=0.00606252
mQualVolume=0.00816463
new_planned_energy=42.8004
