gpsEpsilon=190.997
gpsVolume=78.39
mQualEpsilon=0.0496259
mQualVolume=0.0137979
new_planned_energy=39.5584
