gpsEpsilon=179.806
gpsVolume=69.2976
mQualEpsilon=0.0171327
mQualVolume=0.006254
new_planned_energy=49.6849
