epsilon_quality=0.225478
volume_quality=1.22794
