epsilon_quality=0.104069
volume_quality=0.420351
