epsilon_quality=0.0398043
volume_quality=0.0667269
