epsilon_quality=0.0220703
volume_quality=0.0179597
