epsilon_quality=0.00798643
volume_quality=0.0119034
