epsilon_quality=0.0315453
volume_quality=0.032692
