epsilon_quality=0.0740962
volume_quality=0.0384515
