epsilon_quality=0.0541502
volume_quality=0.0763921
