epsilon_quality=0.138772
volume_quality=0.522886
