epsilon_quality=0.0106921
volume_quality=0.419701
