epsilon_quality=0.0894496
volume_quality=0.184325
