epsilon_quality=0.107261
volume_quality=0.211217
