epsilon_quality=0.0635268
volume_quality=0.113508
