epsilon_quality=0.169084
volume_quality=0.737894
