epsilon_quality=0.150711
volume_quality=0.674956
