epsilon_quality=0.0230137
volume_quality=0.0029255
