epsilon_quality=0.00485709
volume_quality=0.0246234
