epsilon_quality=0.0902687
volume_quality=0.0354594
