epsilon_quality=0.0214127
volume_quality=0.02657
