epsilon_quality=0.0429286
volume_quality=0.0270228
