epsilon_quality=0.0701567
volume_quality=0.0538538
