epsilon_quality=0.172487
volume_quality=0.618149
