epsilon_quality=0.0175285
volume_quality=0.00313563
