epsilon_quality=0.123047
volume_quality=0.212431
