epsilon_quality=0.00782277
volume_quality=0.0382034
