epsilon_quality=0.0149162
volume_quality=0.0306579
