epsilon_quality=0.0869815
volume_quality=0.117054
