epsilon_quality=0.21103
volume_quality=0.575857
