epsilon_quality=0.0439313
volume_quality=0.0111409
