epsilon_quality=0.120544
volume_quality=0.260606
