epsilon_quality=0.0721731
volume_quality=0.136008
