epsilon_quality=1.18812e-06
volume_quality=0.532745
