epsilon_quality=0.0190589
volume_quality=0.286087
