epsilon_quality=0.149454
volume_quality=0.723154
