epsilon_quality=0.0998497
volume_quality=0.203924
