epsilon_quality=0.0695653
volume_quality=0.0223748
