epsilon_quality=0.0645509
volume_quality=0.0098742
