epsilon_quality=0.0854397
volume_quality=0.0499882
