epsilon_quality=0.0599361
volume_quality=0.213665
