epsilon_quality=0.0429411
volume_quality=0.0441645
