epsilon_quality=0.0209379
volume_quality=0.0363242
