gpsEpsilon=80.072
gpsVolume=51.3121
mQualEpsilon=0.0370616
mQualVolume=0.0125551
new_planned_energy=23.4226
