gpsEpsilon=135.868
gpsVolume=59.7423
mQualEpsilon=0.0309423
mQualVolume=0.00855753
new_planned_energy=27.4336
