gpsEpsilon=0.614751
gpsVolume=2.42092e-322
mQualEpsilon=0.765115
mQualVolume=44.7378
new_planned_energy=-0.765115
