gpsEpsilon=0.614751
gpsVolume=2.42092e-322
mQualEpsilon=0.718834
mQualVolume=45.2724
new_planned_energy=-0.718834
