gpsEpsilon=0.614751
gpsVolume=2.42092e-322
mQualEpsilon=0.755802
mQualVolume=44.6877
new_planned_energy=-0.755802
