gpsEpsilon=0.614751
gpsVolume=2.42092e-322
mQualEpsilon=0.670387
mQualVolume=40.3773
new_planned_energy=-0.670387
