gpsEpsilon=0.614751
gpsVolume=2.42092e-322
mQualEpsilon=0.75284
mQualVolume=44.458
new_planned_energy=-0.75284
