gpsEpsilon=0.614751
gpsVolume=2.42092e-322
mQualEpsilon=0.70806
mQualVolume=43.6441
new_planned_energy=-0.70806
