gpsEpsilon=78.7154
gpsVolume=22.1375
mQualEpsilon=0.0384404
mQualVolume=0.0198807
new_planned_energy=56.2558
