gpsEpsilon=136.936
gpsVolume=13.8241
mQualEpsilon=0.0124513
mQualVolume=0.0244452
new_planned_energy=27.3341
