gpsEpsilon=136.936
gpsVolume=13.8241
mQualEpsilon=0.920192
mQualVolume=45.5775
new_planned_energy=-0.920192
