gpsEpsilon=136.428
gpsVolume=61.0867
mQualEpsilon=0.541976
mQualVolume=30.307
new_planned_energy=-0.541976
