gpsEpsilon=136.428
gpsVolume=61.0867
mQualEpsilon=0.591457
mQualVolume=31.2355
new_planned_energy=-0.591457
