gpsEpsilon=136.428
gpsVolume=61.0867
mQualEpsilon=0.471106
mQualVolume=29.6907
new_planned_energy=-0.471106
