gpsEpsilon=136.428
gpsVolume=61.0867
mQualEpsilon=0.641532
mQualVolume=31.239
new_planned_energy=-0.641532
