gpsEpsilon=156.419
gpsVolume=32.7782
mQualEpsilon=0.0142512
mQualVolume=0.0022313
new_planned_energy=57.0214
