gpsEpsilon=0
gpsVolume=1
mQualEpsilon=0.033909
mQualVolume=0.00392909
new_planned_energy=25.8048
