gpsEpsilon=2.59955e-316
gpsVolume=-0.459165
mQualEpsilon=0.0858598
mQualVolume=0.0114977
new_planned_energy=72.1385
