gpsEpsilon=0
gpsVolume=0
mQualEpsilon=0.0891528
mQualVolume=0.0243957
new_planned_energy=19.4096
