gpsEpsilon=0
gpsVolume=0
mQualEpsilon=0.0364955
mQualVolume=0.00635891
new_planned_energy=68.8409
