gpsEpsilon=0
gpsVolume=0
mQualEpsilon=0.0904136
mQualVolume=0.0258194
new_planned_energy=40.4784
