epsilon_quality=0.0993845
volume_quality=0.30128
