epsilon_quality=0.160889
volume_quality=0.213848
