epsilon_quality=0.0842499
volume_quality=0.142486
