epsilon_quality=0.0721064
volume_quality=0.0289767
