epsilon_quality=0.172848
volume_quality=0.256353
