epsilon_quality=0.0734283
volume_quality=0.0621042
