epsilon_quality=0.0748659
volume_quality=0.0364039
