epsilon_quality=0.0967829
volume_quality=0.139193
