epsilon_quality=0.0792855
volume_quality=0.207796
