epsilon_quality=0.0430238
volume_quality=0.0546479
