epsilon_quality=0.148727
volume_quality=0.28435
