epsilon_quality=0.0463361
volume_quality=0.0291583
