epsilon_quality=0.0137432
volume_quality=0.0212895
