epsilon_quality=0.0629859
volume_quality=0.0492171
