epsilon_quality=0.0446626
volume_quality=0.0249385
