epsilon_quality=0.0520366
volume_quality=0.0112781
