epsilon_quality=0.105562
volume_quality=0.147748
