epsilon_quality=0.0551417
volume_quality=0.068365
