epsilon_quality=0.167448
volume_quality=0.168012
