epsilon_quality=0.119029
volume_quality=0.130377
