epsilon_quality=0.0817574
volume_quality=0.240988
