epsilon_quality=0.0975302
volume_quality=0.0942273
