epsilon_quality=0.410865
volume_quality=2.61235
