epsilon_quality=0.0364904
volume_quality=0.232195
