epsilon_quality=0.0982215
volume_quality=0.106677
