epsilon_quality=0.139065
volume_quality=0.117322
