epsilon_quality=0.120668
volume_quality=0.466524
