epsilon_quality=0.155396
volume_quality=0.286208
