epsilon_quality=0.282413
volume_quality=1.39058
