epsilon_quality=0.0501764
volume_quality=0.0183931
