gpsEpsilon=211.232
gpsVolume=69.6686
mQualEpsilon=0.0583572
mQualVolume=0.00807415
new_planned_energy=39.2059
