gpsEpsilon=209.462
gpsVolume=66.4022
mQualEpsilon=0.0164445
mQualVolume=0.00310896
new_planned_energy=27.9883
