gpsEpsilon=211.112
gpsVolume=77.1215
mQualEpsilon=0.111276
mQualVolume=0.012364
new_planned_energy=22.5724
