gpsEpsilon=215.891
gpsVolume=68.2582
mQualEpsilon=0.0104181
mQualVolume=0.0206719
new_planned_energy=40.182
