gpsEpsilon=221.389
gpsVolume=68.3735
mQualEpsilon=0.057832
mQualVolume=0.015241
new_planned_energy=28.1143
