gpsEpsilon=220.699
gpsVolume=71.7111
mQualEpsilon=0.101139
mQualVolume=0.0290688
new_planned_energy=42.346
