gpsEpsilon=218.595
gpsVolume=76.2333
mQualEpsilon=0.0164445
mQualVolume=0.00310896
new_planned_energy=80.0503
