gpsEpsilon=214.617
gpsVolume=63.2234
mQualEpsilon=0.0683903
mQualVolume=0.010386
new_planned_energy=44.9804
