epsilon_quality=0.00297237
volume_quality=0.000319024
