epsilon_quality=0.0127259
volume_quality=0.000164827
