epsilon_quality=0.0235297
volume_quality=0.000935544
