epsilon_quality=0.0265291
volume_quality=0.0322078
