epsilon_quality=0.012895
volume_quality=0.0248103
