epsilon_quality=0.0242149
volume_quality=0.0164166
