epsilon_quality=0.108991
volume_quality=0.252901
