epsilon_quality=0.0991216
volume_quality=0.0733381
