epsilon_quality=0.0747731
volume_quality=0.0549548
