epsilon_quality=0.0870593
volume_quality=0.0513385
