epsilon_quality=0.0264934
volume_quality=0.00434192
