epsilon_quality=0.258484
volume_quality=3.75294
