epsilon_quality=0.254115
volume_quality=0.880755
