epsilon_quality=0.0954073
volume_quality=0.137291
