epsilon_quality=0.100296
volume_quality=0.106574
