epsilon_quality=0.0737759
volume_quality=0.0323994
