epsilon_quality=0.0430653
volume_quality=0.0968147
