epsilon_quality=0.0843734
volume_quality=0.0821651
