epsilon_quality=0.214001
volume_quality=0.834373
