epsilon_quality=0.0677242
volume_quality=0.0343549
