epsilon_quality=0.0584032
volume_quality=0.0542209
