gpsEpsilon=126.218
gpsVolume=83.4062
mQualEpsilon=1.05101
mQualVolume=37.9142
new_planned_energy=-1.05101
