gpsEpsilon=126.268
gpsVolume=83.3674
mQualEpsilon=0.0484779
mQualVolume=0.0108732
new_planned_energy=29.1468
