gpsEpsilon=107.431
gpsVolume=64.6953
mQualEpsilon=0.0546915
mQualVolume=0.00536429
new_planned_energy=23.673
