gpsEpsilon=0
gpsVolume=0
mQualEpsilon=0.0440693
mQualVolume=0.00259259
new_planned_energy=65.5643
