gpsEpsilon=7.53905e-316
gpsVolume=0
mQualEpsilon=-1
mQualVolume=0.00811949
new_planned_energy=21.8636
