gpsEpsilon=124.311
gpsVolume=88.3445
mQualEpsilon=0.0807434
mQualVolume=0.0127708
new_planned_energy=36.0723
