gpsEpsilon=115.013
gpsVolume=95.8604
mQualEpsilon=0.0477606
mQualVolume=0.020063
new_planned_energy=36.8418
