gpsEpsilon=116.305
gpsVolume=76.8655
mQualEpsilon=0.0611749
mQualVolume=0.00631517
new_planned_energy=28.3002
