gpsEpsilon=126.319
gpsVolume=83.4537
mQualEpsilon=0.0187354
mQualVolume=0.0136112
new_planned_energy=14.3991
