epsilon_quality=0.0517994
volume_quality=0.00438741
