epsilon_quality=0.0397293
volume_quality=0.201205
