epsilon_quality=0.0393605
volume_quality=0.0435466
