epsilon_quality=0.0545924
volume_quality=0.0393775
