epsilon_quality=0.0421931
volume_quality=0.0303959
