epsilon_quality=0.0145009
volume_quality=0.00600207
