epsilon_quality=0.0254256
volume_quality=0.0341655
