epsilon_quality=0.0302173
volume_quality=0.0537179
