epsilon_quality=0.107512
volume_quality=0.241753
