epsilon_quality=0.00528637
volume_quality=0.0161992
