epsilon_quality=0.119422
volume_quality=0.128026
