epsilon_quality=0.208782
volume_quality=0.264239
