epsilon_quality=0.0217974
volume_quality=0.0247913
