epsilon_quality=0.149131
volume_quality=0.0757072
