epsilon_quality=0.0649381
volume_quality=0.154544
