epsilon_quality=0.166561
volume_quality=0.200147
