epsilon_quality=0.0501029
volume_quality=0.0239347
