epsilon_quality=0.0447322
volume_quality=0.0244551
