epsilon_quality=0.0625509
volume_quality=0.0200885
