epsilon_quality=0.108258
volume_quality=0.44808
