epsilon_quality=0.0588506
volume_quality=0.0559264
