epsilon_quality=0.15373
volume_quality=0.521424
