epsilon_quality=0.0361051
volume_quality=0.073177
