epsilon_quality=0.14728
volume_quality=0.147458
