epsilon_quality=0.0807543
volume_quality=0.382419
