epsilon_quality=0.146813
volume_quality=0.204805
