epsilon_quality=0.0555217
volume_quality=0.0075987
