epsilon_quality=0.0330428
volume_quality=0.00401474
