epsilon_quality=0.14675
volume_quality=0.576887
