epsilon_quality=0.140439
volume_quality=0.404045
