epsilon_quality=0.0163242
volume_quality=0.0329391
