epsilon_quality=0.120751
volume_quality=0.120397
