epsilon_quality=0.214787
volume_quality=0.391283
