epsilon_quality=0.0482145
volume_quality=0.0169079
