epsilon_quality=0.0762595
volume_quality=0.0857188
