epsilon_quality=0.0129692
volume_quality=0.00179652
