epsilon_quality=0.0645337
volume_quality=0.351129
