epsilon_quality=0.0460364
volume_quality=0.122508
