epsilon_quality=0.0803324
volume_quality=0.0641842
