epsilon_quality=0.0563689
volume_quality=0.032428
