epsilon_quality=0.0975063
volume_quality=0.306772
