epsilon_quality=0.0518513
volume_quality=0.0372477
