epsilon_quality=0.043326
volume_quality=0.0161788
