epsilon_quality=0.100126
volume_quality=0.710589
