epsilon_quality=0.128058
volume_quality=0.0746035
