epsilon_quality=0.0130296
volume_quality=0.0581328
