epsilon_quality=0.269771
volume_quality=0.621115
