epsilon_quality=0.0318963
volume_quality=0.00499174
