epsilon_quality=0.158387
volume_quality=0.251001
