epsilon_quality=0.106944
volume_quality=0.0899965
