epsilon_quality=0.109213
volume_quality=0.0563119
