epsilon_quality=0.0321153
volume_quality=0.00698264
