epsilon_quality=0.163247
volume_quality=0.507286
