epsilon_quality=0.0236968
volume_quality=0.0214177
