epsilon_quality=0.0706788
volume_quality=0.473089
