epsilon_quality=0.0221135
volume_quality=0.0446005
