epsilon_quality=0.0221173
volume_quality=0.00754002
