epsilon_quality=0.0429623
volume_quality=0.0428407
