epsilon_quality=0.172334
volume_quality=0.157512
