epsilon_quality=0.0134367
volume_quality=0.0273843
