epsilon_quality=0.102697
volume_quality=0.0646351
