epsilon_quality=0.145333
volume_quality=0.66832
