epsilon_quality=0.167979
volume_quality=0.83089
