epsilon_quality=0.184554
volume_quality=0.549366
