epsilon_quality=0.0732874
volume_quality=0.101671
