epsilon_quality=0.0261854
volume_quality=0.0653221
