epsilon_quality=0.142821
volume_quality=0.0955251
