epsilon_quality=0.117619
volume_quality=0.314632
