epsilon_quality=0.15829
volume_quality=0.127929
