epsilon_quality=0.0751811
volume_quality=0.0814389
