epsilon_quality=0.0281469
volume_quality=0.0237446
