epsilon_quality=0.0542401
volume_quality=0.0418861
