epsilon_quality=0.0973969
volume_quality=0.408715
