epsilon_quality=0.0950028
volume_quality=0.235234
