epsilon_quality=0.0311289
volume_quality=0.0407749
