epsilon_quality=0.023688
volume_quality=0.0628952
