epsilon_quality=0.173994
volume_quality=0.281972
