epsilon_quality=0.0118719
volume_quality=0.0191451
