epsilon_quality=0.267892
volume_quality=1.22752
