epsilon_quality=0.00470787
volume_quality=0.00473271
