epsilon_quality=0.035425
volume_quality=0.0227804
