epsilon_quality=0.0283279
volume_quality=0.21134
