epsilon_quality=0.0777572
volume_quality=0.035263
