epsilon_quality=0.144805
volume_quality=0.277477
