epsilon_quality=0.0354576
volume_quality=0.0461022
