epsilon_quality=0.16765
volume_quality=0.546052
