epsilon_quality=0.236403
volume_quality=0.577505
