epsilon_quality=0.203273
volume_quality=0.588388
