epsilon_quality=0.183095
volume_quality=0.642121
