epsilon_quality=0.025273
volume_quality=0.036561
