epsilon_quality=0.164389
volume_quality=0.280121
