epsilon_quality=0.0795313
volume_quality=0.0586486
