epsilon_quality=0.108252
volume_quality=0.0777576
