epsilon_quality=0.0110116
volume_quality=0.000496429
