epsilon_quality=0.0159453
volume_quality=0.0908307
