epsilon_quality=0.00108439
volume_quality=0.000116817
