epsilon_quality=0.0534095
volume_quality=0.592296
