epsilon_quality=0.151546
volume_quality=0.739757
