epsilon_quality=0.245572
volume_quality=0.592891
