epsilon_quality=0.00250459
volume_quality=0.00742798
