epsilon_quality=0.0489168
volume_quality=0.0203086
