epsilon_quality=0.0325377
volume_quality=0.0131967
