epsilon_quality=0.100573
volume_quality=0.0432773
