epsilon_quality=0.0334039
volume_quality=0.0424131
