epsilon_quality=0.0916807
volume_quality=0.066387
