epsilon_quality=0.0883281
volume_quality=0.0465219
