epsilon_quality=0.0705238
volume_quality=0.0899613
