epsilon_quality=0.0943565
volume_quality=0.0515977
