epsilon_quality=0.0831515
volume_quality=0.0454467
