epsilon_quality=0.0225255
volume_quality=0.0504154
