epsilon_quality=0.21623
volume_quality=0.220825
