epsilon_quality=0.220894
volume_quality=0.600509
