epsilon_quality=0.0510588
volume_quality=0.274012
