epsilon_quality=0.173207
volume_quality=0.525607
