epsilon_quality=0.0445374
volume_quality=0.0326435
