epsilon_quality=0.105342
volume_quality=0.102841
