epsilon_quality=0.18232
volume_quality=0.215273
