epsilon_quality=0.0628717
volume_quality=0.200994
