epsilon_quality=0.155318
volume_quality=0.575729
