epsilon_quality=0.16717
volume_quality=0.254553
