epsilon_quality=0.0350652
volume_quality=0.00441143
