epsilon_quality=0.00123592
volume_quality=0.439039
