epsilon_quality=0.219201
volume_quality=0.745852
