epsilon_quality=0.0518111
volume_quality=0.00742092
