epsilon_quality=0.0910326
volume_quality=0.0926711
