epsilon_quality=0.0407069
volume_quality=0.09091
