epsilon_quality=0.0627893
volume_quality=0.646715
