epsilon_quality=0.0482533
volume_quality=0.0791417
