epsilon_quality=0.0939175
volume_quality=0.144884
