epsilon_quality=0.019584
volume_quality=0.00608551
