epsilon_quality=0.158407
volume_quality=0.325154
