epsilon_quality=0.109542
volume_quality=0.0731413
