epsilon_quality=0.174216
volume_quality=0.171104
