epsilon_quality=0.116552
volume_quality=0.0878191
