epsilon_quality=0.139528
volume_quality=0.278181
