epsilon_quality=0.230481
volume_quality=0.534848
