epsilon_quality=0.0965445
volume_quality=0.0896552
