epsilon_quality=0.0766015
volume_quality=0.0957378
