epsilon_quality=0.048169
volume_quality=0.0224938
