epsilon_quality=0.048505
volume_quality=0.0190829
