epsilon_quality=0.0264833
volume_quality=0.0103412
