epsilon_quality=0.0409118
volume_quality=0.0235957
