epsilon_quality=0.0656918
volume_quality=0.168829
