epsilon_quality=0.0185006
volume_quality=0.00875405
