gpsEpsilon=1.15391e-315
gpsVolume=0
mQualEpsilon=1.81063
mQualVolume=48.4458
new_planned_energy=15.1943
