gpsEpsilon=1.15391e-315
gpsVolume=0
mQualEpsilon=-1
mQualVolume=0.00437222
new_planned_energy=15.7574
