gpsEpsilon=1.15391e-315
gpsVolume=0
mQualEpsilon=1.85138
mQualVolume=49.9511
new_planned_energy=-1.85138
