gpsEpsilon=1.18049e-315
gpsVolume=0.123276
mQualEpsilon=-1
mQualVolume=0.00145315
new_planned_energy=53.465
