gpsEpsilon=22.8736
gpsVolume=173.663
mQualEpsilon=0.0349511
mQualVolume=0.0047333
new_planned_energy=58.9488
