gpsEpsilon=1.1539e-315
gpsVolume=1.17885e-315
mQualEpsilon=-1
mQualVolume=0.00307997
new_planned_energy=18.467
