gpsEpsilon=9.27741e-316
gpsVolume=-0.361126
mQualEpsilon=0.0477244
mQualVolume=0.00264639
new_planned_energy=19.8161
