gpsEpsilon=132.899
gpsVolume=58.6303
mQualEpsilon=0.0129474
mQualVolume=0.0210445
new_planned_energy=58.2096
