gpsEpsilon=4.78315e-316
gpsVolume=0
mQualEpsilon=0.00543777
mQualVolume=0.00139306
new_planned_energy=63.8174
