gpsEpsilon=1.12319e-315
gpsVolume=0
mQualEpsilon=1.44959
mQualVolume=43.0661
new_planned_energy=-1.44959
