gpsEpsilon=1.12319e-315
gpsVolume=0
mQualEpsilon=1.48755
mQualVolume=46.1882
new_planned_energy=30.3039
