gpsEpsilon=1.12319e-315
gpsVolume=0
mQualEpsilon=1.53454
mQualVolume=43.7248
new_planned_energy=-1.53454
