gpsEpsilon=5.80353e-316
gpsVolume=0
mQualEpsilon=-1
mQualVolume=0.00213269
new_planned_energy=38.5553
