gpsEpsilon=1.07638e-315
gpsVolume=0
mQualEpsilon=0.0194874
mQualVolume=0.00348161
new_planned_energy=56.1046
