gpsEpsilon=1.27849e-315
gpsVolume=0
mQualEpsilon=0.0266537
mQualVolume=0.00845662
new_planned_energy=95.2612
