gpsEpsilon=1.12438e-315
gpsVolume=0
mQualEpsilon=0.0712742
mQualVolume=0.011567
new_planned_energy=29.5232
