gpsEpsilon=1.07876e-315
gpsVolume=0
mQualEpsilon=-1
mQualVolume=0.00281647
new_planned_energy=69.3164
