gpsEpsilon=1.21117e-315
gpsVolume=0
mQualEpsilon=-1
mQualVolume=0.0031987
new_planned_energy=15.3271
