gpsEpsilon=1.21117e-315
gpsVolume=0
mQualEpsilon=0.164852
mQualVolume=29.7434
new_planned_energy=18.0265
