gpsEpsilon=1.21117e-315
gpsVolume=0
mQualEpsilon=0.302663
mQualVolume=31.2903
new_planned_energy=-0.302663
