gpsEpsilon=1.21117e-315
gpsVolume=0
mQualEpsilon=0.308588
mQualVolume=33.9771
new_planned_energy=26.0372
