epsilon_quality=0.123572
volume_quality=0.0760207
