epsilon_quality=0.00431531
volume_quality=0.027174
