epsilon_quality=0.0240581
volume_quality=0.0179368
