epsilon_quality=0.10468
volume_quality=0.395259
