gpsEpsilon=135.436
gpsVolume=117.483
mQualEpsilon=0.0281982
mQualVolume=0.00157114
new_planned_energy=72.9353
