gpsEpsilon=132.279
gpsVolume=117.962
mQualEpsilon=0.0464274
mQualVolume=0.00993832
new_planned_energy=56.6838
