gpsEpsilon=135.04
gpsVolume=106.584
mQualEpsilon=0.099667
mQualVolume=0.0442564
new_planned_energy=61.7163
