gpsEpsilon=137.06
gpsVolume=121.547
mQualEpsilon=0.00728762
mQualVolume=0.00947852
new_planned_energy=61.5468
