gpsEpsilon=129.181
gpsVolume=101.032
mQualEpsilon=0.030916
mQualVolume=0.00278781
new_planned_energy=68.2275
