gpsEpsilon=2.61425e-15
gpsVolume=-2.86742e-17
mQualEpsilon=-1
mQualVolume=0.00431414
new_planned_energy=68.7404
