gpsEpsilon=94.2022
gpsVolume=2.21865e-316
mQualEpsilon=1.60761
mQualVolume=53.9611
new_planned_energy=-1.60761
