gpsEpsilon=0.345188
gpsVolume=10.0232
mQualEpsilon=-1
mQualVolume=0.00126378
new_planned_energy=32.0508
