gpsEpsilon=138.379
gpsVolume=218.679
mQualEpsilon=0.0332814
mQualVolume=0.0122935
new_planned_energy=35.8878
