gpsEpsilon=-0.298814
gpsVolume=0.330455
mQualEpsilon=-1
mQualVolume=0.0247895
new_planned_energy=25.0267
