gpsEpsilon=132.007
gpsVolume=118.508
mQualEpsilon=0.0104148
mQualVolume=0.000957545
new_planned_energy=34.5996
