gpsEpsilon=129.215
gpsVolume=114.034
mQualEpsilon=0.105397
mQualVolume=0.011514
new_planned_energy=49.377
