epsilon_quality=0.0591399
volume_quality=0.0664542
