epsilon_quality=0.0351748
volume_quality=0.035871
