epsilon_quality=0.104851
volume_quality=0.211548
