epsilon_quality=0.181367
volume_quality=0.180332
