epsilon_quality=0.0643808
volume_quality=0.00683721
