epsilon_quality=0.189291
volume_quality=0.930318
