epsilon_quality=0.180396
volume_quality=0.300848
