epsilon_quality=0.135727
volume_quality=0.64925
