epsilon_quality=0.0741674
volume_quality=0.179578
