epsilon_quality=0.0225065
volume_quality=0.0334505
