epsilon_quality=0.128928
volume_quality=0.142723
