epsilon_quality=0.0254146
volume_quality=0.0155252
