epsilon_quality=0.0516307
volume_quality=0.0643267
