epsilon_quality=0.0148073
volume_quality=0.0334472
