epsilon_quality=0.150861
volume_quality=0.271518
