epsilon_quality=0.0727459
volume_quality=0.171249
