epsilon_quality=0.038187
volume_quality=0.0460895
