epsilon_quality=0.0408055
volume_quality=0.00529884
