epsilon_quality=0.189164
volume_quality=0.313436
