epsilon_quality=0.133982
volume_quality=0.136415
