epsilon_quality=0.13055
volume_quality=0.140773
