epsilon_quality=0.0965891
volume_quality=0.0631077
