epsilon_quality=0.246622
volume_quality=0.399477
