epsilon_quality=0.131833
volume_quality=0.12401
