epsilon_quality=0.0305933
volume_quality=0.00422147
