epsilon_quality=0.0309444
volume_quality=0.00426913
