epsilon_quality=0.0288791
volume_quality=0.00081372
