epsilon_quality=0.0478988
volume_quality=0.00565662
