epsilon_quality=0.0638656
volume_quality=0.0526913
