epsilon_quality=0.0166616
volume_quality=0.0109067
