epsilon_quality=0.0922014
volume_quality=0.0693121
