epsilon_quality=0.10285
volume_quality=0.0999692
