epsilon_quality=0.00609042
volume_quality=0.055899
