epsilon_quality=0.0327844
volume_quality=0.0777733
