epsilon_quality=0.0424113
volume_quality=0.0465272
