epsilon_quality=0.159998
volume_quality=0.460344
