epsilon_quality=0.150429
volume_quality=0.343141
