epsilon_quality=0.125331
volume_quality=0.134201
