epsilon_quality=0.190347
volume_quality=0.278419
