epsilon_quality=0.094315
volume_quality=0.0407888
