epsilon_quality=0.0549377
volume_quality=0.0399599
