epsilon_quality=0.112983
volume_quality=0.106652
