epsilon_quality=0.0233888
volume_quality=0.262328
