epsilon_quality=0.276212
volume_quality=2.94687
