epsilon_quality=0.318212
volume_quality=0.600056
