epsilon_quality=0.224919
volume_quality=1.22488
