epsilon_quality=0.266371
volume_quality=0.831449
