epsilon_quality=0.282956
volume_quality=0.602979
