epsilon_quality=0.0377386
volume_quality=0.0231172
