epsilon_quality=0.0437043
volume_quality=0.22169
