epsilon_quality=0.114972
volume_quality=0.125733
