epsilon_quality=0.167844
volume_quality=0.591126
