epsilon_quality=0.0887879
volume_quality=0.655148
