epsilon_quality=0.0710827
volume_quality=0.136361
