epsilon_quality=0.121661
volume_quality=0.268637
