epsilon_quality=0.0873657
volume_quality=0.0699215
