epsilon_quality=0.129125
volume_quality=0.415724
