epsilon_quality=0.145624
volume_quality=0.101022
