epsilon_quality=0.0165836
volume_quality=0.00165828
