epsilon_quality=0.312582
volume_quality=1.22635
