epsilon_quality=0.363071
volume_quality=3.43282
