epsilon_quality=0.00074765
volume_quality=0.0782543
