epsilon_quality=0.0984346
volume_quality=0.0658431
