epsilon_quality=0.169042
volume_quality=0.331067
