epsilon_quality=0.0757776
volume_quality=0.138953
