epsilon_quality=0.137425
volume_quality=0.204516
