epsilon_quality=0.201512
volume_quality=0.245426
