epsilon_quality=0.0829039
volume_quality=0.10248
