epsilon_quality=0.0725682
volume_quality=0.0488869
