epsilon_quality=0.0561459
volume_quality=0.0708607
