epsilon_quality=0.0715335
volume_quality=0.0857332
