epsilon_quality=0.227563
volume_quality=0.279084
