epsilon_quality=0.0869743
volume_quality=0.0809924
