epsilon_quality=0.117162
volume_quality=0.292349
