epsilon_quality=0.140519
volume_quality=0.401174
