epsilon_quality=0.164303
volume_quality=0.317782
