epsilon_quality=0.140789
volume_quality=0.147508
