epsilon_quality=0.13801
volume_quality=0.0805731
