epsilon_quality=0.115843
volume_quality=0.153648
