epsilon_quality=0.0924045
volume_quality=0.0658429
