epsilon_quality=0.0506523
volume_quality=0.0147676
