epsilon_quality=0.0444089
volume_quality=0.00463712
