gpsEpsilon=66.0954
gpsVolume=82.6491
mQualEpsilon=0.0245424
mQualVolume=0.00458906
new_planned_energy=60.3818
