gpsEpsilon=22.2157
gpsVolume=119.067
mQualEpsilon=0.018482
mQualVolume=0.01025
new_planned_energy=78.4327
