gpsEpsilon=41.418
gpsVolume=108.575
mQualEpsilon=0.00242795
mQualVolume=0.00315572
new_planned_energy=63.3929
