gpsEpsilon=0
gpsVolume=2.42092e-322
mQualEpsilon=0.00772042
mQualVolume=0.000406064
new_planned_energy=44.7244
