gpsEpsilon=5.73173e-316
gpsVolume=2.42092e-322
mQualEpsilon=-1
mQualVolume=0.00188375
new_planned_energy=91.3943
