gpsEpsilon=0
gpsVolume=2.42092e-322
mQualEpsilon=-1
mQualVolume=0.00673874
new_planned_energy=24.119
