gpsEpsilon=0
gpsVolume=2.42092e-322
mQualEpsilon=0.00153936
mQualVolume=0.00112946
new_planned_energy=35.6359
