gpsEpsilon=2.56405e-316
gpsVolume=6.95335e-310
mQualEpsilon=0.138187
mQualVolume=0.0346409
new_planned_energy=77.2995
