gpsEpsilon=86.1126
gpsVolume=99.8903
mQualEpsilon=0.101567
mQualVolume=0.0295873
new_planned_energy=83.2903
