gpsEpsilon=107.53
gpsVolume=167.658
mQualEpsilon=0.113748
mQualVolume=0.0198955
new_planned_energy=68.4029
