epsilon_quality=0.0834974
volume_quality=0.0679591
