epsilon_quality=0.0873019
volume_quality=0.36981
