epsilon_quality=0.118132
volume_quality=0.18374
