epsilon_quality=0.136488
volume_quality=0.441082
