epsilon_quality=0.0163185
volume_quality=0.0973665
