epsilon_quality=0.112796
volume_quality=1.01031
