epsilon_quality=0.189534
volume_quality=0.72142
