epsilon_quality=0.070485
volume_quality=0.131348
