epsilon_quality=0.0390759
volume_quality=0.0328125
