epsilon_quality=0.0958317
volume_quality=0.0552275
