epsilon_quality=0.175484
volume_quality=0.360721
