epsilon_quality=0.144884
volume_quality=0.244266
