epsilon_quality=0.251191
volume_quality=0.46579
