epsilon_quality=0.0843966
volume_quality=0.156393
