epsilon_quality=0.0792551
volume_quality=0.552247
