epsilon_quality=0.0779025
volume_quality=0.167671
