epsilon_quality=0.0769816
volume_quality=0.0911389
