epsilon_quality=0.0809174
volume_quality=0.0466331
