epsilon_quality=0.0274754
volume_quality=0.0767833
