epsilon_quality=0.239567
volume_quality=0.608845
