epsilon_quality=0.0699767
volume_quality=0.108712
