epsilon_quality=0.09297
volume_quality=0.147191
