epsilon_quality=0.139193
volume_quality=0.29783
