epsilon_quality=0.112802
volume_quality=0.217768
