epsilon_quality=0.173629
volume_quality=0.503379
