epsilon_quality=0.0427898
volume_quality=0.00573917
