epsilon_quality=0.0781219
volume_quality=0.0490041
