epsilon_quality=0.168887
volume_quality=0.369065
