epsilon_quality=0.133911
volume_quality=0.254034
