gpsEpsilon=145.267
gpsVolume=131.077
mQualEpsilon=0.0128023
mQualVolume=0.0115089
new_planned_energy=18.6602
