gpsEpsilon=144.35
gpsVolume=132.045
mQualEpsilon=0.0352766
mQualVolume=0.00978555
new_planned_energy=19.6116
