gpsEpsilon=150.834
gpsVolume=130.365
mQualEpsilon=1.86881
mQualVolume=47.8776
new_planned_energy=-1.86881
