gpsEpsilon=150.834
gpsVolume=130.365
mQualEpsilon=1.89583
mQualVolume=47.4031
new_planned_energy=-1.89583
