gpsEpsilon=150.834
gpsVolume=130.365
mQualEpsilon=1.87307
mQualVolume=47.999
new_planned_energy=-1.87307
