gpsEpsilon=150.834
gpsVolume=130.365
mQualEpsilon=0.044015
mQualVolume=0.02112
new_planned_energy=47.9971
