gpsEpsilon=150.834
gpsVolume=130.365
mQualEpsilon=1.89594
mQualVolume=47.4844
new_planned_energy=-1.89594
