gpsEpsilon=144.389
gpsVolume=122.491
mQualEpsilon=0.0686639
mQualVolume=0.0151123
new_planned_energy=38.3418
