gpsEpsilon=4.14289e-316
gpsVolume=1.35066e-315
mQualEpsilon=0.0522575
mQualVolume=0.0156019
new_planned_energy=40.1042
