gpsEpsilon=1.2186e-315
gpsVolume=7.36555e-316
mQualEpsilon=1.83801
mQualVolume=48.3808
new_planned_energy=-1.83801
