gpsEpsilon=1.2186e-315
gpsVolume=7.36555e-316
mQualEpsilon=0.0823033
mQualVolume=0.0177298
new_planned_energy=28.4713
