gpsEpsilon=1.2186e-315
gpsVolume=7.36555e-316
mQualEpsilon=1.83914
mQualVolume=48.3404
new_planned_energy=-1.83914
