gpsEpsilon=1.2186e-315
gpsVolume=7.36555e-316
mQualEpsilon=1.84589
mQualVolume=48.24
new_planned_energy=20.7787
