gpsEpsilon=143.099
gpsVolume=123.508
mQualEpsilon=0.0522575
mQualVolume=0.0156019
new_planned_energy=49.9025
