gpsEpsilon=145.243
gpsVolume=131.019
mQualEpsilon=0.0398356
mQualVolume=0.0160347
new_planned_energy=16.8198
