gpsEpsilon=145.251
gpsVolume=131.064
mQualEpsilon=1.80293
mQualVolume=48.8573
new_planned_energy=-1.80293
