gpsEpsilon=145.251
gpsVolume=131.064
mQualEpsilon=1.80632
mQualVolume=49.2182
new_planned_energy=-1.80632
