gpsEpsilon=145.251
gpsVolume=131.064
mQualEpsilon=1.80378
mQualVolume=48.4696
new_planned_energy=-1.80378
