gpsEpsilon=145.251
gpsVolume=131.064
mQualEpsilon=0.0247984
mQualVolume=0.0123184
new_planned_energy=12.9762
