gpsEpsilon=145.251
gpsVolume=131.064
mQualEpsilon=1.81174
mQualVolume=48.4098
new_planned_energy=-1.81174
