epsilon_quality=0.0132047
volume_quality=0.0487488
