epsilon_quality=3.55618e-17
volume_quality=0.0116903
