epsilon_quality=0.0876199
volume_quality=0.0745113
