epsilon_quality=0.0128151
volume_quality=0.00145038
