epsilon_quality=0.0912612
volume_quality=0.260085
