epsilon_quality=0.108815
volume_quality=0.245761
