epsilon_quality=0.0422559
volume_quality=0.33396
