epsilon_quality=0.056183
volume_quality=0.0960048
