epsilon_quality=0.107096
volume_quality=0.0675057
