epsilon_quality=0.0538155
volume_quality=0.0187257
