epsilon_quality=0.0133538
volume_quality=0.0222324
