epsilon_quality=0.0372411
volume_quality=0.00759737
