epsilon_quality=0.0738036
volume_quality=0.080974
