epsilon_quality=0.109753
volume_quality=0.134788
