epsilon_quality=0.24811
volume_quality=0.722128
