epsilon_quality=0.0752179
volume_quality=0.0375884
