epsilon_quality=0.0672335
volume_quality=0.0663626
