epsilon_quality=0.146289
volume_quality=0.360045
