epsilon_quality=0.188643
volume_quality=0.436839
