epsilon_quality=0.0884525
volume_quality=0.102017
