epsilon_quality=0.0608585
volume_quality=0.0955504
