epsilon_quality=0.100603
volume_quality=0.0619718
