epsilon_quality=0.0537284
volume_quality=0.0394497
