epsilon_quality=0.0221717
volume_quality=0.0111618
