epsilon_quality=0.00898966
volume_quality=0.0183874
