epsilon_quality=0.0152605
volume_quality=0.0265359
