epsilon_quality=0.0587189
volume_quality=0.0789658
