epsilon_quality=0.0372564
volume_quality=0.0036909
