epsilon_quality=0.0199823
volume_quality=0.072773
