epsilon_quality=0.0479959
volume_quality=0.0510242
