epsilon_quality=0.0680596
volume_quality=0.0348499
