epsilon_quality=0.0187083
volume_quality=0.0164008
