epsilon_quality=0.0349747
volume_quality=0.00201648
