epsilon_quality=0.111087
volume_quality=0.192148
