epsilon_quality=0.117241
volume_quality=0.0452576
