epsilon_quality=0.154547
volume_quality=0.613084
