epsilon_quality=0.0753238
volume_quality=0.0415049
