epsilon_quality=0.0837522
volume_quality=0.0423955
