epsilon_quality=0.0039829
volume_quality=0.00625362
