epsilon_quality=0.0590702
volume_quality=0.0315467
