epsilon_quality=0.262067
volume_quality=0.985934
