epsilon_quality=0.04955
volume_quality=0.217187
