epsilon_quality=0.0795635
volume_quality=0.0279958
