epsilon_quality=0.134251
volume_quality=0.239192
