epsilon_quality=0.00423807
volume_quality=0.130638
