epsilon_quality=0.0254689
volume_quality=0.00808105
