epsilon_quality=0.0823834
volume_quality=0.0333183
