epsilon_quality=0.0617044
volume_quality=0.0763512
