epsilon_quality=0.0168673
volume_quality=0.109103
