epsilon_quality=0.192138
volume_quality=0.56319
