epsilon_quality=0.15702
volume_quality=0.0758078
