epsilon_quality=0.0313578
volume_quality=0.00741317
