epsilon_quality=0.126954
volume_quality=0.053103
