epsilon_quality=0.0543689
volume_quality=0.0184744
