epsilon_quality=0.0321932
volume_quality=0.0850758
