epsilon_quality=0.0861524
volume_quality=0.0602741
