epsilon_quality=0.13279
volume_quality=0.108296
