epsilon_quality=0.12319
volume_quality=0.230511
