epsilon_quality=0.406981
volume_quality=1.81339
