epsilon_quality=0.403131
volume_quality=1.77057
