epsilon_quality=0.0828465
volume_quality=0.537162
