epsilon_quality=0.132436
volume_quality=0.754787
