epsilon_quality=0.062993
volume_quality=0.0656521
