epsilon_quality=0.148324
volume_quality=0.180693
