epsilon_quality=0.0691286
volume_quality=0.0315773
