epsilon_quality=0.0483615
volume_quality=0.0114857
