epsilon_quality=0.160809
volume_quality=0.214408
