epsilon_quality=0.0261431
volume_quality=0.0722474
