epsilon_quality=0.00406656
volume_quality=0.0161844
