epsilon_quality=0.0388799
volume_quality=0.0194796
