epsilon_quality=0.078656
volume_quality=0.0912457
