epsilon_quality=0.0676847
volume_quality=0.500238
