epsilon_quality=0.143049
volume_quality=0.229355
