epsilon_quality=0.0220624
volume_quality=0.0496897
