epsilon_quality=0.16451
volume_quality=0.281132
