epsilon_quality=0.0976519
volume_quality=0.442089
