epsilon_quality=0.0686542
volume_quality=0.0253321
