epsilon_quality=0.140969
volume_quality=0.102405
