epsilon_quality=0.0355309
volume_quality=0.0105805
