epsilon_quality=0.0323366
volume_quality=0.0946274
