epsilon_quality=0.123614
volume_quality=0.15257
