epsilon_quality=0.166983
volume_quality=0.0927078
