gpsEpsilon=1.21956e-315
gpsVolume=0
mQualEpsilon=-1
mQualVolume=0.0100889
new_planned_energy=67.4618
