gpsEpsilon=1.12586e-315
gpsVolume=0
mQualEpsilon=-1
mQualVolume=0.00267479
new_planned_energy=85.1247
