gpsEpsilon=2.13394e-316
gpsVolume=0
mQualEpsilon=0.0597649
mQualVolume=0.00988271
new_planned_energy=28.0358
