gpsEpsilon=1.18576e-321
gpsVolume=3.16202e-322
mQualEpsilon=-1
mQualVolume=0.00267914
new_planned_energy=108.64
