gpsEpsilon=12.2756
gpsVolume=104.751
mQualEpsilon=0.0126467
mQualVolume=0.000492658
new_planned_energy=87.4761
