gpsEpsilon=27.3622
gpsVolume=85.8431
mQualEpsilon=1.84658
mQualVolume=46.2284
new_planned_energy=-1.84658
