gpsEpsilon=33.7038
gpsVolume=72.2572
mQualEpsilon=0.0175198
mQualVolume=0.000448985
new_planned_energy=65.4033
