gpsEpsilon=0
gpsVolume=2.42092e-322
mQualEpsilon=0.0135191
mQualVolume=0.000334534
new_planned_energy=94.4917
