gpsEpsilon=34.3751
gpsVolume=57.7959
mQualEpsilon=0.0729677
mQualVolume=0.0161953
new_planned_energy=91.1597
