gpsEpsilon=7.8973e-316
gpsVolume=0
mQualEpsilon=0.0196457
mQualVolume=0.0135145
new_planned_energy=52.1057
