gpsEpsilon=1.21957e-315
gpsVolume=0
mQualEpsilon=0.0349465
mQualVolume=0.0108502
new_planned_energy=100.721
