gpsEpsilon=1.4682e-316
gpsVolume=0
mQualEpsilon=0.0481492
mQualVolume=0.0035425
new_planned_energy=43.3865
