gpsEpsilon=4.26737e-316
gpsVolume=0
mQualEpsilon=0.0304197
mQualVolume=0.0112766
new_planned_energy=75.6697
