epsilon_quality=0.0472107
volume_quality=0.217676
