epsilon_quality=0.11251
volume_quality=0.240412
