epsilon_quality=0.00519466
volume_quality=0.0675403
