epsilon_quality=0.00470981
volume_quality=0.00053844
