epsilon_quality=0.0677727
volume_quality=0.123243
