epsilon_quality=0.0215251
volume_quality=0.0273433
