epsilon_quality=0.0303991
volume_quality=0.0712244
