epsilon_quality=0.0448055
volume_quality=0.0456562
