epsilon_quality=0.246489
volume_quality=0.945709
