epsilon_quality=0.0193196
volume_quality=0.0325364
