epsilon_quality=0.101548
volume_quality=0.0383557
