epsilon_quality=0.0599787
volume_quality=0.0211512
