epsilon_quality=0.0728213
volume_quality=0.0686613
