epsilon_quality=0.0522458
volume_quality=0.0357521
