epsilon_quality=0.0223592
volume_quality=0.0373361
