epsilon_quality=0.0443314
volume_quality=0.306641
