epsilon_quality=0.0434106
volume_quality=0.030863
