epsilon_quality=0.0834365
volume_quality=0.0368175
