epsilon_quality=0.00491818
volume_quality=0.00662622
