epsilon_quality=0.0425645
volume_quality=0.0778608
