epsilon_quality=0.0292103
volume_quality=0.0283632
