epsilon_quality=0.0465488
volume_quality=0.221216
