epsilon_quality=0.0584842
volume_quality=0.051272
