epsilon_quality=0.134185
volume_quality=0.175782
