epsilon_quality=0.0696312
volume_quality=0.10043
