epsilon_quality=0.00136411
volume_quality=0.0120126
