epsilon_quality=0.0838704
volume_quality=0.0540243
