epsilon_quality=0.0187075
volume_quality=0.00705253
