epsilon_quality=0.198781
volume_quality=0.821893
