epsilon_quality=0.115753
volume_quality=0.12379
