gpsEpsilon=170.652
gpsVolume=172.7
mQualEpsilon=0.00943326
mQualVolume=0.00101254
new_planned_energy=47.0406
