gpsEpsilon=130.327
gpsVolume=135.648
mQualEpsilon=1.84099
mQualVolume=50.6037
new_planned_energy=-1.84099
