gpsEpsilon=130.327
gpsVolume=135.648
mQualEpsilon=1.77432
mQualVolume=50.3232
new_planned_energy=-1.77432
