gpsEpsilon=130.327
gpsVolume=135.648
mQualEpsilon=1.74947
mQualVolume=51.2945
new_planned_energy=-1.74947
