gpsEpsilon=130.327
gpsVolume=135.648
mQualEpsilon=1.82797
mQualVolume=51.0462
new_planned_energy=-1.82797
