gpsEpsilon=130.327
gpsVolume=135.648
mQualEpsilon=1.83811
mQualVolume=50.4854
new_planned_energy=-1.83811
