gpsEpsilon=130.327
gpsVolume=135.648
mQualEpsilon=1.69919
mQualVolume=49.1092
new_planned_energy=-1.69919
