gpsEpsilon=130.357
gpsVolume=135.593
mQualEpsilon=0.0128034
mQualVolume=0.00306126
new_planned_energy=44.9877
