gpsEpsilon=130.309
gpsVolume=135.757
mQualEpsilon=0.0972779
mQualVolume=0.00979278
new_planned_energy=24.8267
