gpsEpsilon=168.49
gpsVolume=190.269
mQualEpsilon=0.585736
mQualVolume=41.6397
new_planned_energy=-0.585736
