gpsEpsilon=168.49
gpsVolume=190.269
mQualEpsilon=0.0593072
mQualVolume=0.0205258
new_planned_energy=25.1227
