gpsEpsilon=2.90387e-316
gpsVolume=-0.153652
mQualEpsilon=0.265375
mQualVolume=23.1089
new_planned_energy=-0.265375
