gpsEpsilon=2.90387e-316
gpsVolume=-0.153652
mQualEpsilon=0.347638
mQualVolume=24.1101
new_planned_energy=-0.347638
