gpsEpsilon=2.90387e-316
gpsVolume=-0.153652
mQualEpsilon=-1
mQualVolume=0.00367901
new_planned_energy=20.851
