gpsEpsilon=2.90387e-316
gpsVolume=-0.153652
mQualEpsilon=0.334031
mQualVolume=23.8201
new_planned_energy=51.9174
