gpsEpsilon=2.90387e-316
gpsVolume=-0.153652
mQualEpsilon=0.381167
mQualVolume=24.1794
new_planned_energy=-0.381167
