gpsEpsilon=-0.50534
gpsVolume=5.0368
mQualEpsilon=0.0439884
mQualVolume=0.00463933
new_planned_energy=98.1766
