gpsEpsilon=0.42258
gpsVolume=-0.644267
mQualEpsilon=-1
mQualVolume=0.00782897
new_planned_energy=52.8469
