gpsEpsilon=190.192
gpsVolume=186.499
mQualEpsilon=0.0312199
mQualVolume=0.0023725
new_planned_energy=57.3311
