gpsEpsilon=124.176
gpsVolume=200.463
mQualEpsilon=0.0266942
mQualVolume=0.0184768
new_planned_energy=26.0029
