gpsEpsilon=196.024
gpsVolume=169.949
mQualEpsilon=0.00943326
mQualVolume=0.00101254
new_planned_energy=39.8642
