epsilon_quality=0.0750323
volume_quality=0.0496085
