epsilon_quality=0.0509692
volume_quality=0.112414
