epsilon_quality=0.0877219
volume_quality=0.0201281
