epsilon_quality=0.100044
volume_quality=0.153104
