epsilon_quality=0.0329887
volume_quality=0.0324086
