epsilon_quality=0.0252225
volume_quality=0.00889068
