epsilon_quality=0.01816
volume_quality=0.00625059
