epsilon_quality=0.0409056
volume_quality=0.0923252
