epsilon_quality=0.00242593
volume_quality=0.049179
