epsilon_quality=0.14991
volume_quality=0.244462
