epsilon_quality=0.111696
volume_quality=0.279132
