epsilon_quality=0.0843138
volume_quality=0.0759148
