epsilon_quality=0.0902379
volume_quality=0.0747145
