epsilon_quality=0.0565395
volume_quality=0.0512701
