epsilon_quality=0.157247
volume_quality=0.140408
