epsilon_quality=0.076432
volume_quality=0.0318248
