epsilon_quality=0.0816179
volume_quality=0.118503
