epsilon_quality=0.162254
volume_quality=0.289783
