epsilon_quality=0.109314
volume_quality=0.115282
