epsilon_quality=0.110166
volume_quality=0.0484612
