epsilon_quality=0.0538759
volume_quality=0.0289189
