epsilon_quality=0.168162
volume_quality=0.300443
