epsilon_quality=0.128777
volume_quality=0.113622
