epsilon_quality=0.116549
volume_quality=0.126272
