epsilon_quality=0.0951322
volume_quality=0.0622027
