epsilon_quality=0.171267
volume_quality=0.115637
