epsilon_quality=0.111884
volume_quality=0.0777509
