epsilon_quality=0.138217
volume_quality=0.778756
