epsilon_quality=0.283335
volume_quality=2.55859
