epsilon_quality=0.17084
volume_quality=0.406771
