epsilon_quality=0.115152
volume_quality=0.277036
