epsilon_quality=0.104464
volume_quality=0.15601
