epsilon_quality=0.111612
volume_quality=0.242992
