epsilon_quality=0.0504355
volume_quality=0.0593751
