epsilon_quality=0.108845
volume_quality=0.120067
