epsilon_quality=0.060345
volume_quality=0.0583552
