epsilon_quality=0.0344241
volume_quality=0.0692101
