epsilon_quality=0.128465
volume_quality=0.0701849
