epsilon_quality=0.0231753
volume_quality=0.0559545
