epsilon_quality=0.161309
volume_quality=0.47891
