epsilon_quality=0.0249732
volume_quality=0.0147408
