epsilon_quality=0.083043
volume_quality=0.0267689
