epsilon_quality=0.136889
volume_quality=0.222802
