epsilon_quality=0.127407
volume_quality=0.244766
