gpsEpsilon=0
gpsVolume=0
mQualEpsilon=0.000163036
mQualVolume=0.000660579
new_planned_energy=51.2645
