gpsEpsilon=0
gpsVolume=0
mQualEpsilon=0.0458774
mQualVolume=0.00717048
new_planned_energy=54.7309
