gpsEpsilon=0
gpsVolume=0
mQualEpsilon=0.0238821
mQualVolume=0.0157235
new_planned_energy=46.2737
