gpsEpsilon=0
gpsVolume=0
mQualEpsilon=0.0416527
mQualVolume=0.0026144
new_planned_energy=41.4461
