gpsEpsilon=0
gpsVolume=0
mQualEpsilon=0.0284212
mQualVolume=0.000987692
new_planned_energy=44.5182
