gpsEpsilon=3.06495e+284
gpsVolume=1.02898e-71
mQualEpsilon=-1
mQualVolume=7.98473e-72
new_planned_energy=23.829
