gpsEpsilon=128.815
gpsVolume=1.77516e-316
mQualEpsilon=0.0180268
mQualVolume=0.00113903
new_planned_energy=56.2444
