gpsEpsilon=77.7575
gpsVolume=118.611
mQualEpsilon=0.0422756
mQualVolume=0.00270533
new_planned_energy=45.8482
