gpsEpsilon=-2.51116e+306
gpsVolume=-1.20911e+306
mQualEpsilon=-1
mQualVolume=0.00202585
new_planned_energy=103.444
