epsilon_quality=0.0616991
volume_quality=0.0225944
