epsilon_quality=0.0310014
volume_quality=0.0224129
