epsilon_quality=0.101766
volume_quality=0.126063
