epsilon_quality=0.0595256
volume_quality=0.0256609
