epsilon_quality=0.0174491
volume_quality=0.0211403
