epsilon_quality=0.0990063
volume_quality=0.124642
