epsilon_quality=0.04218
volume_quality=0.0715535
