epsilon_quality=0.079465
volume_quality=0.0350761
