epsilon_quality=0.0503577
volume_quality=0.0218856
