epsilon_quality=0.0306081
volume_quality=0.0875956
