epsilon_quality=0.13227
volume_quality=0.303806
