epsilon_quality=0.0315417
volume_quality=0.142944
