epsilon_quality=0.00829741
volume_quality=0.0156767
