epsilon_quality=0.153244
volume_quality=0.221449
