epsilon_quality=0.117489
volume_quality=0.578757
