epsilon_quality=0.0784297
volume_quality=0.0369669
