epsilon_quality=0.192559
volume_quality=0.616332
