epsilon_quality=0.0412455
volume_quality=0.012582
