epsilon_quality=0.0872725
volume_quality=0.0718319
