epsilon_quality=0.176669
volume_quality=0.317071
