epsilon_quality=0.164343
volume_quality=0.265224
