epsilon_quality=0.06745
volume_quality=0.0553492
