epsilon_quality=0.219731
volume_quality=0.467336
