epsilon_quality=0.130401
volume_quality=0.118887
