epsilon_quality=0.172228
volume_quality=0.211217
