gpsEpsilon=169.357
gpsVolume=77.8876
mQualEpsilon=0.0016982
mQualVolume=0.0080378
new_planned_energy=28.5343
