gpsEpsilon=173.364
gpsVolume=23.2167
mQualEpsilon=1.63535
mQualVolume=59.208
new_planned_energy=-1.63535
