gpsEpsilon=173.364
gpsVolume=23.2167
mQualEpsilon=1.63604
mQualVolume=58.5611
new_planned_energy=-1.63604
