gpsEpsilon=171.628
gpsVolume=38.1833
mQualEpsilon=0.0351215
mQualVolume=0.00218082
new_planned_energy=11.696
