gpsEpsilon=171.628
gpsVolume=38.1833
mQualEpsilon=1.64607
mQualVolume=46.0743
new_planned_energy=-1.64607
