gpsEpsilon=179.373
gpsVolume=35.4269
mQualEpsilon=0.0378857
mQualVolume=0.00257321
new_planned_energy=18.0023
