gpsEpsilon=165.76
gpsVolume=20.3906
mQualEpsilon=0.0504503
mQualVolume=0.00942408
new_planned_energy=28.5234
