gpsEpsilon=169.444
gpsVolume=19.6191
mQualEpsilon=0.0213258
mQualVolume=0.00601372
new_planned_energy=69.6258
