gpsEpsilon=168.055
gpsVolume=11.6828
mQualEpsilon=1.63326
mQualVolume=58.145
new_planned_energy=-1.63326
