gpsEpsilon=168.055
gpsVolume=11.6828
mQualEpsilon=1.64288
mQualVolume=57.6477
new_planned_energy=-1.64288
