gpsEpsilon=165.762
gpsVolume=38.5816
mQualEpsilon=0.00651949
mQualVolume=0.0163732
new_planned_energy=73.0081
