gpsEpsilon=162.534
gpsVolume=47.7284
mQualEpsilon=0.0207114
mQualVolume=0.00395155
new_planned_energy=47.2709
