gpsEpsilon=168.663
gpsVolume=56.706
mQualEpsilon=0.00221995
mQualVolume=0.012715
new_planned_energy=54.0033
