gpsEpsilon=186.903
gpsVolume=20.9006
mQualEpsilon=1.56235
mQualVolume=55.9973
new_planned_energy=-1.56235
