gpsEpsilon=168.963
gpsVolume=20.2485
mQualEpsilon=0.00222551
mQualVolume=0.00379183
new_planned_energy=54.1066
