epsilon_quality=0.0824188
volume_quality=0.231003
