epsilon_quality=0.115553
volume_quality=0.0754115
