epsilon_quality=0.0103952
volume_quality=0.190315
