epsilon_quality=0.0427652
volume_quality=0.269383
