epsilon_quality=0.148362
volume_quality=0.177512
