epsilon_quality=0.11747
volume_quality=0.067848
