epsilon_quality=0.149967
volume_quality=0.29648
