epsilon_quality=0.102217
volume_quality=0.214063
