epsilon_quality=0.0981163
volume_quality=0.217067
