epsilon_quality=0.0754105
volume_quality=0.154389
