epsilon_quality=0.0247847
volume_quality=0.0118205
