epsilon_quality=0.10534
volume_quality=0.142559
