epsilon_quality=0.0061153
volume_quality=0.178098
