epsilon_quality=0.0485349
volume_quality=0.0470312
