epsilon_quality=0.127491
volume_quality=0.114958
