epsilon_quality=0.126489
volume_quality=0.063729
