epsilon_quality=0.0147304
volume_quality=0.0221151
