epsilon_quality=0.0148984
volume_quality=0.0112318
