epsilon_quality=0.0551423
volume_quality=0.00792621
