epsilon_quality=0.00951577
volume_quality=0.050355
