epsilon_quality=0.0799504
volume_quality=0.0607212
