epsilon_quality=0.107904
volume_quality=0.128761
