epsilon_quality=0.0960154
volume_quality=0.155338
