epsilon_quality=0.143514
volume_quality=0.256861
