epsilon_quality=0.0506905
volume_quality=0.070092
