epsilon_quality=0.0108134
volume_quality=0.100104
