epsilon_quality=0.0873366
volume_quality=0.156949
