gpsEpsilon=244.853
gpsVolume=40.3215
mQualEpsilon=1.62754
mQualVolume=48.1486
new_planned_energy=-1.62754
