gpsEpsilon=244.853
gpsVolume=40.3215
mQualEpsilon=0.0488123
mQualVolume=0.0102185
new_planned_energy=50.5775
