gpsEpsilon=214.481
gpsVolume=57.9765
mQualEpsilon=0.0253835
mQualVolume=0.00534857
new_planned_energy=45.6181
