gpsEpsilon=236.155
gpsVolume=54.4375
mQualEpsilon=1.68665
mQualVolume=56.5843
new_planned_energy=-1.68665
