gpsEpsilon=236.155
gpsVolume=54.4375
mQualEpsilon=1.40356
mQualVolume=41.6258
new_planned_energy=-1.40356
