gpsEpsilon=181.62
gpsVolume=17.8821
mQualEpsilon=1.57927
mQualVolume=48.6733
new_planned_energy=-1.57927
