gpsEpsilon=181.62
gpsVolume=17.8821
mQualEpsilon=1.57051
mQualVolume=47.3203
new_planned_energy=-1.57051
