gpsEpsilon=181.62
gpsVolume=17.8821
mQualEpsilon=0.0522908
mQualVolume=0.0122006
new_planned_energy=51.4678
