gpsEpsilon=223.008
gpsVolume=36.1539
mQualEpsilon=0.0631273
mQualVolume=0.00681448
new_planned_energy=23.2446
