gpsEpsilon=216.224
gpsVolume=7.8344
mQualEpsilon=0.0614866
mQualVolume=0.0360142
new_planned_energy=71.1353
