gpsEpsilon=181.783
gpsVolume=16.9836
mQualEpsilon=0.772875
mQualVolume=39.027
new_planned_energy=-0.772875
