gpsEpsilon=181.663
gpsVolume=133.138
mQualEpsilon=0.0399789
mQualVolume=0.0111732
new_planned_energy=17.6261
