gpsEpsilon=246.833
gpsVolume=100.116
mQualEpsilon=0.0184435
mQualVolume=0.0366749
new_planned_energy=33.9736
