gpsEpsilon=247.551
gpsVolume=98.4192
mQualEpsilon=1.71666
mQualVolume=48.1101
new_planned_energy=-1.71666
