epsilon_quality=0.0382949
volume_quality=0.00979867
