epsilon_quality=0.0101161
volume_quality=0.00775446
