epsilon_quality=0.01567
volume_quality=0.0219439
