epsilon_quality=0.0252001
volume_quality=0.00363389
