epsilon_quality=0.092918
volume_quality=0.0998068
