epsilon_quality=0.0209455
volume_quality=0.00176922
