epsilon_quality=0.0246749
volume_quality=0.0273112
