epsilon_quality=0.0744508
volume_quality=0.134013
