epsilon_quality=0.0684144
volume_quality=0.0383253
