epsilon_quality=0.159732
volume_quality=0.296408
