epsilon_quality=0.223824
volume_quality=0.277672
