epsilon_quality=0.0489873
volume_quality=0.0126891
