epsilon_quality=0.161792
volume_quality=0.125327
