epsilon_quality=0.0184162
volume_quality=0.238473
