epsilon_quality=0.168636
volume_quality=0.612512
