epsilon_quality=0.0382999
volume_quality=0.0188301
