epsilon_quality=0.109438
volume_quality=0.118361
