epsilon_quality=0.10915
volume_quality=0.14599
