epsilon_quality=0.0757798
volume_quality=0.0559564
