epsilon_quality=0.119356
volume_quality=0.101056
