epsilon_quality=0.093356
volume_quality=0.143193
