epsilon_quality=0.0755181
volume_quality=0.100977
