epsilon_quality=0.0290879
volume_quality=0.00781003
