epsilon_quality=0.0348035
volume_quality=0.130423
