epsilon_quality=0.0663246
volume_quality=0.0280276
