epsilon_quality=0.0498064
volume_quality=0.0286445
