epsilon_quality=0.0942985
volume_quality=0.05571
