epsilon_quality=0.156163
volume_quality=0.18254
