epsilon_quality=0.110074
volume_quality=0.260171
