epsilon_quality=0.0938013
volume_quality=0.0434432
