epsilon_quality=0.161836
volume_quality=0.347673
