epsilon_quality=0.108228
volume_quality=0.0856603
