epsilon_quality=0.0446328
volume_quality=0.0229479
