epsilon_quality=0.0306773
volume_quality=0.0028015
