epsilon_quality=0.0481414
volume_quality=0.0311999
