epsilon_quality=0.0585957
volume_quality=0.033664
