epsilon_quality=0.188967
volume_quality=0.824904
