epsilon_quality=0.369497
volume_quality=1.33322
