epsilon_quality=0.376889
volume_quality=2.34721
