epsilon_quality=0.00109295
volume_quality=0.111478
