epsilon_quality=0.237389
volume_quality=0.848321
