epsilon_quality=0.0831836
volume_quality=0.154513
