epsilon_quality=0.225029
volume_quality=0.519552
