epsilon_quality=0.120903
volume_quality=0.420659
