epsilon_quality=0.218192
volume_quality=0.707329
