epsilon_quality=0.319107
volume_quality=1.14612
