epsilon_quality=0.342213
volume_quality=1.20991
