epsilon_quality=0.24566
volume_quality=0.789315
