epsilon_quality=0.155096
volume_quality=0.458465
