epsilon_quality=0.0635905
volume_quality=0.0964449
