epsilon_quality=0.0742388
volume_quality=0.0379049
