epsilon_quality=0.0635303
volume_quality=0.0324242
