epsilon_quality=0.0376803
volume_quality=0.00782462
