epsilon_quality=0.0363298
volume_quality=0.058672
