epsilon_quality=0.105805
volume_quality=0.0913641
