epsilon_quality=0.0360044
volume_quality=0.00548663
