epsilon_quality=0.30212
volume_quality=1.20869
