epsilon_quality=0.0554651
volume_quality=0.818798
