epsilon_quality=0.0543699
volume_quality=0.0837991
