epsilon_quality=0.112017
volume_quality=1.79932
