epsilon_quality=0.115828
volume_quality=0.052787
