epsilon_quality=0.057843
volume_quality=0.0930619
