epsilon_quality=0.0668054
volume_quality=0.41419
