epsilon_quality=0.0375984
volume_quality=0.0229839
