epsilon_quality=0.0347165
volume_quality=0.0329925
