epsilon_quality=0.0432395
volume_quality=0.0372829
