epsilon_quality=0.00755879
volume_quality=0.00178051
