epsilon_quality=0.0834093
volume_quality=0.116534
