epsilon_quality=0.00928372
volume_quality=0.0850253
