epsilon_quality=0.024893
volume_quality=0.00519378
