epsilon_quality=0.170539
volume_quality=0.349027
