epsilon_quality=0.10351
volume_quality=0.280111
