epsilon_quality=0.0422959
volume_quality=0.00262333
