epsilon_quality=0.0427921
volume_quality=0.0319053
