epsilon_quality=0.0104928
volume_quality=0.0268181
