epsilon_quality=0.248999
volume_quality=0.274376
