epsilon_quality=0.0761693
volume_quality=0.0400639
