epsilon_quality=0.0269251
volume_quality=0.101625
