epsilon_quality=0.111903
volume_quality=0.148366
