epsilon_quality=0.05642
volume_quality=0.0767796
