epsilon_quality=0.108056
volume_quality=0.123534
