epsilon_quality=0.0121827
volume_quality=0.0319591
