epsilon_quality=0.0297012
volume_quality=0.0114686
