epsilon_quality=0.147542
volume_quality=0.170006
