epsilon_quality=0.17903
volume_quality=0.477622
