epsilon_quality=0.110212
volume_quality=0.0653265
