epsilon_quality=0.0651931
volume_quality=0.0813288
