epsilon_quality=0.00570553
volume_quality=0.00402325
