epsilon_quality=0.11602
volume_quality=0.0508934
