epsilon_quality=0.0833537
volume_quality=0.172311
