epsilon_quality=0.0763707
volume_quality=0.173815
