epsilon_quality=0.0569514
volume_quality=0.0611871
