epsilon_quality=0.0571861
volume_quality=0.050131
