gpsEpsilon=1.61451e-315
gpsVolume=0
mQualEpsilon=0.0191575
mQualVolume=0.00539978
new_planned_energy=74.0431
