gpsEpsilon=-11.3625
gpsVolume=2.00059
mQualEpsilon=-1
mQualVolume=0.00164191
new_planned_energy=46.6776
