gpsEpsilon=1.1572e-315
gpsVolume=1.61499e-315
mQualEpsilon=0.0041955
mQualVolume=0.036411
new_planned_energy=105.798
