gpsEpsilon=1.97626e-323
gpsVolume=9.53547e-322
mQualEpsilon=-1
mQualVolume=0.000350435
new_planned_energy=56.6027
