gpsEpsilon=11.176
gpsVolume=137.416
mQualEpsilon=0.0220285
mQualVolume=0.00295175
new_planned_energy=47.614
