gpsEpsilon=7.95866
gpsVolume=38.7784
mQualEpsilon=0.0191167
mQualVolume=0.00713435
new_planned_energy=41.5668
