gpsEpsilon=1.59367e-315
gpsVolume=1.59367e-315
mQualEpsilon=-1
mQualVolume=0.00274056
new_planned_energy=94.2202
