gpsEpsilon=10.3717
gpsVolume=42.545
mQualEpsilon=0.0431565
mQualVolume=0.0125633
new_planned_energy=94.232
