gpsEpsilon=1.3082e-315
gpsVolume=0
mQualEpsilon=1.82048
mQualVolume=51.7513
new_planned_energy=-1.82048
