gpsEpsilon=1.3082e-315
gpsVolume=0
mQualEpsilon=0.00982739
mQualVolume=0.0076688
new_planned_energy=36.2612
