gpsEpsilon=16.8063
gpsVolume=143.408
mQualEpsilon=0.00352712
mQualVolume=0.00125876
new_planned_energy=76.1957
