gpsEpsilon=14.7955
gpsVolume=44.5559
mQualEpsilon=0.000210413
mQualVolume=0.0257631
new_planned_energy=87.7678
