epsilon_quality=0.0133689
volume_quality=0.18469
