epsilon_quality=0.112979
volume_quality=0.45316
