epsilon_quality=0.0983769
volume_quality=0.0928471
