epsilon_quality=0.0296782
volume_quality=0.00168161
