epsilon_quality=0.0070783
volume_quality=0.00248958
