epsilon_quality=0.030061
volume_quality=0.00106499
