epsilon_quality=0.040353
volume_quality=0.017561
