epsilon_quality=0.0603413
volume_quality=0.084959
