epsilon_quality=0.100653
volume_quality=0.123641
