epsilon_quality=0.0226808
volume_quality=0.0472263
