epsilon_quality=0.0215452
volume_quality=0.148435
