epsilon_quality=0.186811
volume_quality=0.369123
