epsilon_quality=0.0611907
volume_quality=0.112744
