epsilon_quality=0.0346728
volume_quality=0.034643
