epsilon_quality=0.00995793
volume_quality=0.00410688
