epsilon_quality=0.0379304
volume_quality=0.0169528
