epsilon_quality=0.0387847
volume_quality=0.049778
