epsilon_quality=0.108091
volume_quality=0.195352
