epsilon_quality=0.149631
volume_quality=0.458606
