epsilon_quality=0.0404944
volume_quality=0.0215542
