epsilon_quality=0.0217851
volume_quality=0.201495
