epsilon_quality=0.0586614
volume_quality=0.273557
