epsilon_quality=0.169808
volume_quality=0.860126
