epsilon_quality=0.128986
volume_quality=0.191202
