epsilon_quality=0.0165503
volume_quality=0.0239771
