epsilon_quality=0.026086
volume_quality=0.0874282
