epsilon_quality=0.0951126
volume_quality=0.179655
