epsilon_quality=0.113156
volume_quality=0.154598
