epsilon_quality=0.0682374
volume_quality=0.104447
