epsilon_quality=0.10053
volume_quality=0.100381
