epsilon_quality=0.0373208
volume_quality=0.0662545
