epsilon_quality=0.261725
volume_quality=0.862267
