epsilon_quality=0.281956
volume_quality=0.787281
