epsilon_quality=0.155243
volume_quality=0.184848
