epsilon_quality=0.181583
volume_quality=0.406719
