epsilon_quality=0.00847123
volume_quality=0.368027
