epsilon_quality=0.125858
volume_quality=0.343195
