epsilon_quality=0.125963
volume_quality=0.229319
