epsilon_quality=0.162435
volume_quality=0.216636
