epsilon_quality=0.132952
volume_quality=0.0962474
