epsilon_quality=0.227157
volume_quality=1.00106
