epsilon_quality=0.118031
volume_quality=0.0470351
