epsilon_quality=0.0140934
volume_quality=0.0301727
