epsilon_quality=0.0388611
volume_quality=0.0771426
