epsilon_quality=0.0838271
volume_quality=0.0442483
