epsilon_quality=0.0482989
volume_quality=0.0391338
