epsilon_quality=0.110244
volume_quality=0.109207
