epsilon_quality=0.192749
volume_quality=0.616598
