epsilon_quality=0.0815487
volume_quality=0.0317821
