epsilon_quality=0.165771
volume_quality=0.303134
