epsilon_quality=0.0737835
volume_quality=0.0664773
