epsilon_quality=0.0780863
volume_quality=0.034709
