epsilon_quality=0.118443
volume_quality=0.166544
