epsilon_quality=0.124971
volume_quality=0.358032
