epsilon_quality=0.0420297
volume_quality=0.0326966
