epsilon_quality=0.112574
volume_quality=0.179099
