epsilon_quality=0.00574925
volume_quality=0.0201679
