epsilon_quality=0.0896163
volume_quality=0.128979
