epsilon_quality=0.0610024
volume_quality=0.0291089
