epsilon_quality=0.0106141
volume_quality=0.0136678
