epsilon_quality=0.259484
volume_quality=0.394363
