epsilon_quality=0.0304072
volume_quality=0.0667365
