epsilon_quality=0.00178505
volume_quality=0.0438864
