epsilon_quality=0.0397366
volume_quality=0.144789
