epsilon_quality=0.0428794
volume_quality=0.154052
