epsilon_quality=0.0693386
volume_quality=0.0528227
