epsilon_quality=0.0626423
volume_quality=0.0604021
