epsilon_quality=0.0335638
volume_quality=0.0153281
