epsilon_quality=0.0499577
volume_quality=0.0414736
