epsilon_quality=0.0753006
volume_quality=0.0399827
