epsilon_quality=0.0448389
volume_quality=0.0389617
