epsilon_quality=0.0401943
volume_quality=0.0254358
