epsilon_quality=0.0716641
volume_quality=0.249539
