epsilon_quality=0.0645375
volume_quality=0.433664
