epsilon_quality=0.0890603
volume_quality=0.0675634
