epsilon_quality=0.0531206
volume_quality=0.0226984
