epsilon_quality=0.0201988
volume_quality=0.0102542
