epsilon_quality=0.100607
volume_quality=0.282331
