epsilon_quality=0.118449
volume_quality=0.0900062
