epsilon_quality=0.114951
volume_quality=0.109995
