epsilon_quality=0.0866061
volume_quality=0.0857781
