epsilon_quality=0.0699072
volume_quality=0.0473137
