epsilon_quality=3.63762e-05
volume_quality=0.0162623
