epsilon_quality=0.0645686
volume_quality=0.0197811
