epsilon_quality=0.0234217
volume_quality=0.00360661
