epsilon_quality=0.0500105
volume_quality=0.0871016
