epsilon_quality=0.0479192
volume_quality=0.0448764
