epsilon_quality=0.0537457
volume_quality=0.00839149
