epsilon_quality=0.0526164
volume_quality=0.00671293
