epsilon_quality=0.00536642
volume_quality=0.00344201
