epsilon_quality=0.0390042
volume_quality=0.0071653
