epsilon_quality=0.0721121
volume_quality=0.0290722
