gpsEpsilon=135.481
gpsVolume=122.098
mQualEpsilon=0.0480701
mQualVolume=0.0287251
new_planned_energy=25.8327
