gpsEpsilon=133.777
gpsVolume=118.732
mQualEpsilon=1.84359
mQualVolume=52.8497
new_planned_energy=-1.84359
