gpsEpsilon=132.743
gpsVolume=118.345
mQualEpsilon=1.81649
mQualVolume=56.6969
new_planned_energy=-1.81649
