gpsEpsilon=132.743
gpsVolume=118.345
mQualEpsilon=1.69167
mQualVolume=55.3684
new_planned_energy=-1.69167
