gpsEpsilon=132.743
gpsVolume=118.345
mQualEpsilon=1.86739
mQualVolume=57.073
new_planned_energy=-1.86739
