gpsEpsilon=132.743
gpsVolume=118.345
mQualEpsilon=1.81372
mQualVolume=56.7385
new_planned_energy=-1.81372
