gpsEpsilon=131.014
gpsVolume=118.024
mQualEpsilon=1.86729
mQualVolume=50.6649
new_planned_energy=-1.86729
