gpsEpsilon=2.36707e-315
gpsVolume=0
mQualEpsilon=1.90264
mQualVolume=48.3833
new_planned_energy=-1.90264
