gpsEpsilon=2.36707e-315
gpsVolume=0
mQualEpsilon=1.81724
mQualVolume=47.7718
new_planned_energy=-1.81724
