gpsEpsilon=2.36707e-315
gpsVolume=0
mQualEpsilon=1.89993
mQualVolume=48.8476
new_planned_energy=-1.89993
