gpsEpsilon=2.36707e-315
gpsVolume=0
mQualEpsilon=1.83279
mQualVolume=47.1726
new_planned_energy=-1.83279
