gpsEpsilon=-0.173679
gpsVolume=10.2197
mQualEpsilon=0.0474417
mQualVolume=29.6965
new_planned_energy=-0.0474417
