gpsEpsilon=-0.173679
gpsVolume=10.2197
mQualEpsilon=0.0712219
mQualVolume=29.6364
new_planned_energy=18.6489
