gpsEpsilon=125.469
gpsVolume=150.407
mQualEpsilon=1.80748
mQualVolume=54.837
new_planned_energy=-1.80748
