gpsEpsilon=125.469
gpsVolume=150.407
mQualEpsilon=1.88129
mQualVolume=53.4856
new_planned_energy=-1.88129
