gpsEpsilon=114.988
gpsVolume=139.036
mQualEpsilon=1.88953
mQualVolume=55.4294
new_planned_energy=-1.88953
