gpsEpsilon=114.988
gpsVolume=139.036
mQualEpsilon=1.84544
mQualVolume=55.397
new_planned_energy=-1.84544
