gpsEpsilon=114.988
gpsVolume=139.036
mQualEpsilon=1.89588
mQualVolume=54.7354
new_planned_energy=-1.89588
