gpsEpsilon=114.988
gpsVolume=139.036
mQualEpsilon=1.81584
mQualVolume=57.471
new_planned_energy=-1.81584
