gpsEpsilon=114.988
gpsVolume=139.036
mQualEpsilon=1.90207
mQualVolume=54.5083
new_planned_energy=-1.90207
