gpsEpsilon=114.988
gpsVolume=139.036
mQualEpsilon=1.80247
mQualVolume=56.8263
new_planned_energy=-1.80247
