gpsEpsilon=125.418
gpsVolume=128.904
mQualEpsilon=1.41447
mQualVolume=43.7205
new_planned_energy=-1.41447
