gpsEpsilon=125.418
gpsVolume=128.904
mQualEpsilon=1.77182
mQualVolume=56.6491
new_planned_energy=-1.77182
