gpsEpsilon=125.418
gpsVolume=128.904
mQualEpsilon=1.76577
mQualVolume=56.275
new_planned_energy=-1.76577
