gpsEpsilon=125.418
gpsVolume=128.904
mQualEpsilon=1.73102
mQualVolume=56.282
new_planned_energy=-1.73102
