gpsEpsilon=137.09
gpsVolume=127.825
mQualEpsilon=1.75575
mQualVolume=55.8336
new_planned_energy=-1.75575
