gpsEpsilon=137.09
gpsVolume=127.825
mQualEpsilon=1.65123
mQualVolume=54.682
new_planned_energy=-1.65123
