gpsEpsilon=137.09
gpsVolume=127.825
mQualEpsilon=1.70497
mQualVolume=55.1215
new_planned_energy=-1.70497
