gpsEpsilon=136.789
gpsVolume=124.571
mQualEpsilon=1.79836
mQualVolume=55.7016
new_planned_energy=-1.79836
