epsilon_quality=0.135851
volume_quality=0.422214
