epsilon_quality=0.0875593
volume_quality=0.181529
