epsilon_quality=0.108794
volume_quality=0.0701827
