epsilon_quality=0.0969402
volume_quality=0.166032
