epsilon_quality=0.0111296
volume_quality=0.0271858
