epsilon_quality=0.0672059
volume_quality=0.201991
