epsilon_quality=0.00914856
volume_quality=0.0682215
