epsilon_quality=0.145425
volume_quality=0.117823
