epsilon_quality=0.201147
volume_quality=0.867045
