epsilon_quality=0.10146
volume_quality=0.342785
