epsilon_quality=0.0625202
volume_quality=0.0169162
