epsilon_quality=0.15535
volume_quality=0.256611
