epsilon_quality=0.0392813
volume_quality=0.00212277
