epsilon_quality=0.0213345
volume_quality=0.00173799
