epsilon_quality=0.129374
volume_quality=0.0530445
