epsilon_quality=0.0626034
volume_quality=0.0839816
