epsilon_quality=0.0895902
volume_quality=0.109807
