epsilon_quality=0.0691784
volume_quality=0.0557815
