epsilon_quality=0.00351676
volume_quality=0.0204108
