epsilon_quality=0.108312
volume_quality=0.335969
