epsilon_quality=0.0618983
volume_quality=0.214918
