epsilon_quality=0.0472032
volume_quality=0.0427425
