epsilon_quality=0.0335253
volume_quality=0.0234906
