epsilon_quality=0.0561384
volume_quality=0.048591
