epsilon_quality=0.0473144
volume_quality=0.0240307
