epsilon_quality=0.0565504
volume_quality=0.0794378
