epsilon_quality=0.073922
volume_quality=0.195681
