epsilon_quality=0.211845
volume_quality=0.285584
