epsilon_quality=0.00847881
volume_quality=0.0671829
