epsilon_quality=0.153622
volume_quality=0.275528
