epsilon_quality=0.135652
volume_quality=0.377927
