epsilon_quality=0.123762
volume_quality=0.121779
