epsilon_quality=0.208755
volume_quality=0.279074
