epsilon_quality=0.197862
volume_quality=0.255261
