epsilon_quality=0.248402
volume_quality=0.364052
