epsilon_quality=0.055428
volume_quality=0.171757
