epsilon_quality=0.0297304
volume_quality=0.012826
