epsilon_quality=0.0370362
volume_quality=0.0306165
