epsilon_quality=0.0416133
volume_quality=0.0289517
