epsilon_quality=0.0197136
volume_quality=0.0778354
