epsilon_quality=0.0372742
volume_quality=0.0158356
