epsilon_quality=0.0925188
volume_quality=0.0373333
