epsilon_quality=0.0964876
volume_quality=0.0389751
