epsilon_quality=0.10611
volume_quality=0.107222
