epsilon_quality=0.0246776
volume_quality=0.00803189
