epsilon_quality=0.0814897
volume_quality=0.115646
