epsilon_quality=0.0394411
volume_quality=0.0247382
