epsilon_quality=0.134087
volume_quality=0.0805689
