epsilon_quality=0.144348
volume_quality=0.109278
