epsilon_quality=0.0141542
volume_quality=0.00531103
