epsilon_quality=0.0371547
volume_quality=0.247171
