epsilon_quality=0.0781216
volume_quality=0.228653
