epsilon_quality=0.124807
volume_quality=0.17875
