epsilon_quality=0.0361685
volume_quality=0.0325595
