epsilon_quality=0.228902
volume_quality=0.522433
