epsilon_quality=0.100085
volume_quality=0.0807053
