epsilon_quality=0.050625
volume_quality=0.226553
