epsilon_quality=0.0640533
volume_quality=0.058806
