epsilon_quality=0.0625349
volume_quality=0.0280377
