epsilon_quality=0.0520748
volume_quality=0.0383408
