epsilon_quality=0.13135
volume_quality=0.609586
