epsilon_quality=0.0554234
volume_quality=0.0771672
