gpsEpsilon=1.03075e-71
gpsVolume=2.8982e-57
mQualEpsilon=-1
mQualVolume=0.00198275
new_planned_energy=63.3621
