gpsEpsilon=9.3501
gpsVolume=-29.4523
mQualEpsilon=0.0148367
mQualVolume=0.00354585
new_planned_energy=61.484
