gpsEpsilon=2.09029e-76
gpsVolume=1.65949e-76
mQualEpsilon=0.0299766
mQualVolume=0.00268025
new_planned_energy=19.8749
