gpsEpsilon=1.77645e-316
gpsVolume=1.77645e-316
mQualEpsilon=-1
mQualVolume=0.00280334
new_planned_energy=62.5385
