gpsEpsilon=125.91
gpsVolume=41.3906
mQualEpsilon=0.026141
mQualVolume=0.0343646
new_planned_energy=12.8696
