gpsEpsilon=2.19011e-316
gpsVolume=2.19011e-316
mQualEpsilon=-1
mQualVolume=0.000174085
new_planned_energy=96.5994
