gpsEpsilon=0.000651
gpsVolume=10.73
mQualEpsilon=-1
mQualVolume=0.000119298
new_planned_energy=76.0838
