gpsEpsilon=0
gpsVolume=1.06045e-316
mQualEpsilon=-1
mQualVolume=0.0164279
new_planned_energy=89.4254
