gpsEpsilon=10.7335
gpsVolume=-9.63633
mQualEpsilon=-1
mQualVolume=0.0039132
new_planned_energy=27.3276
