gpsEpsilon=9.3501
gpsVolume=-13.4149
mQualEpsilon=0.0473106
mQualVolume=0.00393335
new_planned_energy=50.3781
