gpsEpsilon=0.438359
gpsVolume=10.2923
mQualEpsilon=-1
mQualVolume=0.00194376
new_planned_energy=68.2918
