gpsEpsilon=13.5588
gpsVolume=-9.14056
mQualEpsilon=0.0219225
mQualVolume=0.00499183
new_planned_energy=25.8021
