gpsEpsilon=1.77611e-316
gpsVolume=1.11963e-316
mQualEpsilon=-1
mQualVolume=0.000349665
new_planned_energy=60.6956
