gpsEpsilon=44.5577
gpsVolume=160.056
mQualEpsilon=0.00670126
mQualVolume=0.000154819
new_planned_energy=95.1115
