gpsEpsilon=41.3299
gpsVolume=50.5475
mQualEpsilon=0.00807117
mQualVolume=0.000700384
new_planned_energy=52.2279
