gpsEpsilon=42.7126
gpsVolume=50.5475
mQualEpsilon=0.0406636
mQualVolume=0.00409908
new_planned_energy=98.5262
