gpsEpsilon=6.35104
gpsVolume=43.8501
mQualEpsilon=0.0406636
mQualVolume=0.00409908
new_planned_energy=69.9021
