gpsEpsilon=9.99442e-316
gpsVolume=6.95335e-310
mQualEpsilon=-1
mQualVolume=0.0207208
new_planned_energy=25.2329
