gpsEpsilon=0
gpsVolume=0
mQualEpsilon=0.0730093
mQualVolume=0.0279981
new_planned_energy=73.1505
