gpsEpsilon=-0.108668
gpsVolume=-0.927035
mQualEpsilon=-1
mQualVolume=0.0019401
new_planned_energy=83.7112
