gpsEpsilon=0
gpsVolume=2.42092e-322
mQualEpsilon=0.0435509
mQualVolume=0.00261986
new_planned_energy=83.2927
