gpsEpsilon=1.51653e-315
gpsVolume=4.19956e-322
mQualEpsilon=-1
mQualVolume=0.0395149
new_planned_energy=61.0347
