gpsEpsilon=1.35741e-315
gpsVolume=6.95335e-310
mQualEpsilon=0.0205112
mQualVolume=0.00675709
new_planned_energy=44.6503
