gpsEpsilon=1.61208e-315
gpsVolume=-0.0213145
mQualEpsilon=-1
mQualVolume=0.000203458
new_planned_energy=111.167
