gpsEpsilon=70.8419
gpsVolume=205.503
mQualEpsilon=0.0851368
mQualVolume=0.0377655
new_planned_energy=50.4759
