epsilon_quality=0.113901
volume_quality=0.223158
