epsilon_quality=0.243332
volume_quality=0.593662
