epsilon_quality=0.0142152
volume_quality=0.0936115
