epsilon_quality=0.105782
volume_quality=0.112048
