epsilon_quality=0.10035
volume_quality=0.288854
