epsilon_quality=0.255998
volume_quality=0.953993
