epsilon_quality=0.127435
volume_quality=0.768798
