epsilon_quality=0.183453
volume_quality=0.276811
