epsilon_quality=0.131599
volume_quality=0.513784
