epsilon_quality=0.202462
volume_quality=0.44153
