epsilon_quality=0.00452666
volume_quality=0.0936157
