epsilon_quality=0.146871
volume_quality=0.624359
