epsilon_quality=0.168854
volume_quality=0.793484
