epsilon_quality=0.166281
volume_quality=0.452418
