epsilon_quality=0.209384
volume_quality=0.62417
