epsilon_quality=0.184121
volume_quality=0.985975
