epsilon_quality=0.0353106
volume_quality=0.0282449
