epsilon_quality=0.177284
volume_quality=0.253021
