epsilon_quality=0.0560827
volume_quality=0.0439428
