epsilon_quality=0.141988
volume_quality=0.294225
