epsilon_quality=0.328313
volume_quality=1.45165
