epsilon_quality=0.252552
volume_quality=1.45295
