epsilon_quality=0.123121
volume_quality=0.137041
