epsilon_quality=0.0781894
volume_quality=0.0881603
