gpsEpsilon=1.00871e-315
gpsVolume=0
mQualEpsilon=0.0465589
mQualVolume=0.0122791
new_planned_energy=36.5652
