gpsEpsilon=1.37852e-315
gpsVolume=0
mQualEpsilon=-1
mQualVolume=0.000404082
new_planned_energy=58.4878
