gpsEpsilon=7.91781e-316
gpsVolume=0
mQualEpsilon=-1
mQualVolume=0.00057307
new_planned_energy=52.3977
