gpsEpsilon=239.048
gpsVolume=140.172
mQualEpsilon=0.0265837
mQualVolume=0.0139098
new_planned_energy=43.6005
