gpsEpsilon=1.23014e-315
gpsVolume=1.23014e-315
mQualEpsilon=0.0340401
mQualVolume=0.0139733
new_planned_energy=51.5709
