gpsEpsilon=20.5637
gpsVolume=174.521
mQualEpsilon=0.0129376
mQualVolume=0.00191441
new_planned_energy=71.9125
