gpsEpsilon=12.99
gpsVolume=9.3501
mQualEpsilon=0.0152176
mQualVolume=0.00441411
new_planned_energy=57.526
