gpsEpsilon=150.147
gpsVolume=115.15
mQualEpsilon=0.0149719
mQualVolume=0.00397567
new_planned_energy=36.839
