gpsEpsilon=1.19785e-315
gpsVolume=0
mQualEpsilon=-1
mQualVolume=0.00252114
new_planned_energy=27.3076
