gpsEpsilon=1.19785e-315
gpsVolume=0
mQualEpsilon=1.32916
mQualVolume=49.2847
new_planned_energy=23.0394
