gpsEpsilon=1.19785e-315
gpsVolume=0
mQualEpsilon=1.43296
mQualVolume=53.1015
new_planned_energy=-1.43296
