gpsEpsilon=9.2785e-316
gpsVolume=0
mQualEpsilon=0.0155085
mQualVolume=0.000675389
new_planned_energy=14.4552
