gpsEpsilon=8.06299e-316
gpsVolume=0
mQualEpsilon=-1
mQualVolume=0.00119433
new_planned_energy=52.4326
