epsilon_quality=0.236436
volume_quality=0.789031
