epsilon_quality=0.0773055
volume_quality=0.0266355
