epsilon_quality=0.206935
volume_quality=0.419624
