epsilon_quality=0.0990522
volume_quality=0.0310655
