epsilon_quality=0.224516
volume_quality=0.95185
