epsilon_quality=0.208182
volume_quality=0.472542
