epsilon_quality=0.0418702
volume_quality=0.00477205
