epsilon_quality=0.0123246
volume_quality=0.00481459
