epsilon_quality=0.0144864
volume_quality=0.100603
