epsilon_quality=0.0534369
volume_quality=0.0079663
