epsilon_quality=0.0836891
volume_quality=0.593943
