epsilon_quality=0.055743
volume_quality=0.0845863
