epsilon_quality=0.091016
volume_quality=0.178422
