epsilon_quality=0.144342
volume_quality=0.437605
