epsilon_quality=0.0708245
volume_quality=0.136435
