epsilon_quality=0.0116806
volume_quality=0.0211771
