epsilon_quality=0.0413474
volume_quality=0.00502418
