epsilon_quality=0.0250255
volume_quality=0.00384644
