epsilon_quality=0.0542176
volume_quality=0.0499957
