epsilon_quality=0.137919
volume_quality=0.103046
