epsilon_quality=0.179291
volume_quality=0.279078
