epsilon_quality=0.0561461
volume_quality=0.0274111
