epsilon_quality=0.0301426
volume_quality=0.0441663
