epsilon_quality=0.207819
volume_quality=0.596753
