epsilon_quality=0.0248294
volume_quality=0.00820838
