epsilon_quality=0.225708
volume_quality=0.843758
