epsilon_quality=0.0709187
volume_quality=0.116996
