epsilon_quality=0.227264
volume_quality=0.578872
