epsilon_quality=0.0901533
volume_quality=0.078078
