epsilon_quality=0.0749718
volume_quality=0.0991567
