epsilon_quality=0.0835664
volume_quality=0.16862
