epsilon_quality=0.0135005
volume_quality=0.00106026
