epsilon_quality=0.0636535
volume_quality=0.0105903
