epsilon_quality=0.0717573
volume_quality=0.0856025
