epsilon_quality=0.070069
volume_quality=0.0249014
