epsilon_quality=0.107514
volume_quality=0.217174
