epsilon_quality=0.120851
volume_quality=0.133525
