epsilon_quality=0.0608655
volume_quality=0.0380937
