epsilon_quality=0.0912349
volume_quality=0.0886347
