epsilon_quality=0.089069
volume_quality=0.305064
