epsilon_quality=0.194256
volume_quality=0.425708
