epsilon_quality=0.142379
volume_quality=0.141333
