epsilon_quality=0.0312888
volume_quality=0.0242919
