epsilon_quality=0.0338402
volume_quality=0.0627124
