epsilon_quality=0.0509729
volume_quality=0.0480288
