epsilon_quality=0.0372264
volume_quality=0.00463106
