epsilon_quality=0.041995
volume_quality=0.100213
