epsilon_quality=0.0362568
volume_quality=0.123035
