epsilon_quality=0.159078
volume_quality=0.43828
