epsilon_quality=0.15808
volume_quality=0.603969
