epsilon_quality=0.0464914
volume_quality=0.0576539
