epsilon_quality=0.038018
volume_quality=0.12676
