epsilon_quality=0.161311
volume_quality=0.821069
