epsilon_quality=0.0594432
volume_quality=0.0245408
