epsilon_quality=0.0353292
volume_quality=0.00226236
