epsilon_quality=0.0906214
volume_quality=0.281673
