epsilon_quality=0.0654879
volume_quality=0.0615083
