epsilon_quality=0.0944207
volume_quality=0.0794467
