epsilon_quality=0.0710206
volume_quality=0.0284696
