epsilon_quality=0.157487
volume_quality=0.338565
