epsilon_quality=0.200176
volume_quality=0.422214
