epsilon_quality=0.306533
volume_quality=1.51623
