epsilon_quality=0.147728
volume_quality=0.27382
