epsilon_quality=0.0882159
volume_quality=0.0409188
