epsilon_quality=0.0994827
volume_quality=0.325136
