epsilon_quality=0.050007
volume_quality=0.0099052
