epsilon_quality=0.06619
volume_quality=0.0678049
