epsilon_quality=0.0351641
volume_quality=0.0312057
