epsilon_quality=0.00169448
volume_quality=0.054413
