epsilon_quality=0.242969
volume_quality=1.66528
