epsilon_quality=0.181824
volume_quality=0.237862
