epsilon_quality=0.0414485
volume_quality=0.140936
