epsilon_quality=0.113537
volume_quality=0.0957839
