epsilon_quality=0.0408608
volume_quality=0.100224
