epsilon_quality=0.182869
volume_quality=0.235024
