epsilon_quality=0.0352864
volume_quality=0.080789
