epsilon_quality=0.0150811
volume_quality=0.00638561
