epsilon_quality=0.0163226
volume_quality=0.0898842
