epsilon_quality=0.028079
volume_quality=0.00120748
