epsilon_quality=0.0319818
volume_quality=0.00099357
