epsilon_quality=0.000815721
volume_quality=0.000938479
