epsilon_quality=0.0215213
volume_quality=0.00131075
