epsilon_quality=0.247386
volume_quality=2.16165
