epsilon_quality=0.0317739
volume_quality=0.63022
