epsilon_quality=0.258836
volume_quality=1.12432
