epsilon_quality=0.0293965
volume_quality=0.0337837
