epsilon_quality=0.0386709
volume_quality=0.0355618
