epsilon_quality=0.0568758
volume_quality=0.0225298
