epsilon_quality=0.0309493
volume_quality=0.05141
