epsilon_quality=0.0378805
volume_quality=0.0231785
