epsilon_quality=0.115436
volume_quality=0.278968
