epsilon_quality=0.125747
volume_quality=0.363243
