epsilon_quality=0.068676
volume_quality=0.251087
