epsilon_quality=0.0177299
volume_quality=0.0670382
