epsilon_quality=0.184279
volume_quality=0.631452
