epsilon_quality=0.148808
volume_quality=0.69905
