epsilon_quality=0.0711659
volume_quality=0.417075
