epsilon_quality=0.088646
volume_quality=0.201856
