epsilon_quality=0.114114
volume_quality=0.654067
