epsilon_quality=0.033012
volume_quality=0.778475
