epsilon_quality=0.205087
volume_quality=1.23715
