epsilon_quality=0.0584552
volume_quality=0.0273094
