epsilon_quality=0.0495349
volume_quality=0.00793139
