epsilon_quality=0.0536286
volume_quality=0.0134867
