epsilon_quality=0.043992
volume_quality=0.0206183
