epsilon_quality=0.199582
volume_quality=0.561262
