epsilon_quality=0.420426
volume_quality=2.89323
