epsilon_quality=0.0272555
volume_quality=0.272252
