epsilon_quality=0.00851246
volume_quality=0.0104352
