epsilon_quality=0.140989
volume_quality=0.881262
