epsilon_quality=0.288928
volume_quality=1.13982
