epsilon_quality=0.302683
volume_quality=0.549881
