epsilon_quality=0.263226
volume_quality=1.35887
