epsilon_quality=0.296625
volume_quality=3.69592
