epsilon_quality=0.0428397
volume_quality=0.0126259
