epsilon_quality=0.0162091
volume_quality=0.0555515
