epsilon_quality=0.114071
volume_quality=0.0822511
