epsilon_quality=0.161803
volume_quality=0.536181
