epsilon_quality=0.286759
volume_quality=0.829158
