epsilon_quality=0.00409391
volume_quality=0.0484176
