epsilon_quality=0.0141534
volume_quality=0.00564005
