epsilon_quality=0.199003
volume_quality=0.312134
