epsilon_quality=0.147134
volume_quality=0.186836
