epsilon_quality=0.0574604
volume_quality=0.140278
