epsilon_quality=0.0798746
volume_quality=0.0666309
