epsilon_quality=0.0588258
volume_quality=0.0580789
