epsilon_quality=0.0367316
volume_quality=0.0104553
