epsilon_quality=0.0214663
volume_quality=0.00471339
