epsilon_quality=0.113954
volume_quality=0.138557
