epsilon_quality=0.0299831
volume_quality=0.046888
