epsilon_quality=0.0642483
volume_quality=0.0475894
