epsilon_quality=0.111585
volume_quality=0.0707391
