epsilon_quality=0.0240054
volume_quality=0.0937897
