epsilon_quality=0.115616
volume_quality=0.180214
