epsilon_quality=0.0440177
volume_quality=0.0886405
