epsilon_quality=0.0855676
volume_quality=0.0502816
