epsilon_quality=0.0687402
volume_quality=0.0217917
