epsilon_quality=0.0438169
volume_quality=0.493744
