epsilon_quality=0.0767692
volume_quality=0.03462
