epsilon_quality=0.179163
volume_quality=0.516188
