epsilon_quality=0.180083
volume_quality=0.477465
