epsilon_quality=0.14626
volume_quality=0.207921
