epsilon_quality=0.179896
volume_quality=0.336124
