epsilon_quality=0.257655
volume_quality=0.53929
