epsilon_quality=0.197081
volume_quality=0.445765
