epsilon_quality=0.112297
volume_quality=0.124571
