epsilon_quality=0.176496
volume_quality=0.199737
