epsilon_quality=0.129367
volume_quality=0.552661
