gpsEpsilon=44.9125
gpsVolume=77.203
mQualEpsilon=0.0452035
mQualVolume=0.015643
new_planned_energy=76.8426
