gpsEpsilon=64.8708
gpsVolume=67.1807
mQualEpsilon=0.00703288
mQualVolume=0.000631484
new_planned_energy=31.1607
