gpsEpsilon=67.503
gpsVolume=63.7443
mQualEpsilon=0.0416696
mQualVolume=0.00290059
new_planned_energy=88.5389
