gpsEpsilon=64.8708
gpsVolume=66.4812
mQualEpsilon=0.0185761
mQualVolume=0.0115335
new_planned_energy=67.0448
