gpsEpsilon=61.0131
gpsVolume=71.4096
mQualEpsilon=0.000888587
mQualVolume=7.27215e-05
new_planned_energy=75.0098
