gpsEpsilon=66.276
gpsVolume=64.6153
mQualEpsilon=0.0427592
mQualVolume=0.00177133
new_planned_energy=38.1749
