gpsEpsilon=61.0131
gpsVolume=68.7619
mQualEpsilon=0.0159462
mQualVolume=0.00379596
new_planned_energy=48.0797
