gpsEpsilon=61.0131
gpsVolume=65.7603
mQualEpsilon=0.000821422
mQualVolume=0.0027374
new_planned_energy=37.9783
