epsilon_quality=0.17073
volume_quality=0.17204
