epsilon_quality=0.0476044
volume_quality=0.0721826
