epsilon_quality=0.0722238
volume_quality=0.0175624
