epsilon_quality=6.93889e-18
volume_quality=0.00413848
