epsilon_quality=0.0235529
volume_quality=0.0245007
