epsilon_quality=0.0206065
volume_quality=0.0420482
