epsilon_quality=0.0622233
volume_quality=0.0128929
