epsilon_quality=0.352006
volume_quality=1.37082
