epsilon_quality=0.0810669
volume_quality=0.255348
