epsilon_quality=0.174174
volume_quality=0.899612
