epsilon_quality=0.146221
volume_quality=0.537437
