epsilon_quality=0.0866995
volume_quality=0.0500186
