epsilon_quality=0.0414992
volume_quality=0.00859683
