epsilon_quality=0.058889
volume_quality=0.071716
