epsilon_quality=0.06733
volume_quality=0.12796
