epsilon_quality=0.0745242
volume_quality=0.238611
