epsilon_quality=0.126605
volume_quality=0.823827
