epsilon_quality=0.194282
volume_quality=0.72704
