epsilon_quality=0.01749
volume_quality=0.0212812
