epsilon_quality=0.132418
volume_quality=0.413543
