epsilon_quality=0.0315717
volume_quality=0.0418142
