epsilon_quality=0.140893
volume_quality=0.609345
