epsilon_quality=0.158653
volume_quality=0.19113
