epsilon_quality=0.115584
volume_quality=0.0788159
