epsilon_quality=0.0789926
volume_quality=0.0426173
