epsilon_quality=0.0617282
volume_quality=0.106411
