epsilon_quality=0.221657
volume_quality=0.29513
