epsilon_quality=0.162516
volume_quality=0.335573
