epsilon_quality=0.0149391
volume_quality=0.00082126
