epsilon_quality=0.0333406
volume_quality=0.0327981
