epsilon_quality=0.0846542
volume_quality=0.132164
