epsilon_quality=0.198616
volume_quality=0.806556
