epsilon_quality=0.21946
volume_quality=0.996178
