epsilon_quality=0.0235156
volume_quality=0.00513384
