epsilon_quality=0.10642
volume_quality=0.119001
