epsilon_quality=0.0500799
volume_quality=0.0516066
