epsilon_quality=0.0173471
volume_quality=0.031497
