epsilon_quality=0.00541346
volume_quality=0.0267458
