epsilon_quality=0.130487
volume_quality=0.122372
