epsilon_quality=0.0448778
volume_quality=0.0320272
