epsilon_quality=0.0576942
volume_quality=0.046575
