epsilon_quality=0.0679205
volume_quality=0.0193443
