epsilon_quality=0.00715776
volume_quality=0.0193774
