epsilon_quality=0.0122803
volume_quality=0.286531
