epsilon_quality=0.0486982
volume_quality=0.0939217
