epsilon_quality=0.199605
volume_quality=0.569675
