epsilon_quality=0.0274199
volume_quality=0.0101955
