epsilon_quality=0.130086
volume_quality=0.58887
