epsilon_quality=0.0705771
volume_quality=0.103822
