epsilon_quality=0.139348
volume_quality=0.116384
