epsilon_quality=0.0258859
volume_quality=0.0875614
