epsilon_quality=0.07086
volume_quality=0.57146
