epsilon_quality=0.0284379
volume_quality=0.282246
