epsilon_quality=0.0579122
volume_quality=0.185784
