epsilon_quality=0.0193994
volume_quality=0.108247
