epsilon_quality=0.033463
volume_quality=0.0316921
