epsilon_quality=0.036349
volume_quality=0.00585483
