epsilon_quality=0.0548648
volume_quality=0.0511066
