epsilon_quality=0.14942
volume_quality=0.171791
