epsilon_quality=0.108454
volume_quality=0.137269
