epsilon_quality=0.0260353
volume_quality=0.00235769
