epsilon_quality=0.0439768
volume_quality=0.0163692
