gpsEpsilon=179.306
gpsVolume=69.1355
mQualEpsilon=0.0341372
mQualVolume=0.0107109
new_planned_energy=75.5677
