gpsEpsilon=178.809
gpsVolume=28.419
mQualEpsilon=0.0448625
mQualVolume=0.00427661
new_planned_energy=22.9249
