gpsEpsilon=180.929
gpsVolume=29.9184
mQualEpsilon=1.91115
mQualVolume=58.6666
new_planned_energy=-1.91115
