gpsEpsilon=180.929
gpsVolume=29.9184
mQualEpsilon=1.85633
mQualVolume=59.0675
new_planned_energy=-1.85633
