gpsEpsilon=180.051
gpsVolume=72.134
mQualEpsilon=0.069343
mQualVolume=0.0101399
new_planned_energy=34.7631
