gpsEpsilon=180.929
gpsVolume=32.0388
mQualEpsilon=1.92372
mQualVolume=57.4124
new_planned_energy=-1.92372
