gpsEpsilon=180.929
gpsVolume=32.0388
mQualEpsilon=1.93645
mQualVolume=57.6248
new_planned_energy=-1.93645
