gpsEpsilon=180.929
gpsVolume=32.0388
mQualEpsilon=1.70138
mQualVolume=56.0231
new_planned_energy=-1.70138
