gpsEpsilon=178.809
gpsVolume=28.7708
mQualEpsilon=1.84168
mQualVolume=58.1515
new_planned_energy=-1.84168
