gpsEpsilon=178.809
gpsVolume=28.7708
mQualEpsilon=1.87543
mQualVolume=56.215
new_planned_energy=-1.87543
