gpsEpsilon=178.809
gpsVolume=28.7708
mQualEpsilon=1.92808
mQualVolume=57.1335
new_planned_energy=-1.92808
