gpsEpsilon=4.73148e-316
gpsVolume=4.73148e-316
mQualEpsilon=0.031367
mQualVolume=0.0189712
new_planned_energy=21.8444
