gpsEpsilon=109.634
gpsVolume=23.0662
mQualEpsilon=0.0749837
mQualVolume=0.00928364
new_planned_energy=33.7488
