gpsEpsilon=7.33123
gpsVolume=35.8813
mQualEpsilon=-1
mQualVolume=0.000655675
new_planned_energy=48.7791
