gpsEpsilon=0
gpsVolume=2.42092e-322
mQualEpsilon=0.0475473
mQualVolume=0.00305741
new_planned_energy=41.9091
