gpsEpsilon=247.65
gpsVolume=48.3801
mQualEpsilon=1.41457
mQualVolume=48.9517
new_planned_energy=-1.41457
