gpsEpsilon=247.65
gpsVolume=50.421
mQualEpsilon=0.0921335
mQualVolume=0.0480937
new_planned_energy=55.8964
