epsilon_quality=0.0639325
volume_quality=0.895335
