epsilon_quality=0.329623
volume_quality=1.70218
