epsilon_quality=0.0171515
volume_quality=0.0516034
