epsilon_quality=0.269211
volume_quality=1.13881
