epsilon_quality=0.00448523
volume_quality=0.0177495
