epsilon_quality=0.00482381
volume_quality=0.0270939
