epsilon_quality=0.041096
volume_quality=0.0197127
