epsilon_quality=0.124148
volume_quality=0.470725
