epsilon_quality=0.162844
volume_quality=0.115494
