epsilon_quality=0.0945325
volume_quality=0.43104
