epsilon_quality=0.188136
volume_quality=0.316373
