epsilon_quality=0.0295648
volume_quality=0.00491384
