epsilon_quality=0.0630324
volume_quality=0.0177448
