epsilon_quality=0.0948068
volume_quality=0.0392998
