epsilon_quality=0.0363492
volume_quality=0.0259724
