epsilon_quality=0.236442
volume_quality=1.15443
