epsilon_quality=0.125097
volume_quality=0.218909
