epsilon_quality=0.0733106
volume_quality=0.0469189
