epsilon_quality=0.0711057
volume_quality=0.0318165
