epsilon_quality=0.122116
volume_quality=0.143332
