epsilon_quality=0.0465215
volume_quality=0.0423637
