epsilon_quality=0.0447241
volume_quality=0.131839
