epsilon_quality=0.0619343
volume_quality=0.115828
