epsilon_quality=0.0275513
volume_quality=0.0156611
