epsilon_quality=0.0633076
volume_quality=0.0601895
