epsilon_quality=0.203963
volume_quality=0.914434
