epsilon_quality=0.129731
volume_quality=0.215217
