epsilon_quality=0.0592354
volume_quality=0.0648777
