epsilon_quality=0.0201358
volume_quality=0.0472907
