epsilon_quality=0.259221
volume_quality=0.55243
