epsilon_quality=0.192619
volume_quality=0.350078
