epsilon_quality=0.0677752
volume_quality=0.252922
