epsilon_quality=0.0930844
volume_quality=0.361767
