epsilon_quality=0.0281682
volume_quality=0.172472
