epsilon_quality=0.108674
volume_quality=0.20908
