epsilon_quality=0.0655788
volume_quality=0.0589135
