epsilon_quality=0.13421
volume_quality=0.223775
