epsilon_quality=0.0342094
volume_quality=0.127519
