epsilon_quality=0.0813074
volume_quality=0.0924029
