epsilon_quality=0.0523215
volume_quality=0.00588578
