epsilon_quality=0.0682868
volume_quality=0.0115265
