epsilon_quality=0.0371745
volume_quality=0.0110582
