epsilon_quality=0.0511081
volume_quality=0.0263645
