epsilon_quality=0.179069
volume_quality=0.196058
