epsilon_quality=0.00465366
volume_quality=0.0718648
