epsilon_quality=0.0598952
volume_quality=0.038138
