epsilon_quality=0.0586938
volume_quality=0.0287921
