epsilon_quality=0.0727095
volume_quality=0.017417
