epsilon_quality=0.0692947
volume_quality=0.0684847
