epsilon_quality=0.143977
volume_quality=0.0723334
