epsilon_quality=0.10335
volume_quality=0.0496057
