epsilon_quality=0.188549
volume_quality=0.401251
