epsilon_quality=0.107038
volume_quality=0.0577921
