epsilon_quality=0.0918755
volume_quality=0.133594
