epsilon_quality=0.00622517
volume_quality=0.0305097
