epsilon_quality=0.0498555
volume_quality=0.0427985
