epsilon_quality=0.0726771
volume_quality=0.140984
