epsilon_quality=0.0403743
volume_quality=0.0970488
