epsilon_quality=0.0807626
volume_quality=0.0968554
