epsilon_quality=0.00742513
volume_quality=0.01298
