epsilon_quality=0.135446
volume_quality=0.164868
