epsilon_quality=0.0228783
volume_quality=0.0758256
