epsilon_quality=0.0695878
volume_quality=0.0142861
