epsilon_quality=0.105433
volume_quality=0.258839
