epsilon_quality=0.183248
volume_quality=0.325896
