epsilon_quality=0.0858879
volume_quality=0.582914
