epsilon_quality=0.0718867
volume_quality=0.306258
