epsilon_quality=0.130396
volume_quality=0.160831
