epsilon_quality=0.0914012
volume_quality=0.073811
