gpsEpsilon=0.443907
gpsVolume=2.42092e-322
mQualEpsilon=0.0644324
mQualVolume=0.0143959
new_planned_energy=37.6124
