gpsEpsilon=0.207905
gpsVolume=2.42092e-322
mQualEpsilon=0.0385586
mQualVolume=0.00849692
new_planned_energy=46.5214
