gpsEpsilon=0
gpsVolume=2.42092e-322
mQualEpsilon=0.0464758
mQualVolume=0.0119707
new_planned_energy=73.136
