gpsEpsilon=0
gpsVolume=2.42092e-322
mQualEpsilon=0.0867353
mQualVolume=0.0248293
new_planned_energy=62.7754
