gpsEpsilon=-0.0540393
gpsVolume=2.42092e-322
mQualEpsilon=-1
mQualVolume=0.000141069
new_planned_energy=55.531
