gpsEpsilon=-0.0540393
gpsVolume=2.42092e-322
mQualEpsilon=-1
mQualVolume=0.022286
new_planned_energy=47.9729
