gpsEpsilon=0
gpsVolume=0
mQualEpsilon=0.0154132
mQualVolume=0.0135053
new_planned_energy=62.2786
