gpsEpsilon=0
gpsVolume=0
mQualEpsilon=0.0738167
mQualVolume=0.00472349
new_planned_energy=78.5579
