gpsEpsilon=2.122e-314
gpsVolume=4.94066e-324
mQualEpsilon=0.033812
mQualVolume=0.00434931
new_planned_energy=76.0826
