gpsEpsilon=0.569799
gpsVolume=2.42092e-322
mQualEpsilon=0.018001
mQualVolume=0.00482647
new_planned_energy=59.2777
