gpsEpsilon=0.53737
gpsVolume=-0.725158
mQualEpsilon=0.0187416
mQualVolume=0.00181824
new_planned_energy=41.1882
