gpsEpsilon=0.542951
gpsVolume=-0.732365
mQualEpsilon=0.0384892
mQualVolume=0.0311519
new_planned_energy=85.5004
