gpsEpsilon=0
gpsVolume=2.42092e-322
mQualEpsilon=0.0527017
mQualVolume=0.0177902
new_planned_energy=91.7073
