gpsEpsilon=0
gpsVolume=0
mQualEpsilon=0.0341414
mQualVolume=0.00980657
new_planned_energy=52.4278
