epsilon_quality=0.0320286
volume_quality=0.00534121
