epsilon_quality=0.033383
volume_quality=0.0363331
