epsilon_quality=0.0338405
volume_quality=0.00349946
