epsilon_quality=0.0521507
volume_quality=0.0207242
