epsilon_quality=0.0921863
volume_quality=0.115305
