epsilon_quality=0.109859
volume_quality=0.0730085
