epsilon_quality=0.109468
volume_quality=0.0811936
