epsilon_quality=0.0236081
volume_quality=0.0465467
