epsilon_quality=0.0967276
volume_quality=0.215663
