epsilon_quality=0.095943
volume_quality=0.10804
