epsilon_quality=0.0617332
volume_quality=0.0215999
