epsilon_quality=0.0551894
volume_quality=0.0291994
