epsilon_quality=0.0997866
volume_quality=0.037665
