epsilon_quality=0.116841
volume_quality=0.0884913
