epsilon_quality=0.06424
volume_quality=0.0345814
