epsilon_quality=0.0991285
volume_quality=0.0478088
