epsilon_quality=0.145791
volume_quality=0.229015
