epsilon_quality=0.0436979
volume_quality=0.0376437
