epsilon_quality=0.182152
volume_quality=0.541378
