epsilon_quality=0.103919
volume_quality=0.589951
