epsilon_quality=0.0220814
volume_quality=0.0822823
