epsilon_quality=0.267879
volume_quality=1.14902
