epsilon_quality=0.11957
volume_quality=0.245642
