epsilon_quality=0.071449
volume_quality=0.112614
