epsilon_quality=0.094117
volume_quality=0.111254
