epsilon_quality=0.0391807
volume_quality=0.0369385
