epsilon_quality=0.0131385
volume_quality=0.0836613
