epsilon_quality=0.0243773
volume_quality=0.0359365
