epsilon_quality=0.282681
volume_quality=0.599688
