epsilon_quality=0.107372
volume_quality=0.0761744
