epsilon_quality=0.0410165
volume_quality=0.031784
