epsilon_quality=0.102018
volume_quality=0.0603024
