epsilon_quality=0.0850666
volume_quality=0.072671
