epsilon_quality=0.143659
volume_quality=0.401882
