epsilon_quality=0.0831967
volume_quality=0.309217
