epsilon_quality=0.157264
volume_quality=0.242971
