epsilon_quality=0.0119951
volume_quality=0.0161631
