epsilon_quality=0.0906585
volume_quality=0.0282005
