gpsEpsilon=31.368
gpsVolume=209.164
mQualEpsilon=0.0497054
mQualVolume=0.0117624
new_planned_energy=68.6147
