gpsEpsilon=23.3935
gpsVolume=177.207
mQualEpsilon=0.0456604
mQualVolume=0.00981037
new_planned_energy=62.4529
