gpsEpsilon=13.7697
gpsVolume=-9.5299
mQualEpsilon=0.0219061
mQualVolume=0.0131191
new_planned_energy=77.09
