gpsEpsilon=1.42109e-14
gpsVolume=1.97626e-323
mQualEpsilon=0.114701
mQualVolume=0.0704305
new_planned_energy=73.2038
