gpsEpsilon=1.77276e-316
gpsVolume=1.97626e-323
mQualEpsilon=0.000332596
mQualVolume=9.16956e-05
new_planned_energy=79.6132
