gpsEpsilon=-0.236102
gpsVolume=0.693981
mQualEpsilon=0.0726482
mQualVolume=0.0318778
new_planned_energy=28.4445
