gpsEpsilon=-0.714217
gpsVolume=0.381355
mQualEpsilon=-1
mQualVolume=0.00543986
new_planned_energy=53.9613
