gpsEpsilon=-0.479508
gpsVolume=0.584634
mQualEpsilon=0.00117625
mQualVolume=1.71136e-05
new_planned_energy=103.768
