gpsEpsilon=1.78426e-316
gpsVolume=8.29146e-316
mQualEpsilon=-1
mQualVolume=0.00817723
new_planned_energy=42.7745
