gpsEpsilon=8.30098e-316
gpsVolume=0
mQualEpsilon=0.126172
mQualVolume=19.5083
new_planned_energy=32.4219
