epsilon_quality=0.0305345
volume_quality=0.00970668
