epsilon_quality=0.204177
volume_quality=0.545846
