epsilon_quality=0.095014
volume_quality=0.257569
