epsilon_quality=0.165567
volume_quality=0.578729
