epsilon_quality=0.0126331
volume_quality=0.0364803
