epsilon_quality=0.0900754
volume_quality=0.464094
