epsilon_quality=0.12409
volume_quality=0.139217
