epsilon_quality=0.0929909
volume_quality=0.0806164
