epsilon_quality=0.0525605
volume_quality=0.0155484
