epsilon_quality=0.0377075
volume_quality=0.00687134
