epsilon_quality=0.132906
volume_quality=0.12346
