epsilon_quality=0.0589064
volume_quality=0.0352237
