epsilon_quality=0.225469
volume_quality=0.626196
