epsilon_quality=0.106937
volume_quality=0.0845317
