epsilon_quality=0.171009
volume_quality=0.629275
