epsilon_quality=0.133406
volume_quality=0.241769
