epsilon_quality=0.132681
volume_quality=1.43671
