epsilon_quality=0.0204343
volume_quality=0.00407141
