epsilon_quality=0.00776632
volume_quality=0.000824113
