epsilon_quality=0.126012
volume_quality=0.0461269
