epsilon_quality=0.0847542
volume_quality=0.154763
