epsilon_quality=0.0267811
volume_quality=0.0596665
