epsilon_quality=0.0987165
volume_quality=0.0964203
