epsilon_quality=0.0638771
volume_quality=0.0582804
