epsilon_quality=0.0801127
volume_quality=0.0469187
