epsilon_quality=0.165124
volume_quality=0.474813
