epsilon_quality=0.102985
volume_quality=0.0555627
