epsilon_quality=0.0338836
volume_quality=0.0503949
