epsilon_quality=0.124904
volume_quality=0.106288
