epsilon_quality=0.101555
volume_quality=0.0249441
