epsilon_quality=0.0628116
volume_quality=0.0174166
