epsilon_quality=0.074574
volume_quality=0.0324819
