epsilon_quality=0.0504829
volume_quality=0.0221742
