epsilon_quality=0.251747
volume_quality=0.849839
