epsilon_quality=0.22953
volume_quality=0.732898
