epsilon_quality=0.20878
volume_quality=0.371472
