epsilon_quality=0.0828902
volume_quality=0.0355946
