epsilon_quality=0.0292143
volume_quality=0.0347699
