epsilon_quality=0.0501681
volume_quality=0.0689945
