epsilon_quality=0.0744556
volume_quality=0.06124
