epsilon_quality=0.115388
volume_quality=0.0942701
