epsilon_quality=0.00293382
volume_quality=0.102209
