epsilon_quality=0.101473
volume_quality=0.144281
