epsilon_quality=0.087097
volume_quality=0.0703564
