epsilon_quality=0.0468108
volume_quality=0.0135199
