epsilon_quality=0.0162462
volume_quality=0.136068
