epsilon_quality=0.0104614
volume_quality=0.0548437
