epsilon_quality=0.0834823
volume_quality=0.0367295
