epsilon_quality=0.0224609
volume_quality=0.0248637
