epsilon_quality=0.0826267
volume_quality=0.103239
