epsilon_quality=0.0105171
volume_quality=0.0190459
