epsilon_quality=0.14142
volume_quality=0.16257
