epsilon_quality=0.0246516
volume_quality=0.00158851
