epsilon_quality=0.0219406
volume_quality=0.0106312
