epsilon_quality=0.0351987
volume_quality=0.170873
