epsilon_quality=0.0828943
volume_quality=0.0928701
