epsilon_quality=0.115596
volume_quality=0.0945988
