epsilon_quality=0.0310185
volume_quality=0.203483
