epsilon_quality=0.0832195
volume_quality=0.079399
