epsilon_quality=0.0929955
volume_quality=0.217195
