epsilon_quality=0.00327245
volume_quality=0.0601181
