epsilon_quality=0.131724
volume_quality=0.741733
