epsilon_quality=0.124343
volume_quality=0.213543
