epsilon_quality=0.0311743
volume_quality=0.00426774
