epsilon_quality=0.0761571
volume_quality=0.0316822
