gpsEpsilon=88.4888
gpsVolume=83.9086
mQualEpsilon=0.0850409
mQualVolume=0.0245923
new_planned_energy=24.1095
