gpsEpsilon=72.3524
gpsVolume=19.8309
mQualEpsilon=0.013883
mQualVolume=0.000956119
new_planned_energy=42.263
