gpsEpsilon=95.5406
gpsVolume=45.6524
mQualEpsilon=0.0231927
mQualVolume=0.00162706
new_planned_energy=30.5019
