gpsEpsilon=78.4294
gpsVolume=120.676
mQualEpsilon=0.0353556
mQualVolume=0.00501911
new_planned_energy=31.0978
