gpsEpsilon=60.7659
gpsVolume=97.4235
mQualEpsilon=0.0572258
mQualVolume=0.00662568
new_planned_energy=42.5302
