gpsEpsilon=112.647
gpsVolume=95.14
mQualEpsilon=0.0678422
mQualVolume=0.00860689
new_planned_energy=40.0911
