gpsEpsilon=124.043
gpsVolume=80.881
mQualEpsilon=0.00373632
mQualVolume=0.00660547
new_planned_energy=75.6846
