gpsEpsilon=10.7334
gpsVolume=-1.21084
mQualEpsilon=0.000860255
mQualVolume=0.000329167
new_planned_energy=22.5843
