gpsEpsilon=77.9506
gpsVolume=30.8173
mQualEpsilon=0.0364282
mQualVolume=0.00325956
new_planned_energy=53.2827
