gpsEpsilon=80.2765
gpsVolume=117.817
mQualEpsilon=0.0212426
mQualVolume=0.00681299
new_planned_energy=51.5632
