gpsEpsilon=53.7352
gpsVolume=100.737
mQualEpsilon=0.0302602
mQualVolume=0.000979132
new_planned_energy=18.3531
