epsilon_quality=0.107989
volume_quality=0.123243
