epsilon_quality=0.0123863
volume_quality=0.06788
