epsilon_quality=0.0563452
volume_quality=0.0697445
