epsilon_quality=0.322851
volume_quality=1.62197
