epsilon_quality=0.114334
volume_quality=0.245928
