epsilon_quality=0.00983112
volume_quality=0.083178
