epsilon_quality=0.0327044
volume_quality=0.07233
