epsilon_quality=0.159887
volume_quality=0.597044
