epsilon_quality=0.104164
volume_quality=0.0261784
