epsilon_quality=0.193779
volume_quality=0.280758
