epsilon_quality=0.143365
volume_quality=0.21755
