epsilon_quality=0.128102
volume_quality=0.131939
