epsilon_quality=0.0446077
volume_quality=0.00476454
