epsilon_quality=0.0404273
volume_quality=0.0034538
