epsilon_quality=0.0507646
volume_quality=0.00719041
