epsilon_quality=0.0564006
volume_quality=0.00615964
