epsilon_quality=0.0287315
volume_quality=0.00193796
