epsilon_quality=0.0192947
volume_quality=0.0970478
