epsilon_quality=0.0550668
volume_quality=0.0405821
