epsilon_quality=0.217032
volume_quality=0.625541
