epsilon_quality=0.28036
volume_quality=2.15334
