epsilon_quality=0.256072
volume_quality=0.682473
