epsilon_quality=0.0557798
volume_quality=0.11412
