epsilon_quality=0.0445571
volume_quality=0.034499
