epsilon_quality=0.173354
volume_quality=0.32907
