epsilon_quality=0.0883112
volume_quality=0.167055
