epsilon_quality=0.0614528
volume_quality=0.111322
