epsilon_quality=0.137364
volume_quality=0.567078
