epsilon_quality=0.101528
volume_quality=0.207183
