epsilon_quality=0.0127913
volume_quality=0.00362183
