epsilon_quality=0.00477789
volume_quality=0.0499772
