epsilon_quality=0.109008
volume_quality=0.154235
