epsilon_quality=0.105927
volume_quality=0.0841454
