epsilon_quality=0.452145
volume_quality=4.04206
