epsilon_quality=0.351049
volume_quality=1.53465
