epsilon_quality=0.0339525
volume_quality=0.0409581
