epsilon_quality=0.101073
volume_quality=0.107137
