epsilon_quality=0.0613717
volume_quality=0.0178146
