epsilon_quality=0.0888307
volume_quality=0.0730847
