epsilon_quality=0.204075
volume_quality=0.665733
