epsilon_quality=0.163114
volume_quality=0.20658
