epsilon_quality=0.0309918
volume_quality=0.00440321
