epsilon_quality=0.380142
volume_quality=1.73621
