epsilon_quality=0.239559
volume_quality=1.10582
