epsilon_quality=0.0908715
volume_quality=0.0522079
