epsilon_quality=0.212583
volume_quality=0.372037
