epsilon_quality=0.217561
volume_quality=0.707533
