epsilon_quality=0.142631
volume_quality=0.515395
