epsilon_quality=0.00680845
volume_quality=0.0252321
