epsilon_quality=0.0271959
volume_quality=0.00118113
