epsilon_quality=0.156183
volume_quality=0.171632
