epsilon_quality=0.0275322
volume_quality=0.00568178
