epsilon_quality=0.0660197
volume_quality=0.0168164
