epsilon_quality=0.0523234
volume_quality=0.0739896
