epsilon_quality=0.0146802
volume_quality=0.00306626
