epsilon_quality=0.129181
volume_quality=0.174711
