epsilon_quality=0.0380912
volume_quality=0.112854
