epsilon_quality=0.133155
volume_quality=0.231022
