epsilon_quality=0.0800708
volume_quality=0.0861157
