epsilon_quality=0.00674385
volume_quality=0.024994
