epsilon_quality=0.0350636
volume_quality=0.068608
