epsilon_quality=0.0518126
volume_quality=0.0369655
