epsilon_quality=0.068243
volume_quality=0.0365037
