epsilon_quality=0.01987
volume_quality=0.0145302
