epsilon_quality=0.0406556
volume_quality=0.00817538
