epsilon_quality=0.0483305
volume_quality=0.0471903
