epsilon_quality=0.108791
volume_quality=0.246156
