epsilon_quality=0.10719
volume_quality=0.100239
