epsilon_quality=0.0275229
volume_quality=0.00527357
