epsilon_quality=0.0507325
volume_quality=0.00720338
