epsilon_quality=0.0924319
volume_quality=0.0713577
