epsilon_quality=0.141239
volume_quality=0.246829
