epsilon_quality=0.09061
volume_quality=0.174278
