epsilon_quality=0.0739815
volume_quality=0.0409837
