epsilon_quality=0.0872869
volume_quality=0.0303874
