epsilon_quality=0.0315522
volume_quality=0.0117848
