epsilon_quality=0.172097
volume_quality=0.13442
