epsilon_quality=8.23994e-18
volume_quality=0.0194243
