epsilon_quality=0.0502266
volume_quality=0.00836268
