epsilon_quality=0.0568075
volume_quality=0.0137429
