epsilon_quality=0.010229
volume_quality=0.00301723
