epsilon_quality=0.0640417
volume_quality=0.0167633
