epsilon_quality=0.0978509
volume_quality=0.112002
