epsilon_quality=0.076454
volume_quality=0.0460667
