epsilon_quality=0.119548
volume_quality=0.0426364
