epsilon_quality=0.0387577
volume_quality=0.133272
