epsilon_quality=0.0358352
volume_quality=0.0259892
