epsilon_quality=0.0302771
volume_quality=0.00559003
