epsilon_quality=0.0797301
volume_quality=0.0441178
