epsilon_quality=0.0363532
volume_quality=0.01246
