epsilon_quality=0.0673271
volume_quality=0.0570581
