epsilon_quality=0.107125
volume_quality=0.0441902
