epsilon_quality=0.0957687
volume_quality=0.136475
