epsilon_quality=0.0166226
volume_quality=0.00174457
