gpsEpsilon=119.688
gpsVolume=118.714
mQualEpsilon=0.0154566
mQualVolume=0.00281635
new_planned_energy=24.6823
