gpsEpsilon=145.28
gpsVolume=101.407
mQualEpsilon=0.0136105
mQualVolume=0.000938406
new_planned_energy=66.0634
