gpsEpsilon=145.28
gpsVolume=101.407
mQualEpsilon=0.0268299
mQualVolume=0.0206122
new_planned_energy=40.5305
