gpsEpsilon=57.8404
gpsVolume=100.505
mQualEpsilon=0.0163889
mQualVolume=0.0014935
new_planned_energy=91.6
