gpsEpsilon=10.73
gpsVolume=-11.51
mQualEpsilon=0.0688297
mQualVolume=0.00768842
new_planned_energy=61.9531
