gpsEpsilon=9.99604e-316
gpsVolume=0
mQualEpsilon=1.45144
mQualVolume=46.9843
new_planned_energy=-1.45144
