gpsEpsilon=9.99604e-316
gpsVolume=0
mQualEpsilon=0.041893
mQualVolume=0.00500026
new_planned_energy=25.2778
