gpsEpsilon=1.52867e-315
gpsVolume=1.60947e-315
mQualEpsilon=0.0781051
mQualVolume=0.0343137
new_planned_energy=84.5546
