gpsEpsilon=119.688
gpsVolume=13.121
mQualEpsilon=0.0696813
mQualVolume=0.00854726
new_planned_energy=37.2564
