gpsEpsilon=119.688
gpsVolume=95.0694
mQualEpsilon=0.0894669
mQualVolume=0.0122371
new_planned_energy=53.8616
