gpsEpsilon=134.312
gpsVolume=101.407
mQualEpsilon=1.91694
mQualVolume=51.6138
new_planned_energy=-1.91694
