gpsEpsilon=134.312
gpsVolume=101.407
mQualEpsilon=1.91867
mQualVolume=51.0771
new_planned_energy=-1.91867
