gpsEpsilon=134.312
gpsVolume=101.407
mQualEpsilon=1.91129
mQualVolume=51.4918
new_planned_energy=-1.91129
