gpsEpsilon=134.312
gpsVolume=101.407
mQualEpsilon=0.058525
mQualVolume=0.0119661
new_planned_energy=34.9786
