gpsEpsilon=141.624
gpsVolume=53.9707
mQualEpsilon=0.00762816
mQualVolume=0.00825125
new_planned_energy=44.0248
