gpsEpsilon=119.688
gpsVolume=27.4513
mQualEpsilon=0.0396537
mQualVolume=0.00640757
new_planned_energy=27.4544
