gpsEpsilon=119.688
gpsVolume=97.8433
mQualEpsilon=0.00747737
mQualVolume=0.00502704
new_planned_energy=86.8286
