epsilon_quality=0.116133
volume_quality=0.0705502
