epsilon_quality=0.0406616
volume_quality=0.0370927
