epsilon_quality=0.112102
volume_quality=0.070752
