epsilon_quality=0.175637
volume_quality=0.321298
