epsilon_quality=0.154056
volume_quality=0.212109
