epsilon_quality=0.105645
volume_quality=0.20302
