epsilon_quality=0.196034
volume_quality=0.43229
