epsilon_quality=0.0377824
volume_quality=0.12746
