epsilon_quality=0.0432959
volume_quality=0.0190724
