epsilon_quality=0.0515806
volume_quality=0.0108427
