epsilon_quality=0.119236
volume_quality=0.0824018
