epsilon_quality=0.122843
volume_quality=0.0644135
