epsilon_quality=0.0732287
volume_quality=0.133688
