epsilon_quality=0.226112
volume_quality=0.615645
