epsilon_quality=0.0135892
volume_quality=0.0810464
