epsilon_quality=0.226591
volume_quality=0.941462
