epsilon_quality=0.229941
volume_quality=0.311013
