epsilon_quality=0.0762612
volume_quality=0.0667811
