epsilon_quality=0.161546
volume_quality=0.89685
