epsilon_quality=0.16011
volume_quality=0.29518
