epsilon_quality=0.100405
volume_quality=0.256951
