epsilon_quality=0.0731744
volume_quality=0.0421234
