epsilon_quality=0.0909736
volume_quality=0.129303
