epsilon_quality=0.194981
volume_quality=0.372767
