epsilon_quality=0.112559
volume_quality=0.425393
