epsilon_quality=0.158266
volume_quality=0.110242
