epsilon_quality=0.181989
volume_quality=0.263169
