epsilon_quality=0.167981
volume_quality=0.307942
