epsilon_quality=0.214004
volume_quality=1.60874
