epsilon_quality=0.174175
volume_quality=1.08935
