epsilon_quality=0.0430873
volume_quality=0.0124771
