epsilon_quality=0.0154949
volume_quality=0.141269
