epsilon_quality=0.0178727
volume_quality=0.0385347
