epsilon_quality=0.226454
volume_quality=0.181958
