epsilon_quality=0.197269
volume_quality=0.665158
