epsilon_quality=0.180374
volume_quality=0.472122
