epsilon_quality=0.184379
volume_quality=0.177236
