epsilon_quality=0.0785042
volume_quality=0.374178
