epsilon_quality=0.0688817
volume_quality=0.0548637
