epsilon_quality=0.0488726
volume_quality=0.131637
