epsilon_quality=0.0833049
volume_quality=0.0824239
