epsilon_quality=0.021118
volume_quality=0.101078
