epsilon_quality=0.110731
volume_quality=0.118994
