epsilon_quality=0.0820278
volume_quality=0.0666755
