epsilon_quality=0.0767028
volume_quality=0.0432456
