epsilon_quality=0.071827
volume_quality=0.0170889
