epsilon_quality=0.0374173
volume_quality=0.0250054
