epsilon_quality=0.0468465
volume_quality=0.0184312
