epsilon_quality=0.035883
volume_quality=0.0410057
