epsilon_quality=0.00172002
volume_quality=0.0657829
