epsilon_quality=0.0808858
volume_quality=0.0172433
