epsilon_quality=0.0457872
volume_quality=0.0107871
