gpsEpsilon=21.5644
gpsVolume=10.1385
mQualEpsilon=0.100651
mQualVolume=0.0182587
new_planned_energy=58.5878
