gpsEpsilon=34.2923
gpsVolume=9.19983
mQualEpsilon=-1
mQualVolume=0.00387009
new_planned_energy=40.7879
