gpsEpsilon=39.8097
gpsVolume=7.95188
mQualEpsilon=0.0557639
mQualVolume=0.00458205
new_planned_energy=83.4701
