gpsEpsilon=46.1193
gpsVolume=6.35
mQualEpsilon=0.0414657
mQualVolume=0.00566692
new_planned_energy=56.6383
