gpsEpsilon=70.2788
gpsVolume=195.516
mQualEpsilon=0.0362536
mQualVolume=0.00602591
new_planned_energy=37.5601
