gpsEpsilon=0
gpsVolume=2.42092e-322
mQualEpsilon=0.0168092
mQualVolume=0.00287459
new_planned_energy=39.6166
