gpsEpsilon=9.37097e-316
gpsVolume=9.37295e-316
mQualEpsilon=-1
mQualVolume=0.000363243
new_planned_energy=65.3605
