gpsEpsilon=0
gpsVolume=2.42092e-322
mQualEpsilon=0.0225286
mQualVolume=0.0258695
new_planned_energy=53.0234
