gpsEpsilon=0.713633
gpsVolume=2.42092e-322
mQualEpsilon=-1
mQualVolume=0.00108101
new_planned_energy=94.3926
