gpsEpsilon=54.6725
gpsVolume=13.9756
mQualEpsilon=0.0186058
mQualVolume=0.000383155
new_planned_energy=98.6426
