gpsEpsilon=46.7652
gpsVolume=17.5567
mQualEpsilon=0.0198577
mQualVolume=0.0174477
new_planned_energy=47.3891
