epsilon_quality=0.0546098
volume_quality=0.0758567
