epsilon_quality=0.372472
volume_quality=0.891121
