epsilon_quality=0.121547
volume_quality=0.211655
