epsilon_quality=0.0220921
volume_quality=0.0217057
