epsilon_quality=0.0660552
volume_quality=0.0143942
