epsilon_quality=0.0646217
volume_quality=0.0137249
