epsilon_quality=0.0658962
volume_quality=0.0426853
