epsilon_quality=0.10628
volume_quality=0.0746611
