epsilon_quality=0.258399
volume_quality=0.623024
