epsilon_quality=0.23755
volume_quality=0.924409
