epsilon_quality=0.198048
volume_quality=0.672057
