epsilon_quality=0.0513021
volume_quality=0.0401983
