epsilon_quality=0.0213363
volume_quality=0.018978
