epsilon_quality=0.10897
volume_quality=0.230784
