epsilon_quality=0.0852007
volume_quality=0.0578112
