epsilon_quality=0.111042
volume_quality=0.404365
