epsilon_quality=0.0988561
volume_quality=0.0882349
