epsilon_quality=0.109724
volume_quality=0.0819008
