epsilon_quality=0.0126497
volume_quality=0.216081
