epsilon_quality=0.0523057
volume_quality=0.310868
