epsilon_quality=0.00784839
volume_quality=0.0704487
