epsilon_quality=0.0365932
volume_quality=0.0299193
