epsilon_quality=0.0137883
volume_quality=0.016583
