epsilon_quality=0.0350754
volume_quality=0.0228839
