epsilon_quality=0.0136265
volume_quality=0.0146414
