epsilon_quality=0.00874194
volume_quality=0.00867735
