epsilon_quality=0.0548883
volume_quality=0.153796
