epsilon_quality=0.0723344
volume_quality=0.0350268
