epsilon_quality=0.0594643
volume_quality=0.0437723
