epsilon_quality=0.132406
volume_quality=0.11844
