epsilon_quality=0.0822448
volume_quality=0.0808233
