epsilon_quality=0.0609539
volume_quality=0.0126999
