epsilon_quality=0.340224
volume_quality=1.44273
