epsilon_quality=0.0016579
volume_quality=0.112009
