epsilon_quality=0.136224
volume_quality=0.0676614
