epsilon_quality=0.0836257
volume_quality=0.0494549
