epsilon_quality=0.0837555
volume_quality=0.0133738
