epsilon_quality=0.169575
volume_quality=0.351955
