epsilon_quality=0.0255306
volume_quality=0.00841091
