epsilon_quality=0.0562745
volume_quality=0.0165193
