gpsEpsilon=8.94141e-316
gpsVolume=0
mQualEpsilon=0.0354131
mQualVolume=0.00100423
new_planned_energy=14.1307
