gpsEpsilon=1.27915e-315
gpsVolume=0
mQualEpsilon=0.0211529
mQualVolume=0.0130478
new_planned_energy=79.5799
