gpsEpsilon=123.542
gpsVolume=89.7877
mQualEpsilon=0.0396656
mQualVolume=0.00375776
new_planned_energy=32.5807
