gpsEpsilon=166.04
gpsVolume=92.995
mQualEpsilon=0.000270232
mQualVolume=0.00843139
new_planned_energy=20.0427
