gpsEpsilon=8.32602e-316
gpsVolume=6.95335e-310
mQualEpsilon=0.000270232
mQualVolume=0.00843139
new_planned_energy=18.1232
