gpsEpsilon=1.4227e-316
gpsVolume=6.95335e-310
mQualEpsilon=-1
mQualVolume=0.000896673
new_planned_energy=73.5663
