gpsEpsilon=25.861
gpsVolume=224.925
mQualEpsilon=0.000241211
mQualVolume=0.00410232
new_planned_energy=59.918
