gpsEpsilon=43.019
gpsVolume=91.4819
mQualEpsilon=0.0250062
mQualVolume=0.00525058
new_planned_energy=28.3054
