gpsEpsilon=19.5694
gpsVolume=92.868
mQualEpsilon=0.00265716
mQualVolume=0.00565675
new_planned_energy=98.257
