epsilon_quality=0.0436005
volume_quality=0.00850223
