epsilon_quality=0.0920398
volume_quality=0.0345524
