epsilon_quality=0.0336968
volume_quality=0.0364986
