epsilon_quality=0.077571
volume_quality=0.13619
