epsilon_quality=0.17105
volume_quality=1.22349
