epsilon_quality=0.0579877
volume_quality=0.00505996
