epsilon_quality=0.164815
volume_quality=0.424181
