epsilon_quality=0.0832448
volume_quality=0.0950703
