gpsEpsilon=114.535
gpsVolume=98.9729
mQualEpsilon=0.0317005
mQualVolume=0.0166631
new_planned_energy=62.5034
