gpsEpsilon=124.976
gpsVolume=109.514
mQualEpsilon=0.0110983
mQualVolume=0.00396745
new_planned_energy=86.8084
