gpsEpsilon=151.206
gpsVolume=65.7139
mQualEpsilon=0.0362584
mQualVolume=0.0233848
new_planned_energy=30.9893
