gpsEpsilon=135.842
gpsVolume=117.857
mQualEpsilon=0.0510905
mQualVolume=0.00369508
new_planned_energy=28.2787
