gpsEpsilon=142.412
gpsVolume=160.422
mQualEpsilon=0.0816394
mQualVolume=0.0095909
new_planned_energy=87.6876
