gpsEpsilon=128.499
gpsVolume=158.174
mQualEpsilon=0.0943003
mQualVolume=0.0200642
new_planned_energy=39.739
