gpsEpsilon=112.861
gpsVolume=160.047
mQualEpsilon=0.0439792
mQualVolume=0.00941785
new_planned_energy=56.8499
