gpsEpsilon=93.6523
gpsVolume=128.099
mQualEpsilon=0.0608033
mQualVolume=0.0097185
new_planned_energy=39.0653
