gpsEpsilon=106.991
gpsVolume=128.748
mQualEpsilon=0.0374694
mQualVolume=0.00875627
new_planned_energy=64.8872
