gpsEpsilon=110.463
gpsVolume=86.2584
mQualEpsilon=0.070062
mQualVolume=0.0125402
new_planned_energy=54.4289
