gpsEpsilon=101.046
gpsVolume=90.0054
mQualEpsilon=0.0931911
mQualVolume=0.00881225
new_planned_energy=61.8154
