epsilon_quality=0.177564
volume_quality=0.485458
