epsilon_quality=0.220814
volume_quality=1.25354
