epsilon_quality=0.0352025
volume_quality=0.0173691
