epsilon_quality=0.00730809
volume_quality=0.110707
