epsilon_quality=0.179509
volume_quality=0.484454
