epsilon_quality=0.132773
volume_quality=0.0999523
