epsilon_quality=0.0967768
volume_quality=0.122731
