epsilon_quality=0.0298633
volume_quality=0.0127174
