epsilon_quality=0.0901802
volume_quality=0.184866
