epsilon_quality=0.147244
volume_quality=0.316688
