epsilon_quality=0.0782944
volume_quality=0.0223165
