epsilon_quality=0.025334
volume_quality=0.00178263
