epsilon_quality=0.020136
volume_quality=0.00552009
