epsilon_quality=0.0388899
volume_quality=0.0365038
