epsilon_quality=0.0419144
volume_quality=0.0131304
