epsilon_quality=0.0138978
volume_quality=0.019334
