epsilon_quality=0.218148
volume_quality=0.570303
