epsilon_quality=0.145659
volume_quality=0.152059
