epsilon_quality=0.0652702
volume_quality=0.207989
