epsilon_quality=0.13503
volume_quality=0.376022
