epsilon_quality=0.093235
volume_quality=0.251506
