epsilon_quality=0.148063
volume_quality=0.416995
