epsilon_quality=0.00526562
volume_quality=0.0289786
