epsilon_quality=0.0897641
volume_quality=0.037155
