epsilon_quality=0.0791072
volume_quality=0.00989723
