epsilon_quality=0.0713197
volume_quality=0.0967684
