epsilon_quality=0.129909
volume_quality=0.355318
