epsilon_quality=0.0493892
volume_quality=0.0297457
