epsilon_quality=0.101447
volume_quality=0.742765
