epsilon_quality=0.0618099
volume_quality=0.0736527
