epsilon_quality=0.130645
volume_quality=0.445629
