epsilon_quality=0.121466
volume_quality=0.0755233
