epsilon_quality=0.0516251
volume_quality=0.0655222
