epsilon_quality=0.0803463
volume_quality=0.113231
