epsilon_quality=0.0675898
volume_quality=0.0909687
