epsilon_quality=0.100647
volume_quality=0.245718
