epsilon_quality=0.19407
volume_quality=0.430431
