epsilon_quality=0.18689
volume_quality=0.127026
