epsilon_quality=0.106528
volume_quality=0.163157
