epsilon_quality=0.0649864
volume_quality=0.0744356
