epsilon_quality=0.119081
volume_quality=0.34229
