epsilon_quality=0.059601
volume_quality=0.0308057
