epsilon_quality=0.0596275
volume_quality=0.0765072
