epsilon_quality=0.08824
volume_quality=0.185224
