epsilon_quality=0.115663
volume_quality=0.486827
