epsilon_quality=0.099952
volume_quality=0.087784
