epsilon_quality=0.0298217
volume_quality=0.048247
