epsilon_quality=0.139678
volume_quality=0.271106
