epsilon_quality=0.0467751
volume_quality=0.04717
