epsilon_quality=0.209563
volume_quality=0.865982
