epsilon_quality=0.070369
volume_quality=0.040105
