epsilon_quality=0.119489
volume_quality=0.0676689
