epsilon_quality=0.045114
volume_quality=0.0306382
