epsilon_quality=0.0264584
volume_quality=0.0038178
