epsilon_quality=0.0139453
volume_quality=0.0120106
