epsilon_quality=0.0592525
volume_quality=0.0222152
