epsilon_quality=0.0920829
volume_quality=0.157116
