epsilon_quality=0.158966
volume_quality=0.973108
