epsilon_quality=0.00226362
volume_quality=0.515337
