epsilon_quality=0.182191
volume_quality=1.69978
