epsilon_quality=0.120937
volume_quality=0.656355
