epsilon_quality=0.338222
volume_quality=1.70666
