epsilon_quality=0.0510892
volume_quality=0.266396
