epsilon_quality=0.0915462
volume_quality=0.10694
