epsilon_quality=0.0860698
volume_quality=0.325941
