epsilon_quality=0.0420928
volume_quality=0.00537543
