epsilon_quality=0.0105736
volume_quality=0.0431112
