epsilon_quality=0.0398025
volume_quality=0.0375366
