epsilon_quality=0.129584
volume_quality=0.106205
