epsilon_quality=0.0481515
volume_quality=0.0330233
