epsilon_quality=0.0613837
volume_quality=0.01694
