epsilon_quality=0.0879147
volume_quality=0.0534925
