epsilon_quality=0.0735263
volume_quality=0.07022
