epsilon_quality=0.0942194
volume_quality=0.18385
