epsilon_quality=0.0811022
volume_quality=0.0845783
