epsilon_quality=0.101833
volume_quality=0.0389028
