epsilon_quality=0.112899
volume_quality=0.234564
