epsilon_quality=0.0793598
volume_quality=0.0372859
