epsilon_quality=0.0952034
volume_quality=0.135802
