epsilon_quality=0.16655
volume_quality=0.139012
