epsilon_quality=0.10536
volume_quality=0.0341446
