epsilon_quality=0.0293466
volume_quality=0.0309846
