epsilon_quality=0.17203
volume_quality=0.0810051
