epsilon_quality=0.00909787
volume_quality=0.00111976
