epsilon_quality=0.189493
volume_quality=0.322484
