epsilon_quality=0.0929573
volume_quality=0.245926
