epsilon_quality=0.0666357
volume_quality=0.236061
