epsilon_quality=0.0969772
volume_quality=0.45983
