epsilon_quality=0.216088
volume_quality=1.28612
