epsilon_quality=0.180562
volume_quality=0.741507
