epsilon_quality=0.0743532
volume_quality=0.253965
