epsilon_quality=0.0382366
volume_quality=0.120879
