epsilon_quality=0.124529
volume_quality=0.0895256
