epsilon_quality=0.151177
volume_quality=0.299841
