epsilon_quality=0.23271
volume_quality=0.566925
