epsilon_quality=0.0532087
volume_quality=0.0155703
