epsilon_quality=0.0408668
volume_quality=0.0102366
