epsilon_quality=0.0199969
volume_quality=0.0143424
