epsilon_quality=0.156781
volume_quality=0.312493
