epsilon_quality=0.238205
volume_quality=0.204152
