epsilon_quality=0.0483218
volume_quality=0.0177011
