epsilon_quality=0.0409357
volume_quality=0.0695911
