epsilon_quality=0.376863
volume_quality=2.93226
