epsilon_quality=0.247152
volume_quality=1.76086
