epsilon_quality=0.0532881
volume_quality=0.169921
