epsilon_quality=0.17365
volume_quality=0.545491
