epsilon_quality=0.0620528
volume_quality=0.207051
