epsilon_quality=0.080825
volume_quality=0.0643263
