epsilon_quality=0.0776091
volume_quality=0.184003
