epsilon_quality=0.039137
volume_quality=0.0221131
