epsilon_quality=0.0418499
volume_quality=0.0259649
