epsilon_quality=0.0426205
volume_quality=0.0106793
