epsilon_quality=0.0285434
volume_quality=0.0258105
