epsilon_quality=0.00683725
volume_quality=0.0758537
