epsilon_quality=0.0601413
volume_quality=0.058154
