epsilon_quality=0.056861
volume_quality=0.054134
