epsilon_quality=0.0698553
volume_quality=0.195977
