epsilon_quality=0.108335
volume_quality=0.471981
