epsilon_quality=0.0240481
volume_quality=0.130111
