epsilon_quality=0.0598571
volume_quality=0.041877
