epsilon_quality=0.0892886
volume_quality=0.0487509
