epsilon_quality=0.031329
volume_quality=0.127531
