epsilon_quality=0.0150299
volume_quality=0.0120918
