epsilon_quality=0.00822642
volume_quality=0.000610127
