epsilon_quality=0.0419768
volume_quality=0.0253285
