epsilon_quality=0.113204
volume_quality=0.176247
