epsilon_quality=0.13581
volume_quality=0.325201
