epsilon_quality=0.105142
volume_quality=0.183122
