epsilon_quality=0.0947717
volume_quality=0.0644953
