epsilon_quality=0.0821981
volume_quality=0.0349519
