epsilon_quality=0.0267945
volume_quality=0.0346008
