epsilon_quality=0.0410501
volume_quality=0.00737962
