epsilon_quality=0.0705818
volume_quality=0.0349625
