epsilon_quality=0.158752
volume_quality=0.509751
