epsilon_quality=0.189862
volume_quality=0.394642
