epsilon_quality=0.0554367
volume_quality=0.0353645
