epsilon_quality=0.14341
volume_quality=0.156266
