epsilon_quality=0.0586252
volume_quality=0.10399
