epsilon_quality=0.115645
volume_quality=0.131292
