epsilon_quality=0.043764
volume_quality=0.0432595
