epsilon_quality=0.259356
volume_quality=0.658888
