epsilon_quality=0.0639976
volume_quality=0.13493
