epsilon_quality=0.223931
volume_quality=0.19783
