epsilon_quality=0.150782
volume_quality=0.805717
