epsilon_quality=0.0763161
volume_quality=0.0942998
