epsilon_quality=0.0552321
volume_quality=0.216413
