epsilon_quality=0.00639597
volume_quality=0.00183302
