epsilon_quality=0.135719
volume_quality=0.135566
