epsilon_quality=0.0436594
volume_quality=0.694148
