epsilon_quality=0.0916221
volume_quality=0.0345241
