epsilon_quality=0.0349248
volume_quality=0.0528711
