epsilon_quality=0.125339
volume_quality=0.266808
