epsilon_quality=0.144091
volume_quality=0.113722
