epsilon_quality=0.0503219
volume_quality=0.0124703
