epsilon_quality=0.13058
volume_quality=0.185893
