epsilon_quality=0.102578
volume_quality=0.578745
