epsilon_quality=0.259471
volume_quality=0.506988
