epsilon_quality=0.171221
volume_quality=0.23033
