epsilon_quality=0.190701
volume_quality=0.364775
