epsilon_quality=0.162098
volume_quality=0.223443
