epsilon_quality=0.0103854
volume_quality=0.0836933
