epsilon_quality=0.300011
volume_quality=0.984288
