epsilon_quality=0.0901592
volume_quality=0.093117
