epsilon_quality=0.0812447
volume_quality=0.141887
