epsilon_quality=0.180617
volume_quality=0.272128
