epsilon_quality=0.0583768
volume_quality=0.0342418
