epsilon_quality=0.101903
volume_quality=0.155837
