epsilon_quality=0.034612
volume_quality=0.0724354
