epsilon_quality=0.102169
volume_quality=0.0463947
