epsilon_quality=0.0416266
volume_quality=0.0462159
