epsilon_quality=0.0896998
volume_quality=0.142879
