epsilon_quality=0.109191
volume_quality=0.0754475
