epsilon_quality=0.0914278
volume_quality=0.0789111
