epsilon_quality=0.0894671
volume_quality=0.215975
