epsilon_quality=0.12093
volume_quality=0.127145
