epsilon_quality=0.138332
volume_quality=1.03951
