epsilon_quality=0.117562
volume_quality=0.351827
