epsilon_quality=0.088061
volume_quality=0.285907
