gpsEpsilon=9.00017e-316
gpsVolume=0
mQualEpsilon=0.0142036
mQualVolume=0.00281878
new_planned_energy=48.4562
