gpsEpsilon=1.44694e-316
gpsVolume=0
mQualEpsilon=0.0448301
mQualVolume=0.0144544
new_planned_energy=13.3142
