gpsEpsilon=37.5216
gpsVolume=93.5678
mQualEpsilon=1.73885
mQualVolume=41.677
new_planned_energy=-1.73885
