gpsEpsilon=37.5216
gpsVolume=93.5678
mQualEpsilon=0.0791879
mQualVolume=0.0115536
new_planned_energy=33.0746
