gpsEpsilon=37.5216
gpsVolume=93.5678
mQualEpsilon=1.73915
mQualVolume=47.6254
new_planned_energy=-1.73915
