gpsEpsilon=89.233
gpsVolume=105.922
mQualEpsilon=0.0539412
mQualVolume=0.00680479
new_planned_energy=84.1667
