gpsEpsilon=159.61
gpsVolume=99.0493
mQualEpsilon=0.00382815
mQualVolume=0.00479654
new_planned_energy=46.0785
