gpsEpsilon=135.681
gpsVolume=104.295
mQualEpsilon=0.00862411
mQualVolume=0.0144239
new_planned_energy=59.4253
