gpsEpsilon=1.27917e-315
gpsVolume=0
mQualEpsilon=1.61164
mQualVolume=43.8703
new_planned_energy=-1.61164
