gpsEpsilon=1.27917e-315
gpsVolume=0
mQualEpsilon=1.65309
mQualVolume=46.9645
new_planned_energy=-1.65309
