gpsEpsilon=1.27917e-315
gpsVolume=0
mQualEpsilon=0.0188556
mQualVolume=0.00316614
new_planned_energy=37.7753
