gpsEpsilon=1.07634e-315
gpsVolume=0
mQualEpsilon=1.73431
mQualVolume=56.7236
new_planned_energy=30.179
