gpsEpsilon=1.11978e-315
gpsVolume=0
mQualEpsilon=-1
mQualVolume=0.00627073
new_planned_energy=52.455
