gpsEpsilon=1.12622e-315
gpsVolume=0
mQualEpsilon=1.75689
mQualVolume=49.7903
new_planned_energy=-1.75689
