gpsEpsilon=1.12622e-315
gpsVolume=0
mQualEpsilon=0.0326946
mQualVolume=0.00285623
new_planned_energy=12.534
