gpsEpsilon=1.12622e-315
gpsVolume=0
mQualEpsilon=1.76534
mQualVolume=49.8513
new_planned_energy=-1.76534
