gpsEpsilon=1.12622e-315
gpsVolume=0
mQualEpsilon=1.75976
mQualVolume=50.3998
new_planned_energy=-1.75976
