gpsEpsilon=1.19972e-315
gpsVolume=0
mQualEpsilon=-1
mQualVolume=0.0111241
new_planned_energy=52.8695
