gpsEpsilon=90.2304
gpsVolume=20.1386
mQualEpsilon=0.0287135
mQualVolume=0.0136426
new_planned_energy=30.6523
