gpsEpsilon=1.31756e-315
gpsVolume=1.31756e-315
mQualEpsilon=1.78502
mQualVolume=53.0539
new_planned_energy=-1.78502
