gpsEpsilon=1.31756e-315
gpsVolume=1.31756e-315
mQualEpsilon=1.82235
mQualVolume=55.1376
new_planned_energy=-1.82235
