gpsEpsilon=1.31756e-315
gpsVolume=1.31756e-315
mQualEpsilon=0.0408787
mQualVolume=0.00508973
new_planned_energy=26.2013
