gpsEpsilon=1.31756e-315
gpsVolume=1.31756e-315
mQualEpsilon=1.85958
mQualVolume=55.4114
new_planned_energy=-1.85958
