gpsEpsilon=7.60628e-316
gpsVolume=-0.0773007
mQualEpsilon=0.0588219
mQualVolume=0.0212093
new_planned_energy=23.5152
