gpsEpsilon=14.3062
gpsVolume=9.3501
mQualEpsilon=1.50084
mQualVolume=40.749
new_planned_energy=-1.50084
