epsilon_quality=0.0427806
volume_quality=0.149439
