epsilon_quality=0.00787801
volume_quality=0.101916
