epsilon_quality=0.0220431
volume_quality=0.0374658
