epsilon_quality=0.0584142
volume_quality=0.0327208
