epsilon_quality=0.197664
volume_quality=0.287996
