epsilon_quality=0.139108
volume_quality=0.497286
