epsilon_quality=0.017067
volume_quality=0.0050585
