epsilon_quality=0.148763
volume_quality=0.187369
