epsilon_quality=0.0342261
volume_quality=0.432224
