epsilon_quality=0.174095
volume_quality=0.205196
