epsilon_quality=0.174976
volume_quality=0.525386
