epsilon_quality=0.0696971
volume_quality=0.052653
