epsilon_quality=0.0146773
volume_quality=0.00551213
