epsilon_quality=0.0434748
volume_quality=0.0202817
