epsilon_quality=0.120917
volume_quality=0.165422
