epsilon_quality=0.0372724
volume_quality=0.0305428
