epsilon_quality=0.0595104
volume_quality=0.00626024
