epsilon_quality=0.0527621
volume_quality=0.0138714
