epsilon_quality=0.0181929
volume_quality=0.0541391
