epsilon_quality=0.0783408
volume_quality=0.0253502
