epsilon_quality=0.0337086
volume_quality=0.0277398
