epsilon_quality=0.0414869
volume_quality=0.274024
