epsilon_quality=0.0750135
volume_quality=0.203258
