epsilon_quality=0.0178137
volume_quality=0.0464197
