epsilon_quality=0.200392
volume_quality=0.317935
