gpsEpsilon=28.0822
gpsVolume=27.6631
mQualEpsilon=0.00797466
mQualVolume=0.00114246
new_planned_energy=69.2049
