gpsEpsilon=20.1233
gpsVolume=25.3593
mQualEpsilon=0.0197909
mQualVolume=0.00114478
new_planned_energy=82.8425
