gpsEpsilon=28.0754
gpsVolume=25.1216
mQualEpsilon=0.00612391
mQualVolume=0.000903491
new_planned_energy=86.4751
