gpsEpsilon=4.81187e-316
gpsVolume=0
mQualEpsilon=0.00499549
mQualVolume=0.000618848
new_planned_energy=73.7527
