gpsEpsilon=6.59981e-316
gpsVolume=0
mQualEpsilon=0.015495
mQualVolume=0.00060267
new_planned_energy=37.4868
