gpsEpsilon=22.2656
gpsVolume=25.7896
mQualEpsilon=0.000670003
mQualVolume=0.000945176
new_planned_energy=83.984
