gpsEpsilon=29.3578
gpsVolume=24.8624
mQualEpsilon=0.0237534
mQualVolume=0.00101265
new_planned_energy=83.8427
