gpsEpsilon=15.199
gpsVolume=29.3578
mQualEpsilon=0.00455522
mQualVolume=0.00277658
new_planned_energy=89.1589
