gpsEpsilon=27.3058
gpsVolume=15.7913
mQualEpsilon=0.00324827
mQualVolume=0.00266271
new_planned_energy=53.3509
