gpsEpsilon=25.4549
gpsVolume=29.8709
mQualEpsilon=0.00601792
mQualVolume=6.72241e-05
new_planned_energy=75.8343
