gpsEpsilon=24.2284
gpsVolume=24.0817
mQualEpsilon=0.000758287
mQualVolume=0.00132135
new_planned_energy=68.7487
