gpsEpsilon=25.9878
gpsVolume=25.7782
mQualEpsilon=0.0156784
mQualVolume=0.000341394
new_planned_energy=117.413
