epsilon_quality=0.0439227
volume_quality=0.00900652
