epsilon_quality=0.048109
volume_quality=0.024709
