epsilon_quality=0.0315479
volume_quality=0.00302337
