epsilon_quality=0.202141
volume_quality=0.583218
