epsilon_quality=0.217829
volume_quality=0.651666
