epsilon_quality=0.147864
volume_quality=0.580383
