epsilon_quality=0.306577
volume_quality=0.821734
