epsilon_quality=0.131822
volume_quality=0.256181
