epsilon_quality=0.226933
volume_quality=0.454512
