epsilon_quality=0.184502
volume_quality=0.238918
