epsilon_quality=0.203255
volume_quality=0.428382
