epsilon_quality=0.135299
volume_quality=0.200366
