epsilon_quality=0.15174
volume_quality=0.75919
