epsilon_quality=0.0882149
volume_quality=0.103522
