epsilon_quality=0.0420658
volume_quality=0.218386
