epsilon_quality=0.0426352
volume_quality=0.00871323
