epsilon_quality=0.0483201
volume_quality=0.0321673
