epsilon_quality=0.0977898
volume_quality=0.118633
