epsilon_quality=0.00095633
volume_quality=0.0212026
