epsilon_quality=0.0732672
volume_quality=0.0410031
