epsilon_quality=0.0661962
volume_quality=0.0661542
