epsilon_quality=0.0892447
volume_quality=0.137111
