epsilon_quality=0.225391
volume_quality=0.415747
