epsilon_quality=0.222306
volume_quality=0.731004
