epsilon_quality=0.121197
volume_quality=0.694086
