epsilon_quality=0.0290454
volume_quality=0.0325048
