epsilon_quality=0.00454635
volume_quality=0.0258509
