gpsEpsilon=100.755
gpsVolume=90.6518
mQualEpsilon=0.0180395
mQualVolume=0.0028812
new_planned_energy=37.4082
