gpsEpsilon=100.755
gpsVolume=90.6518
mQualEpsilon=0.95398
mQualVolume=22.5858
new_planned_energy=-0.95398
