gpsEpsilon=86.7694
gpsVolume=19.6538
mQualEpsilon=0.0259365
mQualVolume=0.00220275
new_planned_energy=49.5493
