gpsEpsilon=107.042
gpsVolume=70.2719
mQualEpsilon=0.0162824
mQualVolume=0.00053361
new_planned_energy=67.0648
