gpsEpsilon=81.2137
gpsVolume=94.5916
mQualEpsilon=0.026935
mQualVolume=0.00777197
new_planned_energy=31.3449
