gpsEpsilon=100.238
gpsVolume=94.5916
mQualEpsilon=0.0207273
mQualVolume=0.00568796
new_planned_energy=64.2502
