gpsEpsilon=0
gpsVolume=0
mQualEpsilon=0.0699579
mQualVolume=0.011584
new_planned_energy=30.9538
