gpsEpsilon=0
gpsVolume=0
mQualEpsilon=0.0495229
mQualVolume=0.0145223
new_planned_energy=31.9469
