gpsEpsilon=1.74737e-315
gpsVolume=1.96885e-315
mQualEpsilon=0.00959776
mQualVolume=0.00123826
new_planned_energy=89.4318
