gpsEpsilon=1.89111e-315
gpsVolume=3.10805e-316
mQualEpsilon=0.0247799
mQualVolume=0.00339537
new_planned_energy=25.8616
