gpsEpsilon=1.80462e-315
gpsVolume=1.85336e-315
mQualEpsilon=0.0088815
mQualVolume=0.00431231
new_planned_energy=98.8301
