gpsEpsilon=85.945
gpsVolume=22.5385
mQualEpsilon=0.00596719
mQualVolume=0.00232212
new_planned_energy=28.1056
