epsilon_quality=0.0372761
volume_quality=0.0214873
