epsilon_quality=0.00187253
volume_quality=0.00312482
