epsilon_quality=0.146427
volume_quality=0.240442
