epsilon_quality=0.076624
volume_quality=0.0630339
