epsilon_quality=0.135724
volume_quality=0.24136
