epsilon_quality=0.0995426
volume_quality=0.10874
