epsilon_quality=0.0776166
volume_quality=0.161838
