epsilon_quality=0.062619
volume_quality=0.0619407
