epsilon_quality=0.0766605
volume_quality=0.121529
