epsilon_quality=0.0563127
volume_quality=0.0378593
