epsilon_quality=0.0470263
volume_quality=0.249212
