epsilon_quality=0.0662841
volume_quality=0.12059
