epsilon_quality=3.61039e-17
volume_quality=0.0717273
