epsilon_quality=0.178674
volume_quality=0.356877
