epsilon_quality=0.112503
volume_quality=0.38461
