epsilon_quality=0.0309544
volume_quality=0.0277982
