epsilon_quality=0.106057
volume_quality=0.167827
