epsilon_quality=0.0733471
volume_quality=0.0315976
