epsilon_quality=0.0358468
volume_quality=0.00469238
