epsilon_quality=0.0654156
volume_quality=0.120952
