epsilon_quality=0.0144737
volume_quality=0.298302
