epsilon_quality=0.0253264
volume_quality=0.0285511
