epsilon_quality=0.0230445
volume_quality=0.0418987
