epsilon_quality=0.0554044
volume_quality=0.0235018
