epsilon_quality=0.0528938
volume_quality=0.0587775
