epsilon_quality=0.0620786
volume_quality=0.0280005
