epsilon_quality=0.111275
volume_quality=0.187631
