epsilon_quality=0.115764
volume_quality=0.0783112
