epsilon_quality=0.0283319
volume_quality=0.151144
