epsilon_quality=0.0832102
volume_quality=0.569104
