gpsEpsilon=-0.0177376
gpsVolume=-0.947418
mQualEpsilon=-1
mQualVolume=0.000264091
new_planned_energy=68.6028
