gpsEpsilon=-0.251921
gpsVolume=-0.149407
mQualEpsilon=0.00284153
mQualVolume=0.00016097
new_planned_energy=42.7337
