gpsEpsilon=-0.364721
gpsVolume=-0.569493
mQualEpsilon=0.0132722
mQualVolume=0.00491694
new_planned_energy=38.74
