gpsEpsilon=-0.364721
gpsVolume=-0.569493
mQualEpsilon=0.82981
mQualVolume=40.9723
new_planned_energy=37.6019
