gpsEpsilon=0.273819
gpsVolume=0.701353
mQualEpsilon=0.0215806
mQualVolume=0.000991515
new_planned_energy=78.1571
