gpsEpsilon=-0.681708
gpsVolume=-0.0249219
mQualEpsilon=0.0430362
mQualVolume=0.00701183
new_planned_energy=20.7166
