gpsEpsilon=-0.402361
gpsVolume=-0.750665
mQualEpsilon=0.0180648
mQualVolume=0.00518702
new_planned_energy=83.8375
