gpsEpsilon=1.75376e-315
gpsVolume=0
mQualEpsilon=-1
mQualVolume=0.00119931
new_planned_energy=55.2702
