gpsEpsilon=0
gpsVolume=2.42092e-322
mQualEpsilon=0.029504
mQualVolume=0.00758423
new_planned_energy=81.9768
