gpsEpsilon=0
gpsVolume=0
mQualEpsilon=0.093956
mQualVolume=0.0154933
new_planned_energy=48.3049
