gpsEpsilon=0.867654
gpsVolume=0.0750901
mQualEpsilon=-1
mQualVolume=0.0151891
new_planned_energy=80.1122
