gpsEpsilon=-0.113905
gpsVolume=-0.651802
mQualEpsilon=0.0447071
mQualVolume=0.00562489
new_planned_energy=91.0569
