gpsEpsilon=0.39382
gpsVolume=0.692806
mQualEpsilon=0.0111479
mQualVolume=0.0188442
new_planned_energy=20.8583
