gpsEpsilon=-0.29602
gpsVolume=-0.644984
mQualEpsilon=-1
mQualVolume=0.000533354
new_planned_energy=56.5668
