epsilon_quality=0.0529333
volume_quality=0.0156078
