epsilon_quality=0.110792
volume_quality=0.222133
