epsilon_quality=0.0273623
volume_quality=0.00769042
