epsilon_quality=0.0313817
volume_quality=0.00158443
