epsilon_quality=0.0065004
volume_quality=0.0205447
