epsilon_quality=0.0658148
volume_quality=0.0596463
