epsilon_quality=0.0792281
volume_quality=0.0616806
