epsilon_quality=0.137352
volume_quality=0.200814
