epsilon_quality=0.238349
volume_quality=0.802772
