epsilon_quality=0.136022
volume_quality=0.394915
