epsilon_quality=0.124987
volume_quality=0.479303
