gpsEpsilon=201.728
gpsVolume=152.718
mQualEpsilon=1.75579
mQualVolume=57.3656
new_planned_energy=-1.75579
