gpsEpsilon=201.728
gpsVolume=152.718
mQualEpsilon=1.77506
mQualVolume=57.1213
new_planned_energy=-1.77506
