gpsEpsilon=201.728
gpsVolume=152.718
mQualEpsilon=1.70875
mQualVolume=56.1231
new_planned_energy=-1.70875
