gpsEpsilon=201.728
gpsVolume=152.718
mQualEpsilon=1.65766
mQualVolume=55.8363
new_planned_energy=-1.65766
