gpsEpsilon=201.728
gpsVolume=152.718
mQualEpsilon=1.72239
mQualVolume=56.69
new_planned_energy=-1.72239
