gpsEpsilon=127.947
gpsVolume=152.691
mQualEpsilon=0.040694
mQualVolume=0.0220718
new_planned_energy=24.3141
