gpsEpsilon=0.752926
gpsVolume=0.189883
mQualEpsilon=-1
mQualVolume=0.00151407
new_planned_energy=22.0064
