gpsEpsilon=112.501
gpsVolume=198.203
mQualEpsilon=0.0141547
mQualVolume=0.0105578
new_planned_energy=36.9938
