gpsEpsilon=56.2336
gpsVolume=141.348
mQualEpsilon=1.29615
mQualVolume=47.1273
new_planned_energy=-1.29615
