gpsEpsilon=56.2336
gpsVolume=141.348
mQualEpsilon=1.52107
mQualVolume=50.2976
new_planned_energy=-1.52107
