gpsEpsilon=56.2336
gpsVolume=141.348
mQualEpsilon=1.42852
mQualVolume=49.8798
new_planned_energy=-1.42852
