gpsEpsilon=45.3766
gpsVolume=215.709
mQualEpsilon=1.78249
mQualVolume=51.5886
new_planned_energy=-1.78249
