gpsEpsilon=45.3766
gpsVolume=215.709
mQualEpsilon=1.86609
mQualVolume=52.268
new_planned_energy=-1.86609
