gpsEpsilon=45.3766
gpsVolume=215.709
mQualEpsilon=1.84946
mQualVolume=52.7855
new_planned_energy=-1.84946
