gpsEpsilon=45.3766
gpsVolume=215.709
mQualEpsilon=1.85645
mQualVolume=51.7461
new_planned_energy=-1.85645
