gpsEpsilon=45.3766
gpsVolume=215.709
mQualEpsilon=1.87295
mQualVolume=52.4185
new_planned_energy=-1.87295
