gpsEpsilon=31.6654
gpsVolume=187.767
mQualEpsilon=0.0189317
mQualVolume=0.0164633
new_planned_energy=52.7392
