gpsEpsilon=93.3381
gpsVolume=235.105
mQualEpsilon=1.57128
mQualVolume=50.5073
new_planned_energy=-1.57128
