gpsEpsilon=93.3381
gpsVolume=235.105
mQualEpsilon=1.70815
mQualVolume=51.2705
new_planned_energy=-1.70815
