gpsEpsilon=93.3381
gpsVolume=235.105
mQualEpsilon=1.46023
mQualVolume=49.3783
new_planned_energy=-1.46023
