gpsEpsilon=93.3381
gpsVolume=235.105
mQualEpsilon=1.69762
mQualVolume=51.8919
new_planned_energy=-1.69762
