epsilon_quality=0.0366352
volume_quality=0.00218351
