epsilon_quality=0.182294
volume_quality=0.507513
