epsilon_quality=0.111748
volume_quality=0.210688
