epsilon_quality=0.0611527
volume_quality=0.0716703
