epsilon_quality=0.0559308
volume_quality=0.0308945
