epsilon_quality=0.100105
volume_quality=0.0704604
