epsilon_quality=0.0271323
volume_quality=0.102104
