epsilon_quality=0.0751388
volume_quality=0.118263
