epsilon_quality=0.0465688
volume_quality=0.133728
