epsilon_quality=0.165242
volume_quality=0.386384
