epsilon_quality=0.171201
volume_quality=0.316296
