epsilon_quality=0.062583
volume_quality=0.0461812
