epsilon_quality=0.102496
volume_quality=0.0624035
