epsilon_quality=0.0482616
volume_quality=0.0411591
