epsilon_quality=0.0356459
volume_quality=0.00831034
