epsilon_quality=0.198754
volume_quality=0.909866
