epsilon_quality=0.186863
volume_quality=0.220849
