epsilon_quality=0.0636745
volume_quality=0.138331
