epsilon_quality=0.10046
volume_quality=0.0358629
