epsilon_quality=0.197656
volume_quality=0.585572
