epsilon_quality=0.333228
volume_quality=1.46808
