epsilon_quality=0.144109
volume_quality=0.0627756
