epsilon_quality=0.111292
volume_quality=0.0676276
