epsilon_quality=0.130478
volume_quality=0.601868
