epsilon_quality=0.246659
volume_quality=0.665659
