epsilon_quality=0.0631823
volume_quality=0.199447
