epsilon_quality=0.0680398
volume_quality=0.0523118
