epsilon_quality=0.0964881
volume_quality=0.0452305
