epsilon_quality=0.075295
volume_quality=0.427609
