epsilon_quality=0.0932368
volume_quality=0.111008
