epsilon_quality=0.210929
volume_quality=1.03154
