epsilon_quality=0.381466
volume_quality=1.50045
