epsilon_quality=0.357013
volume_quality=1.37285
