epsilon_quality=0.0985514
volume_quality=0.19186
