epsilon_quality=0.12759
volume_quality=0.0699696
