epsilon_quality=0.202182
volume_quality=0.29598
