epsilon_quality=0.0838306
volume_quality=0.202538
