epsilon_quality=0.136299
volume_quality=0.214337
