epsilon_quality=0.00479991
volume_quality=0.000412933
