epsilon_quality=0.225609
volume_quality=1.44772
