epsilon_quality=0.0690455
volume_quality=0.657945
