epsilon_quality=0.0258221
volume_quality=0.0236868
