epsilon_quality=0.0572664
volume_quality=0.00736423
