epsilon_quality=0.0318906
volume_quality=0.00773145
