epsilon_quality=0.171877
volume_quality=0.311571
