epsilon_quality=0.0512785
volume_quality=0.0387525
