epsilon_quality=0.125038
volume_quality=0.229872
