epsilon_quality=0.0342359
volume_quality=0.27998
