epsilon_quality=0.0983891
volume_quality=0.0393316
