epsilon_quality=0.0789038
volume_quality=0.0165396
