epsilon_quality=0.04722
volume_quality=0.0132215
