epsilon_quality=0.112911
volume_quality=0.0809374
