epsilon_quality=0.0834721
volume_quality=0.0595586
