epsilon_quality=0.215567
volume_quality=1.77365
