epsilon_quality=0.0506424
volume_quality=0.048504
