epsilon_quality=0.0887134
volume_quality=0.134671
