epsilon_quality=0.0537859
volume_quality=0.0543463
