epsilon_quality=0.0597118
volume_quality=0.0870035
