epsilon_quality=4.85723e-17
volume_quality=0.111893
