epsilon_quality=0.145633
volume_quality=0.193637
