epsilon_quality=0.0987175
volume_quality=0.143806
