epsilon_quality=0.122113
volume_quality=0.118822
