epsilon_quality=0.0429887
volume_quality=0.107245
