epsilon_quality=0.183831
volume_quality=0.354091
