epsilon_quality=0.0650342
volume_quality=0.117239
