epsilon_quality=0.0761805
volume_quality=0.339603
