epsilon_quality=0.00906804
volume_quality=0.00391438
