epsilon_quality=0.0321496
volume_quality=0.0127613
