epsilon_quality=0.0407018
volume_quality=0.0351039
