epsilon_quality=0.0203713
volume_quality=0.0156526
