epsilon_quality=0.129096
volume_quality=0.33032
