epsilon_quality=0.231534
volume_quality=0.536817
