epsilon_quality=0.141345
volume_quality=0.128781
