epsilon_quality=0.152603
volume_quality=0.933011
