gpsEpsilon=79.1238
gpsVolume=94.4029
mQualEpsilon=0.0130209
mQualVolume=0.0295325
new_planned_energy=50.2795
