gpsEpsilon=113.669
gpsVolume=99.2947
mQualEpsilon=0.000686382
mQualVolume=0.00305252
new_planned_energy=65.4602
