gpsEpsilon=111.404
gpsVolume=104.307
mQualEpsilon=0.0533875
mQualVolume=0.0137242
new_planned_energy=59.1052
