gpsEpsilon=111.404
gpsVolume=108.354
mQualEpsilon=0.0723765
mQualVolume=0.01449
new_planned_energy=63.8349
