gpsEpsilon=35.9126
gpsVolume=85.9782
mQualEpsilon=0.00358514
mQualVolume=2.17919e-05
new_planned_energy=107.253
