gpsEpsilon=62.1533
gpsVolume=105.062
mQualEpsilon=0.0335355
mQualVolume=0.0239026
new_planned_energy=71.2775
