gpsEpsilon=57.9559
gpsVolume=106.421
mQualEpsilon=0.00232034
mQualVolume=0.00220042
new_planned_energy=95.5722
