gpsEpsilon=60.2811
gpsVolume=108.052
mQualEpsilon=0.0152938
mQualVolume=0.00102392
new_planned_energy=48.5322
