gpsEpsilon=60.402
gpsVolume=112.37
mQualEpsilon=0.0294304
mQualVolume=0.0264014
new_planned_energy=52.5351
