gpsEpsilon=76.5873
gpsVolume=93.8593
mQualEpsilon=0.0967275
mQualVolume=0.018231
new_planned_energy=87.584
