epsilon_quality=0.112014
volume_quality=0.123006
