epsilon_quality=0.117153
volume_quality=0.191301
