epsilon_quality=0.161782
volume_quality=0.0733776
