epsilon_quality=0.105302
volume_quality=0.0579379
