epsilon_quality=0.0463003
volume_quality=0.00749306
