epsilon_quality=0.167049
volume_quality=0.359886
