epsilon_quality=0.167054
volume_quality=0.475196
