epsilon_quality=0.165499
volume_quality=0.303723
