epsilon_quality=0.00222732
volume_quality=0.0440452
