epsilon_quality=0.0663293
volume_quality=0.153791
