epsilon_quality=0.162508
volume_quality=0.823348
