gpsEpsilon=40.4543
gpsVolume=123.584
mQualEpsilon=0.0245483
mQualVolume=0.00311905
new_planned_energy=76.2487
