gpsEpsilon=65.4528
gpsVolume=139.435
mQualEpsilon=0.0278697
mQualVolume=0.0772397
new_planned_energy=46.6419
