gpsEpsilon=67.0225
gpsVolume=247.65
mQualEpsilon=0.0109861
mQualVolume=0.00789345
new_planned_energy=53.1009
