gpsEpsilon=65.6405
gpsVolume=212.208
mQualEpsilon=0.0512998
mQualVolume=0.0170614
new_planned_energy=32.5752
