gpsEpsilon=65.8998
gpsVolume=138.484
mQualEpsilon=0.0336343
mQualVolume=0.00422021
new_planned_energy=59.6796
