gpsEpsilon=47.2036
gpsVolume=127.009
mQualEpsilon=0.0382997
mQualVolume=0.00386998
new_planned_energy=31.518
