epsilon_quality=0.0495285
volume_quality=0.119519
