epsilon_quality=0.00423487
volume_quality=0.124056
