epsilon_quality=0.0087525
volume_quality=0.023357
