epsilon_quality=0.148799
volume_quality=0.213553
