epsilon_quality=0.148226
volume_quality=0.209019
