epsilon_quality=0.149017
volume_quality=0.254087
