epsilon_quality=0.0569025
volume_quality=0.312214
