epsilon_quality=0.154992
volume_quality=1.28455
