epsilon_quality=0.150038
volume_quality=0.98537
