epsilon_quality=0.124471
volume_quality=1.34847
