epsilon_quality=0.0297122
volume_quality=0.0136704
