epsilon_quality=0.0232198
volume_quality=0.0175926
