epsilon_quality=0.185545
volume_quality=0.25712
