epsilon_quality=0.233408
volume_quality=0.538956
