epsilon_quality=0.0837737
volume_quality=0.0186968
