epsilon_quality=0.172428
volume_quality=0.442567
