epsilon_quality=0.140101
volume_quality=0.519039
