epsilon_quality=0.151488
volume_quality=0.292758
