gpsEpsilon=132.21
gpsVolume=53.5668
mQualEpsilon=0.019005
mQualVolume=0.00823098
new_planned_energy=67.0775
