gpsEpsilon=127.349
gpsVolume=95.1586
mQualEpsilon=0.0592481
mQualVolume=0.00853455
new_planned_energy=37.7031
