gpsEpsilon=75.9673
gpsVolume=42.9092
mQualEpsilon=0.0479185
mQualVolume=0.00873091
new_planned_energy=38.1599
