gpsEpsilon=71.0971
gpsVolume=48.103
mQualEpsilon=0.0700989
mQualVolume=0.00601207
new_planned_energy=80.3221
