gpsEpsilon=16.9255
gpsVolume=33.2052
mQualEpsilon=0.0461437
mQualVolume=0.00163356
new_planned_energy=72.6456
