gpsEpsilon=26.927
gpsVolume=26.9677
mQualEpsilon=0.0417492
mQualVolume=0.000876377
new_planned_energy=73.1886
