gpsEpsilon=2.57923e-316
gpsVolume=0
mQualEpsilon=0.020216
mQualVolume=0.000474323
new_planned_energy=63.9432
