gpsEpsilon=-0.623644
gpsVolume=-0.0860215
mQualEpsilon=0.0152246
mQualVolume=0.000434477
new_planned_energy=51.2459
