gpsEpsilon=-0.183651
gpsVolume=-0.891712
mQualEpsilon=0.0179044
mQualVolume=0.000229177
new_planned_energy=71.6352
