gpsEpsilon=0.0584489
gpsVolume=0.69895
mQualEpsilon=-1
mQualVolume=0.00024653
new_planned_energy=69.0634
