gpsEpsilon=0.308414
gpsVolume=0.866275
mQualEpsilon=0.0261242
mQualVolume=0.00519536
new_planned_energy=47.2655
