gpsEpsilon=0.750493
gpsVolume=2.42092e-322
mQualEpsilon=0.0521093
mQualVolume=0.00440139
new_planned_energy=43.5738
