gpsEpsilon=126.593
gpsVolume=95.1586
mQualEpsilon=0.0690302
mQualVolume=0.00505593
new_planned_energy=41.8811
