gpsEpsilon=121.033
gpsVolume=58.6334
mQualEpsilon=0.0128635
mQualVolume=0.00137288
new_planned_energy=49.2092
