gpsEpsilon=110.667
gpsVolume=53.5668
mQualEpsilon=0.0238482
mQualVolume=0.00050699
new_planned_energy=38.6865
