epsilon_quality=0.0384858
volume_quality=0.00146824
