epsilon_quality=0.0374592
volume_quality=0.00157393
