epsilon_quality=0.0870404
volume_quality=0.0589885
