epsilon_quality=0.119905
volume_quality=0.0640497
