epsilon_quality=0.0860596
volume_quality=0.0802761
