epsilon_quality=0.131798
volume_quality=0.128314
