epsilon_quality=0.115265
volume_quality=0.292234
