epsilon_quality=0.230295
volume_quality=0.702403
