epsilon_quality=0.114589
volume_quality=0.307731
