gpsEpsilon=1.17917e-315
gpsVolume=137.956
mQualEpsilon=-1
mQualVolume=0.001898
new_planned_energy=78.363
