gpsEpsilon=207.005
gpsVolume=83.7557
mQualEpsilon=0.0550871
mQualVolume=0.00325539
new_planned_energy=52.9646
