gpsEpsilon=206.284
gpsVolume=90.4956
mQualEpsilon=0.0950725
mQualVolume=0.0245852
new_planned_energy=45.4103
