gpsEpsilon=181.323
gpsVolume=93.8202
mQualEpsilon=0.0731688
mQualVolume=0.0048692
new_planned_energy=58.5221
