gpsEpsilon=181.473
gpsVolume=91.9099
mQualEpsilon=0.0563095
mQualVolume=0.0112683
new_planned_energy=36.5843
