gpsEpsilon=181.473
gpsVolume=91.9099
mQualEpsilon=1.66197
mQualVolume=54.4351
new_planned_energy=9.53006
