gpsEpsilon=181.283
gpsVolume=92.7077
mQualEpsilon=0.0137373
mQualVolume=0.00118063
new_planned_energy=32.7079
