gpsEpsilon=0
gpsVolume=0
mQualEpsilon=0.00475543
mQualVolume=0.0090021
new_planned_energy=42.6471
