gpsEpsilon=1.27859e-315
gpsVolume=6.95335e-310
mQualEpsilon=0.158339
mQualVolume=0.0469558
new_planned_energy=56.8355
