gpsEpsilon=1.28675e-315
gpsVolume=6.95335e-310
mQualEpsilon=-1
mQualVolume=0.00185447
new_planned_energy=38.6682
