gpsEpsilon=-0.572564
gpsVolume=-0.323502
mQualEpsilon=0.0138381
mQualVolume=0.00150638
new_planned_energy=49.6744
