gpsEpsilon=4.83815e-312
gpsVolume=-nan
mQualEpsilon=-1
mQualVolume=0.000317952
new_planned_energy=72.4865
