gpsEpsilon=0
gpsVolume=0.0078125
mQualEpsilon=0.00190321
mQualVolume=0.00384176
new_planned_energy=33.1664
