gpsEpsilon=-0.000156812
gpsVolume=1.58541e-314
mQualEpsilon=0.0946196
mQualVolume=0.0169636
new_planned_energy=52.2065
