gpsEpsilon=1.13742e-315
gpsVolume=0
mQualEpsilon=0.061159
mQualVolume=0.030894
new_planned_energy=68.0664
