epsilon_quality=0.0906817
volume_quality=0.236242
