epsilon_quality=0.0322328
volume_quality=0.0778994
