epsilon_quality=0.0215402
volume_quality=0.0106025
