epsilon_quality=0.0308743
volume_quality=0.00370857
