epsilon_quality=0.0892877
volume_quality=0.266052
