epsilon_quality=0.0400801
volume_quality=0.0457888
