epsilon_quality=0.0612664
volume_quality=0.0529453
