epsilon_quality=0.0848691
volume_quality=0.039126
