epsilon_quality=0.057434
volume_quality=0.0295471
