epsilon_quality=0.0560685
volume_quality=0.0356576
