epsilon_quality=0.114024
volume_quality=0.116599
