epsilon_quality=0.14077
volume_quality=0.157672
