epsilon_quality=0.218898
volume_quality=0.747038
