epsilon_quality=0.0863182
volume_quality=0.128423
