epsilon_quality=0.0184187
volume_quality=0.0102138
