epsilon_quality=0.215403
volume_quality=0.366865
