epsilon_quality=0.153743
volume_quality=0.903818
