epsilon_quality=0.132317
volume_quality=0.683523
