epsilon_quality=0.14177
volume_quality=0.142014
