epsilon_quality=0.0634517
volume_quality=0.0266505
