epsilon_quality=0.119116
volume_quality=0.0635906
