epsilon_quality=0.0108053
volume_quality=0.0030957
