epsilon_quality=0.156925
volume_quality=0.237132
