epsilon_quality=0.190519
volume_quality=0.961879
