epsilon_quality=0.114341
volume_quality=0.440601
