epsilon_quality=0.0401523
volume_quality=0.00191575
