epsilon_quality=0.0310214
volume_quality=0.00838187
