epsilon_quality=0.0783377
volume_quality=0.0419949
