epsilon_quality=0.234961
volume_quality=0.165461
