epsilon_quality=0.123119
volume_quality=0.284364
