epsilon_quality=0.111407
volume_quality=0.128546
