epsilon_quality=0.117183
volume_quality=1.25711
