epsilon_quality=0.221481
volume_quality=0.329483
