epsilon_quality=0.0603433
volume_quality=0.0307244
