epsilon_quality=0.0104383
volume_quality=0.0982596
