epsilon_quality=0.0354704
volume_quality=0.19322
