epsilon_quality=0.0388598
volume_quality=0.0430172
