epsilon_quality=0.0413987
volume_quality=0.229135
