epsilon_quality=0.00726337
volume_quality=0.0322167
