epsilon_quality=0.0470989
volume_quality=0.0151777
