epsilon_quality=0.0422776
volume_quality=0.00676691
