epsilon_quality=0.0795527
volume_quality=0.0521556
