epsilon_quality=0.0485356
volume_quality=0.00918369
