epsilon_quality=0.0689984
volume_quality=0.0982121
