epsilon_quality=0.0424676
volume_quality=0.0168188
