epsilon_quality=0.105799
volume_quality=0.0783062
