epsilon_quality=0.0823366
volume_quality=0.0580283
