epsilon_quality=0.0116448
volume_quality=0.00628918
