epsilon_quality=0.115938
volume_quality=0.242755
