epsilon_quality=0.198756
volume_quality=0.264644
