epsilon_quality=0.045472
volume_quality=0.00731373
