epsilon_quality=0.0410192
volume_quality=0.0121274
