epsilon_quality=0.0303845
volume_quality=0.0280194
