epsilon_quality=0.0354539
volume_quality=0.003448
