epsilon_quality=0.0650235
volume_quality=0.0276218
