epsilon_quality=0.0523233
volume_quality=0.0508132
