epsilon_quality=0.0729408
volume_quality=0.151185
