epsilon_quality=0.105225
volume_quality=0.101222
