epsilon_quality=0.102006
volume_quality=0.0905816
