epsilon_quality=0.155013
volume_quality=0.505989
