epsilon_quality=0.0603168
volume_quality=0.0128569
