epsilon_quality=0.0244967
volume_quality=0.0191445
