epsilon_quality=0.0430622
volume_quality=0.00821178
