epsilon_quality=0.0740669
volume_quality=0.0641985
