epsilon_quality=0.0655582
volume_quality=0.0404994
