epsilon_quality=0.182729
volume_quality=0.292361
