epsilon_quality=0.133964
volume_quality=0.0879169
