epsilon_quality=0.043248
volume_quality=0.0271869
