epsilon_quality=0.0460015
volume_quality=0.0180561
