epsilon_quality=0.0119645
volume_quality=0.00208876
