epsilon_quality=0.108566
volume_quality=0.223377
