epsilon_quality=0.209813
volume_quality=0.445048
