epsilon_quality=0.170077
volume_quality=0.339017
