epsilon_quality=0.172443
volume_quality=0.699512
