epsilon_quality=0.0240491
volume_quality=0.0123059
