epsilon_quality=0.118307
volume_quality=0.346288
