epsilon_quality=0.0270057
volume_quality=0.0178131
