epsilon_quality=0.0337113
volume_quality=0.0212266
