epsilon_quality=0.0894146
volume_quality=0.0238055
