epsilon_quality=0.100527
volume_quality=0.182404
