epsilon_quality=0.127974
volume_quality=0.0832481
