epsilon_quality=0.120416
volume_quality=0.595391
