epsilon_quality=0.126973
volume_quality=0.141161
