epsilon_quality=0.131923
volume_quality=0.0959709
