epsilon_quality=0.0326361
volume_quality=0.0100089
