epsilon_quality=0.102473
volume_quality=0.0997338
