epsilon_quality=0.116905
volume_quality=0.281287
