epsilon_quality=0.393299
volume_quality=1.30655
