epsilon_quality=0.0621247
volume_quality=0.0743536
