epsilon_quality=0.350437
volume_quality=0.852337
