epsilon_quality=0.0768696
volume_quality=0.167217
