epsilon_quality=0.0560175
volume_quality=0.0596275
