epsilon_quality=0.28251
volume_quality=3.48669
