epsilon_quality=0.106205
volume_quality=2.30245
