epsilon_quality=0.641785
volume_quality=9.11321
