epsilon_quality=0.147183
volume_quality=0.408122
