epsilon_quality=0.152861
volume_quality=0.838105
