epsilon_quality=0.127215
volume_quality=0.552986
