epsilon_quality=0.124224
volume_quality=0.352661
