epsilon_quality=0.0906506
volume_quality=0.103493
