epsilon_quality=0.0723772
volume_quality=0.103818
