epsilon_quality=0.0143716
volume_quality=0.105696
