epsilon_quality=0.14389
volume_quality=0.700919
