epsilon_quality=0.108971
volume_quality=0.0352437
