epsilon_quality=0.117232
volume_quality=0.220283
