epsilon_quality=0.0334235
volume_quality=0.0337834
