gpsEpsilon=10.7301
gpsVolume=-4.57096
mQualEpsilon=0.00280101
mQualVolume=0.000133101
new_planned_energy=71.8316
