gpsEpsilon=1.34902e-316
gpsVolume=6.95335e-310
mQualEpsilon=0.0300256
mQualVolume=0.00239186
new_planned_energy=30.0007
