gpsEpsilon=2.42792e-316
gpsVolume=0
mQualEpsilon=-1
mQualVolume=0.00389134
new_planned_energy=59.3809
