gpsEpsilon=13.7884
gpsVolume=-4.16906
mQualEpsilon=-1
mQualVolume=0.000575079
new_planned_energy=28.9276
