gpsEpsilon=10.7301
gpsVolume=-4.57096
mQualEpsilon=0.0635209
mQualVolume=0.00663171
new_planned_energy=29.1824
