gpsEpsilon=3.93328e-62
gpsVolume=2.0019e-76
mQualEpsilon=-1
mQualVolume=0.00389134
new_planned_energy=47.6984
