gpsEpsilon=2.37875e-316
gpsVolume=6.95335e-310
mQualEpsilon=0.00943503
mQualVolume=0.00797972
new_planned_energy=23.8838
