gpsEpsilon=0
gpsVolume=0
mQualEpsilon=0.0935897
mQualVolume=0.00515712
new_planned_energy=36.7215
