gpsEpsilon=0
gpsVolume=0
mQualEpsilon=0.0140616
mQualVolume=0.00375045
new_planned_energy=59.5124
