gpsEpsilon=0
gpsVolume=0
mQualEpsilon=0.0778389
mQualVolume=0.00623639
new_planned_energy=42.3131
