gpsEpsilon=0.889112
gpsVolume=9.84152
mQualEpsilon=0.0232522
mQualVolume=0.0309187
new_planned_energy=32.8637
