gpsEpsilon=0
gpsVolume=125.857
mQualEpsilon=0.00280101
mQualVolume=0.000133101
new_planned_energy=62.5317
