gpsEpsilon=0
gpsVolume=128.754
mQualEpsilon=0.0164324
mQualVolume=0.00303009
new_planned_energy=48.1585
