epsilon_quality=0.00427167
volume_quality=0.0375963
