epsilon_quality=0.00291227
volume_quality=0.0101571
