epsilon_quality=0.0999058
volume_quality=0.0728975
