epsilon_quality=0.0371372
volume_quality=0.0580167
