epsilon_quality=0.0452444
volume_quality=0.0654183
