epsilon_quality=0.0332464
volume_quality=0.0150003
