epsilon_quality=0.0218084
volume_quality=0.0279977
