epsilon_quality=0.0614595
volume_quality=0.234495
