epsilon_quality=0.0554103
volume_quality=0.0417792
