epsilon_quality=0.0316054
volume_quality=0.0178516
