epsilon_quality=0.119852
volume_quality=0.148357
