epsilon_quality=0.11885
volume_quality=0.077424
