epsilon_quality=0.114262
volume_quality=0.386668
