epsilon_quality=0.0280382
volume_quality=0.0617716
