epsilon_quality=0.0593327
volume_quality=0.148364
