epsilon_quality=0.116799
volume_quality=0.0870114
