epsilon_quality=0.131698
volume_quality=0.0877741
