epsilon_quality=0.418472
volume_quality=3.13493
