epsilon_quality=0.103008
volume_quality=0.624136
