epsilon_quality=0.183516
volume_quality=0.36045
