epsilon_quality=0.0190374
volume_quality=0.0212231
