epsilon_quality=0.0632373
volume_quality=0.130263
