epsilon_quality=0.116424
volume_quality=0.073222
