epsilon_quality=0.250065
volume_quality=0.684145
