gpsEpsilon=1.81497e-316
gpsVolume=1.35069e-316
mQualEpsilon=0.00439917
mQualVolume=8.49125e-05
new_planned_energy=101.333
