gpsEpsilon=0
gpsVolume=0
mQualEpsilon=0.0196571
mQualVolume=0.0147175
new_planned_energy=46.3201
