gpsEpsilon=9.74159
gpsVolume=-8.63368
mQualEpsilon=0.113845
mQualVolume=0.0281539
new_planned_energy=20.6057
