gpsEpsilon=0.36007
gpsVolume=3.91593
mQualEpsilon=0.0771455
mQualVolume=0.00857895
new_planned_energy=39.1859
