gpsEpsilon=64.1817
gpsVolume=47.9636
mQualEpsilon=0.140932
mQualVolume=0.0235607
new_planned_energy=58.405
