gpsEpsilon=62.9112
gpsVolume=39.3177
mQualEpsilon=0.0470906
mQualVolume=0.0179083
new_planned_energy=60.6252
