gpsEpsilon=2.57795e-316
gpsVolume=7.94801e-316
mQualEpsilon=0.0470135
mQualVolume=0.0105308
new_planned_energy=32.9303
