gpsEpsilon=0.424232
gpsVolume=-0.802237
mQualEpsilon=0.080135
mQualVolume=0.00815352
new_planned_energy=39.4206
