gpsEpsilon=4.81138e-316
gpsVolume=1.89033e-316
mQualEpsilon=-1
mQualVolume=0.00755299
new_planned_energy=55.9415
