gpsEpsilon=0
gpsVolume=0
mQualEpsilon=0.00267339
mQualVolume=0.0195005
new_planned_energy=49.4734
