gpsEpsilon=0
gpsVolume=0
mQualEpsilon=0.102225
mQualVolume=0.0202014
new_planned_energy=37.6191
