gpsEpsilon=0
gpsVolume=0
mQualEpsilon=0.0846049
mQualVolume=0.00830545
new_planned_energy=29.9835
