gpsEpsilon=2.31432e-316
gpsVolume=2.96028e-316
mQualEpsilon=0.0746376
mQualVolume=0.00784257
new_planned_energy=45.9504
