gpsEpsilon=6.05674e-316
gpsVolume=1.9791e-316
mQualEpsilon=0.0324737
mQualVolume=0.00636803
new_planned_energy=67.8289
