epsilon_quality=0.113939
volume_quality=0.125659
