epsilon_quality=0.137644
volume_quality=0.596597
