epsilon_quality=0.0805758
volume_quality=0.0992959
