epsilon_quality=0.0566608
volume_quality=0.0269388
