epsilon_quality=0.0198831
volume_quality=0.0994838
