epsilon_quality=0.0335521
volume_quality=0.0652359
