epsilon_quality=0.0486239
volume_quality=0.0559835
