epsilon_quality=0.0274997
volume_quality=0.0279655
