epsilon_quality=0.150285
volume_quality=0.681001
