epsilon_quality=0.166385
volume_quality=0.329706
