epsilon_quality=0.0906867
volume_quality=0.102904
