epsilon_quality=0.12544
volume_quality=0.41783
