epsilon_quality=0.171151
volume_quality=0.115594
