epsilon_quality=0.0830795
volume_quality=0.0358535
