epsilon_quality=0.00551726
volume_quality=0.023871
