epsilon_quality=0.0608822
volume_quality=0.0114445
