epsilon_quality=0.0736062
volume_quality=0.127599
