epsilon_quality=0.058771
volume_quality=0.0549466
