epsilon_quality=0.207123
volume_quality=0.895371
