epsilon_quality=0.143612
volume_quality=0.508955
