epsilon_quality=0.099437
volume_quality=0.0376147
