epsilon_quality=0.139248
volume_quality=0.0667912
