epsilon_quality=0.107362
volume_quality=0.0382359
