epsilon_quality=0.0598341
volume_quality=0.0761234
