epsilon_quality=0.0412612
volume_quality=0.0351952
