epsilon_quality=0.164353
volume_quality=0.167794
