epsilon_quality=0.118932
volume_quality=0.295206
