epsilon_quality=0.103095
volume_quality=0.114717
