epsilon_quality=0.0908176
volume_quality=0.0503798
