epsilon_quality=0.0595733
volume_quality=0.0305375
