epsilon_quality=0.0206785
volume_quality=0.0198513
