epsilon_quality=0.0593683
volume_quality=0.0304072
