epsilon_quality=0.15399
volume_quality=0.497207
