epsilon_quality=0.16261
volume_quality=0.502184
