epsilon_quality=0.114356
volume_quality=0.100243
