epsilon_quality=0.0717431
volume_quality=0.188106
