epsilon_quality=0.0273937
volume_quality=0.0023381
