epsilon_quality=0.183987
volume_quality=0.628748
