epsilon_quality=0.240466
volume_quality=0.838922
