epsilon_quality=0.109766
volume_quality=0.85545
