epsilon_quality=0.0241539
volume_quality=0.0489118
