epsilon_quality=0.149095
volume_quality=0.502388
