epsilon_quality=0.235617
volume_quality=0.440836
