epsilon_quality=0.13925
volume_quality=0.167271
