epsilon_quality=0.113695
volume_quality=0.148345
