epsilon_quality=0.0181388
volume_quality=0.0595862
