epsilon_quality=0.0324379
volume_quality=0.0119922
