epsilon_quality=0.0671252
volume_quality=0.0620468
