epsilon_quality=0.0693361
volume_quality=0.115914
