epsilon_quality=0.0194738
volume_quality=0.0871124
