epsilon_quality=0.210687
volume_quality=0.952273
