epsilon_quality=0.0566895
volume_quality=0.0803706
