epsilon_quality=0.210022
volume_quality=0.303138
