epsilon_quality=0.160413
volume_quality=0.181281
