epsilon_quality=0.117564
volume_quality=0.126109
