epsilon_quality=0.0678131
volume_quality=0.116857
