epsilon_quality=0.101681
volume_quality=0.298155
