epsilon_quality=0.118776
volume_quality=0.398157
