epsilon_quality=0.0962735
volume_quality=0.126738
