epsilon_quality=0.0994422
volume_quality=0.0373134
