epsilon_quality=0.0307678
volume_quality=0.0174807
