epsilon_quality=0.0579139
volume_quality=0.0112075
