epsilon_quality=0.0942009
volume_quality=0.0992023
