epsilon_quality=0.107433
volume_quality=0.0230633
