epsilon_quality=0.00789557
volume_quality=0.00419877
