epsilon_quality=0.0542124
volume_quality=0.0314802
