epsilon_quality=0.040661
volume_quality=0.00811915
