epsilon_quality=0.0929763
volume_quality=0.124333
