epsilon_quality=0.175603
volume_quality=0.251856
