epsilon_quality=0.036192
volume_quality=0.108319
