epsilon_quality=0.0589324
volume_quality=0.109193
