epsilon_quality=0.0996151
volume_quality=0.0808791
