epsilon_quality=0.103447
volume_quality=0.348254
