epsilon_quality=0.259495
volume_quality=0.892943
