epsilon_quality=0.0261682
volume_quality=0.00377425
