epsilon_quality=0.104224
volume_quality=0.105292
