epsilon_quality=0.226197
volume_quality=0.494431
