epsilon_quality=0.04933
volume_quality=0.0858383
