epsilon_quality=0.167805
volume_quality=0.414139
