epsilon_quality=0.012071
volume_quality=0.0653562
