epsilon_quality=0.192345
volume_quality=0.594426
