epsilon_quality=0.0211044
volume_quality=0.00885812
