epsilon_quality=0.0120888
volume_quality=0.00857013
