epsilon_quality=0.0228427
volume_quality=0.00265455
