epsilon_quality=0.0352475
volume_quality=0.172057
