epsilon_quality=0.071321
volume_quality=0.0366812
