epsilon_quality=0.328535
volume_quality=1.80126
