epsilon_quality=0.0447726
volume_quality=0.0459785
