epsilon_quality=0.250016
volume_quality=1.01226
