epsilon_quality=0.0858162
volume_quality=0.0597398
