epsilon_quality=0.0558312
volume_quality=0.0348211
