epsilon_quality=0.197679
volume_quality=0.251342
