epsilon_quality=0.081705
volume_quality=0.249387
