epsilon_quality=0.0312007
volume_quality=0.344091
