epsilon_quality=0.143026
volume_quality=0.23379
