epsilon_quality=0.102303
volume_quality=0.284201
