epsilon_quality=0.0820007
volume_quality=0.0888022
