epsilon_quality=0.0573337
volume_quality=0.0176689
