epsilon_quality=0.0891212
volume_quality=0.0895459
