epsilon_quality=0.0518557
volume_quality=0.0170217
