epsilon_quality=0.106009
volume_quality=0.970075
