epsilon_quality=0.0365025
volume_quality=0.0787031
