epsilon_quality=0.0958946
volume_quality=0.0666418
