epsilon_quality=0.10052
volume_quality=0.223156
