epsilon_quality=0.17025
volume_quality=0.259513
