epsilon_quality=0.032874
volume_quality=0.0680033
