epsilon_quality=0.189079
volume_quality=0.448775
