epsilon_quality=0.00448532
volume_quality=0.0157885
