epsilon_quality=0.0708541
volume_quality=0.121077
