epsilon_quality=0.212328
volume_quality=0.754514
