epsilon_quality=0.0692852
volume_quality=0.131056
