epsilon_quality=0.150653
volume_quality=0.379152
