epsilon_quality=0.107427
volume_quality=0.163122
