epsilon_quality=0.067605
volume_quality=0.0543641
