epsilon_quality=0.123504
volume_quality=0.112424
