epsilon_quality=0.159343
volume_quality=0.251434
