epsilon_quality=0.0195332
volume_quality=0.0527818
