epsilon_quality=0.0315437
volume_quality=0.00514628
