epsilon_quality=0.0501468
volume_quality=0.0884153
