epsilon_quality=0.150999
volume_quality=0.222618
