epsilon_quality=0.17431
volume_quality=0.264747
