epsilon_quality=0.0488609
volume_quality=0.206532
