epsilon_quality=0.245389
volume_quality=0.347809
