epsilon_quality=0.0800528
volume_quality=0.223117
