epsilon_quality=0.0943697
volume_quality=0.0782482
