epsilon_quality=0.00807202
volume_quality=0.0236925
