epsilon_quality=0.0233858
volume_quality=0.07935
