epsilon_quality=0.117332
volume_quality=0.0632425
