epsilon_quality=0.0767529
volume_quality=0.132054
