epsilon_quality=0.0722342
volume_quality=0.0850992
