epsilon_quality=0.0929826
volume_quality=0.158331
