epsilon_quality=0.0443658
volume_quality=0.0723627
