epsilon_quality=0.0806719
volume_quality=0.10929
