epsilon_quality=0.0190895
volume_quality=0.0337707
