epsilon_quality=0.0906549
volume_quality=0.045943
