epsilon_quality=0.0759633
volume_quality=0.0387121
