epsilon_quality=0.0809846
volume_quality=0.373535
