epsilon_quality=0.114727
volume_quality=0.549153
