epsilon_quality=0.0406088
volume_quality=0.218892
