epsilon_quality=0.106058
volume_quality=0.556465
