epsilon_quality=0.0917865
volume_quality=0.0687245
