epsilon_quality=0.00662727
volume_quality=0.0181881
