epsilon_quality=0.0707689
volume_quality=0.00663677
