epsilon_quality=0.122865
volume_quality=0.0931523
