epsilon_quality=0.0522375
volume_quality=0.0351121
