epsilon_quality=0.0480597
volume_quality=0.0171748
