epsilon_quality=0.0713912
volume_quality=0.0195215
