epsilon_quality=0.0310872
volume_quality=0.00965531
