epsilon_quality=0.0238289
volume_quality=0.00661378
