epsilon_quality=0.184638
volume_quality=0.471242
