epsilon_quality=0.0494809
volume_quality=0.102386
