epsilon_quality=0.0512414
volume_quality=0.0231525
