epsilon_quality=0.0812327
volume_quality=0.0637825
