epsilon_quality=0.0800329
volume_quality=0.0708544
