epsilon_quality=0.101904
volume_quality=0.0643226
