epsilon_quality=0.0628878
volume_quality=0.00754268
