epsilon_quality=0.109897
volume_quality=0.263595
