epsilon_quality=0.120882
volume_quality=0.16726
