epsilon_quality=0.0561243
volume_quality=0.0379859
