epsilon_quality=0.169341
volume_quality=0.600894
