epsilon_quality=0.205486
volume_quality=0.431389
