epsilon_quality=0.04953
volume_quality=0.0652695
