epsilon_quality=0.111901
volume_quality=0.090072
