epsilon_quality=0.115521
volume_quality=0.105241
