epsilon_quality=0.0807171
volume_quality=0.0916915
