epsilon_quality=0.145541
volume_quality=0.0874036
