epsilon_quality=0.0547231
volume_quality=0.0591342
