epsilon_quality=0.102938
volume_quality=0.106421
