epsilon_quality=0.129666
volume_quality=0.101174
