epsilon_quality=0.114087
volume_quality=0.0600996
