epsilon_quality=0.0271029
volume_quality=0.156427
