epsilon_quality=0.0532447
volume_quality=0.0496296
