epsilon_quality=0.0252108
volume_quality=0.023079
