epsilon_quality=0.0237952
volume_quality=0.0361797
