epsilon_quality=0.115399
volume_quality=0.184453
