epsilon_quality=0.247444
volume_quality=0.508701
