epsilon_quality=0.0659414
volume_quality=0.0813982
