epsilon_quality=0.0362781
volume_quality=0.00411418
