epsilon_quality=0.0446502
volume_quality=0.0142106
