epsilon_quality=0.0696857
volume_quality=0.0334901
