epsilon_quality=0.0486735
volume_quality=0.032459
