epsilon_quality=0.0884691
volume_quality=0.0583732
