epsilon_quality=0.00768025
volume_quality=0.153173
