epsilon_quality=0.0547717
volume_quality=0.0940455
