epsilon_quality=0.12897
volume_quality=0.129144
