epsilon_quality=0.092249
volume_quality=0.123313
