epsilon_quality=0.0610636
volume_quality=0.0789752
