epsilon_quality=0.11868
volume_quality=0.127371
