epsilon_quality=0.0377126
volume_quality=0.0525955
