epsilon_quality=0.153315
volume_quality=0.77807
