epsilon_quality=0.0970372
volume_quality=0.691252
