epsilon_quality=0.162056
volume_quality=0.286881
