epsilon_quality=0.0125668
volume_quality=0.511929
