epsilon_quality=0.144365
volume_quality=0.762982
