epsilon_quality=0.0905535
volume_quality=0.28591
