epsilon_quality=0.254131
volume_quality=1.02431
