epsilon_quality=0.069564
volume_quality=0.0966467
