epsilon_quality=0.0153737
volume_quality=0.0595951
