epsilon_quality=0.0142396
volume_quality=0.0385984
