epsilon_quality=0.133365
volume_quality=0.125298
