epsilon_quality=0.0836615
volume_quality=0.112177
