epsilon_quality=0.08095
volume_quality=0.37487
