epsilon_quality=0.0511567
volume_quality=0.169121
