epsilon_quality=0.0337059
volume_quality=0.0111857
