epsilon_quality=0.0674521
volume_quality=0.0609824
