epsilon_quality=0.0315324
volume_quality=0.0233023
