epsilon_quality=0.0162882
volume_quality=0.0389622
