epsilon_quality=0.0169396
volume_quality=0.0104266
