epsilon_quality=0.175114
volume_quality=0.407072
