epsilon_quality=0.11841
volume_quality=0.141095
