epsilon_quality=0.216871
volume_quality=0.88943
