epsilon_quality=0.132413
volume_quality=0.56421
