epsilon_quality=0.11031
volume_quality=0.0713789
