epsilon_quality=0.205251
volume_quality=0.189011
