epsilon_quality=0.0500757
volume_quality=0.0231324
