epsilon_quality=0.14223
volume_quality=0.178263
