epsilon_quality=0.109073
volume_quality=0.0810082
