epsilon_quality=0.245694
volume_quality=0.669879
