epsilon_quality=0.079704
volume_quality=0.0293121
