epsilon_quality=0.0201024
volume_quality=0.0745707
