epsilon_quality=0.042963
volume_quality=0.00346253
