epsilon_quality=0.0851686
volume_quality=0.0600235
