epsilon_quality=0.184204
volume_quality=1.54454
