epsilon_quality=0.014014
volume_quality=0.0113824
