epsilon_quality=0.0186172
volume_quality=0.005128
