epsilon_quality=0.0273863
volume_quality=0.00984966
