epsilon_quality=0.0543112
volume_quality=0.0336593
