epsilon_quality=0.0419554
volume_quality=0.0614897
