epsilon_quality=0.237161
volume_quality=0.601343
