epsilon_quality=0.258457
volume_quality=0.678108
