epsilon_quality=0.233017
volume_quality=0.50839
