epsilon_quality=0.408601
volume_quality=4.77821
