epsilon_quality=0.0681234
volume_quality=0.104893
