epsilon_quality=0.0530848
volume_quality=0.0639962
