epsilon_quality=0.0264542
volume_quality=0.082355
