epsilon_quality=0.129547
volume_quality=0.126232
