epsilon_quality=0.239211
volume_quality=0.65595
