epsilon_quality=0.106904
volume_quality=0.112701
