epsilon_quality=0.0376765
volume_quality=0.178766
