epsilon_quality=0.0944987
volume_quality=0.0371419
