epsilon_quality=0.0361046
volume_quality=0.00297067
