epsilon_quality=0.031941
volume_quality=0.16049
