epsilon_quality=0.140934
volume_quality=0.143202
