epsilon_quality=0.0650116
volume_quality=0.0373507
