epsilon_quality=0.0287388
volume_quality=0.0481668
