epsilon_quality=0.0288848
volume_quality=0.0616155
