epsilon_quality=0.189588
volume_quality=0.226428
