epsilon_quality=0.0562961
volume_quality=0.0270665
