epsilon_quality=0.0809914
volume_quality=0.172161
