epsilon_quality=0.0412918
volume_quality=0.0454208
