epsilon_quality=0.0696308
volume_quality=0.0288712
