epsilon_quality=0.054803
volume_quality=0.133929
