epsilon_quality=0.0612059
volume_quality=0.0716251
