epsilon_quality=0.176448
volume_quality=0.34284
