epsilon_quality=0.0941875
volume_quality=0.0582167
