epsilon_quality=0.103106
volume_quality=0.101089
