epsilon_quality=0.0114144
volume_quality=0.0917707
