epsilon_quality=0.155803
volume_quality=0.25741
