epsilon_quality=0.0175878
volume_quality=0.00893437
