epsilon_quality=0.0882726
volume_quality=0.0626002
