epsilon_quality=0.124273
volume_quality=0.24523
