epsilon_quality=0.140165
volume_quality=0.194276
