epsilon_quality=0.220666
volume_quality=0.421488
