epsilon_quality=0.12745
volume_quality=0.16997
