epsilon_quality=0.127238
volume_quality=0.160682
