epsilon_quality=0.0899448
volume_quality=0.133048
