epsilon_quality=0.0088376
volume_quality=0.147059
