epsilon_quality=0.0249938
volume_quality=0.120843
