epsilon_quality=0.121768
volume_quality=0.892567
