epsilon_quality=0.126258
volume_quality=1.15346
