epsilon_quality=0.0965109
volume_quality=0.283606
