epsilon_quality=0.00122443
volume_quality=0.252457
