epsilon_quality=0.151014
volume_quality=0.329496
