epsilon_quality=0.0713954
volume_quality=0.0301286
