epsilon_quality=0.0576271
volume_quality=0.00438538
