epsilon_quality=0.0757358
volume_quality=0.431755
