epsilon_quality=0.0328438
volume_quality=0.0270753
