epsilon_quality=0.0658053
volume_quality=0.0355604
