epsilon_quality=0.284984
volume_quality=1.17184
