epsilon_quality=0.0700582
volume_quality=0.102236
