epsilon_quality=0.00188508
volume_quality=0.0556871
