epsilon_quality=0.274716
volume_quality=1.68064
