epsilon_quality=0.217745
volume_quality=0.307117
