epsilon_quality=0.140617
volume_quality=0.298519
