epsilon_quality=0.0934153
volume_quality=0.106375
