epsilon_quality=0.167157
volume_quality=0.665054
