epsilon_quality=0.00537928
volume_quality=0.0382448
