epsilon_quality=0.0651441
volume_quality=0.163932
