epsilon_quality=0.038208
volume_quality=0.0136158
