epsilon_quality=0.0672966
volume_quality=0.0725955
