epsilon_quality=0.0116169
volume_quality=0.0144086
