epsilon_quality=0.0771095
volume_quality=0.103518
