epsilon_quality=0.0444955
volume_quality=0.0471619
