epsilon_quality=0.0228852
volume_quality=0.199236
