epsilon_quality=0.112321
volume_quality=0.318044
