epsilon_quality=0.134196
volume_quality=0.401654
