epsilon_quality=0.151323
volume_quality=0.25249
