epsilon_quality=0.113407
volume_quality=0.385909
