epsilon_quality=0.0712788
volume_quality=0.535732
