epsilon_quality=0.123413
volume_quality=0.895618
