epsilon_quality=0.076186
volume_quality=0.0260457
