gpsEpsilon=1.39976e-315
gpsVolume=0
mQualEpsilon=0.0317455
mQualVolume=0.00107739
new_planned_energy=52.2429
