gpsEpsilon=7.32696e-316
gpsVolume=0
mQualEpsilon=1.79601
mQualVolume=49.2215
new_planned_energy=26.9024
