gpsEpsilon=7.32696e-316
gpsVolume=0
mQualEpsilon=1.82916
mQualVolume=49.5157
new_planned_energy=-1.82916
