gpsEpsilon=1.35788e-315
gpsVolume=0
mQualEpsilon=-1
mQualVolume=0.00615946
new_planned_energy=31.3023
