gpsEpsilon=1.37639e-315
gpsVolume=0
mQualEpsilon=-1
mQualVolume=0.0013977
new_planned_energy=38.6027
