gpsEpsilon=24.0464
gpsVolume=126.137
mQualEpsilon=0.028071
mQualVolume=0.0205316
new_planned_energy=83.302
