gpsEpsilon=7.32662e-316
gpsVolume=-0.123118
mQualEpsilon=-1
mQualVolume=0.00248994
new_planned_energy=14.0654
