gpsEpsilon=7.32662e-316
gpsVolume=-0.123118
mQualEpsilon=1.60281
mQualVolume=55.9667
new_planned_energy=26.9938
