gpsEpsilon=137.445
gpsVolume=187.325
mQualEpsilon=0.000282312
mQualVolume=0.00470648
new_planned_energy=26.0227
