gpsEpsilon=227.277
gpsVolume=115.797
mQualEpsilon=0.0725004
mQualVolume=0.00671435
new_planned_energy=18.2474
