gpsEpsilon=159.748
gpsVolume=126.138
mQualEpsilon=1.69133
mQualVolume=56.5816
new_planned_energy=-1.69133
