gpsEpsilon=159.748
gpsVolume=126.138
mQualEpsilon=1.75631
mQualVolume=58.5452
new_planned_energy=-1.75631
