gpsEpsilon=21.8621
gpsVolume=108.903
mQualEpsilon=0.0357315
mQualVolume=0.00345638
new_planned_energy=34.4539
