gpsEpsilon=21.8621
gpsVolume=108.903
mQualEpsilon=1.61475
mQualVolume=43.4804
new_planned_energy=-1.61475
