gpsEpsilon=21.8621
gpsVolume=108.903
mQualEpsilon=1.58671
mQualVolume=48.6233
new_planned_energy=-1.58671
