gpsEpsilon=25.5341
gpsVolume=127
mQualEpsilon=0.0162184
mQualVolume=0.0029651
new_planned_energy=36.0827
