epsilon_quality=0.0188663
volume_quality=0.0123269
