epsilon_quality=0.0888295
volume_quality=0.0315595
