epsilon_quality=0.0123979
volume_quality=0.0397168
