epsilon_quality=0.0343745
volume_quality=0.0157463
