epsilon_quality=0.0288491
volume_quality=0.0311683
