epsilon_quality=0.0250247
volume_quality=0.0930719
