epsilon_quality=0.0999979
volume_quality=0.103827
