epsilon_quality=0.0667151
volume_quality=0.0308174
