epsilon_quality=0.0631598
volume_quality=0.144504
