gpsEpsilon=39.3311
gpsVolume=26.3423
mQualEpsilon=0.00687212
mQualVolume=0.00311777
new_planned_energy=28.6346
