gpsEpsilon=39.4241
gpsVolume=27.2374
mQualEpsilon=0.0576859
mQualVolume=0.00358616
new_planned_energy=56.35
