gpsEpsilon=38.8587
gpsVolume=25.9217
mQualEpsilon=0.0163058
mQualVolume=0.00270826
new_planned_energy=68.6156
