gpsEpsilon=39.3621
gpsVolume=26.8201
mQualEpsilon=0.012287
mQualVolume=0.00142692
new_planned_energy=51.3921
