gpsEpsilon=38.9192
gpsVolume=26.4531
mQualEpsilon=0.0163058
mQualVolume=0.00270826
new_planned_energy=81.4449
