gpsEpsilon=-0.519093
gpsVolume=2.25908
mQualEpsilon=0.0163058
mQualVolume=0.00270826
new_planned_energy=82.2847
