gpsEpsilon=38.7688
gpsVolume=33.7462
mQualEpsilon=0.0288171
mQualVolume=0.00641591
new_planned_energy=15.8612
