gpsEpsilon=38.8336
gpsVolume=25.9108
mQualEpsilon=0.0168005
mQualVolume=0.00197632
new_planned_energy=61.2412
