gpsEpsilon=38.9512
gpsVolume=26.4325
mQualEpsilon=0.024402
mQualVolume=0.00162569
new_planned_energy=35.3716
