gpsEpsilon=39.4536
gpsVolume=26.8768
mQualEpsilon=0.0403935
mQualVolume=0.00385978
new_planned_energy=71.7682
