epsilon_quality=0.313674
volume_quality=0.93185
