epsilon_quality=0.0671244
volume_quality=0.0701517
