epsilon_quality=0.0413965
volume_quality=0.0105401
