epsilon_quality=0.0787898
volume_quality=0.05717
