epsilon_quality=0.0847718
volume_quality=0.0346697
