epsilon_quality=0.164643
volume_quality=0.211684
