epsilon_quality=0.0879753
volume_quality=0.0918506
