epsilon_quality=0.0385419
volume_quality=0.0310721
