epsilon_quality=2.56956e-17
volume_quality=0.182496
