epsilon_quality=0.148997
volume_quality=0.108879
