epsilon_quality=0.094183
volume_quality=0.413205
