epsilon_quality=0.149908
volume_quality=0.79008
