epsilon_quality=0.17734
volume_quality=0.187353
