epsilon_quality=0.0494988
volume_quality=0.0987036
