epsilon_quality=0.187457
volume_quality=0.40535
