epsilon_quality=0.113761
volume_quality=0.0787529
