epsilon_quality=0.0795516
volume_quality=0.0710179
