epsilon_quality=0.126257
volume_quality=0.176489
