epsilon_quality=0.00182773
volume_quality=0.0036104
