epsilon_quality=0.0263943
volume_quality=0.00302787
