epsilon_quality=0.0865156
volume_quality=0.0902302
