epsilon_quality=0.0378675
volume_quality=0.00937431
