epsilon_quality=0.0929988
volume_quality=0.166754
