epsilon_quality=0.0192613
volume_quality=0.051202
