epsilon_quality=0.13514
volume_quality=0.595693
