epsilon_quality=0.185577
volume_quality=0.188404
