epsilon_quality=0.0500294
volume_quality=0.0385215
