epsilon_quality=0.0268662
volume_quality=0.0516792
