epsilon_quality=0.0124151
volume_quality=0.0126155
