epsilon_quality=0.0454613
volume_quality=0.0391304
