epsilon_quality=0.0164241
volume_quality=0.150007
