epsilon_quality=0.217266
volume_quality=0.390258
