epsilon_quality=0.0348918
volume_quality=0.285848
