epsilon_quality=0.129787
volume_quality=0.0819806
