epsilon_quality=0.0962209
volume_quality=0.338795
