epsilon_quality=0.0398236
volume_quality=0.010552
