epsilon_quality=0.123445
volume_quality=0.231965
