epsilon_quality=0.0980323
volume_quality=0.0419889
