epsilon_quality=0.0842335
volume_quality=0.0348535
