gpsEpsilon=104.784
gpsVolume=92.1929
mQualEpsilon=0.0105646
mQualVolume=0.00157993
new_planned_energy=62.5338
