gpsEpsilon=89.3575
gpsVolume=95.1807
mQualEpsilon=0.0771358
mQualVolume=0.00515575
new_planned_energy=27.761
