gpsEpsilon=99.141
gpsVolume=80.5337
mQualEpsilon=0.0351699
mQualVolume=0.00989527
new_planned_energy=70.9817
