gpsEpsilon=99.5576
gpsVolume=88.6671
mQualEpsilon=0.0379413
mQualVolume=0.00918674
new_planned_energy=50.0287
