gpsEpsilon=101.829
gpsVolume=93.0341
mQualEpsilon=0.0980504
mQualVolume=0.0191955
new_planned_energy=62.3091
