gpsEpsilon=103.255
gpsVolume=87.4753
mQualEpsilon=0.0783187
mQualVolume=0.0115811
new_planned_energy=52.9593
