gpsEpsilon=102.196
gpsVolume=93.8027
mQualEpsilon=0.0580004
mQualVolume=0.00398924
new_planned_energy=43.3548
