gpsEpsilon=102.198
gpsVolume=93.3188
mQualEpsilon=0.0182618
mQualVolume=0.00971353
new_planned_energy=57.5284
