gpsEpsilon=104.644
gpsVolume=110.678
mQualEpsilon=0.00854236
mQualVolume=0.000317442
new_planned_energy=117.334
