gpsEpsilon=88.0735
gpsVolume=69.3689
mQualEpsilon=0.0980504
mQualVolume=0.0191955
new_planned_energy=69.7659
