gpsEpsilon=103.815
gpsVolume=91.2144
mQualEpsilon=0.0659192
mQualVolume=0.0119354
new_planned_energy=58.6765
