gpsEpsilon=57.6986
gpsVolume=116.075
mQualEpsilon=0.0664972
mQualVolume=0.011943
new_planned_energy=47.2617
