epsilon_quality=0.167263
volume_quality=0.674953
