epsilon_quality=0.131277
volume_quality=0.100861
