epsilon_quality=0.114379
volume_quality=0.636619
