epsilon_quality=0.0233799
volume_quality=0.00658925
