epsilon_quality=0.0488589
volume_quality=0.0317513
