epsilon_quality=0.0351513
volume_quality=0.004159
