epsilon_quality=0.0218416
volume_quality=0.0374001
