epsilon_quality=0.026994
volume_quality=0.0380582
