epsilon_quality=0.0883869
volume_quality=0.126469
