epsilon_quality=0.00488498
volume_quality=0.0192447
