epsilon_quality=0.0257837
volume_quality=0.745743
