epsilon_quality=0.0283334
volume_quality=0.00195843
