epsilon_quality=0.089507
volume_quality=0.0797115
