epsilon_quality=0.0114325
volume_quality=0.00601703
