epsilon_quality=0.0995234
volume_quality=0.122844
