epsilon_quality=0.0209021
volume_quality=0.0953744
