epsilon_quality=0.10391
volume_quality=0.134822
