epsilon_quality=0.0334409
volume_quality=0.00410414
