epsilon_quality=0.0567864
volume_quality=0.0234729
