epsilon_quality=0.0928692
volume_quality=0.0728316
