epsilon_quality=0.0645591
volume_quality=0.0982321
