epsilon_quality=0.0113225
volume_quality=0.068633
