epsilon_quality=0.0531509
volume_quality=0.0867914
