epsilon_quality=0.0836154
volume_quality=0.296614
