epsilon_quality=0.295241
volume_quality=1.70394
