epsilon_quality=0.076241
volume_quality=1.68639
