epsilon_quality=0.195238
volume_quality=1.55962
