epsilon_quality=0.102787
volume_quality=0.07827
