epsilon_quality=0.0750484
volume_quality=0.287845
