epsilon_quality=0.0645084
volume_quality=0.0529759
