epsilon_quality=0.018816
volume_quality=0.0466532
