epsilon_quality=0.0424705
volume_quality=0.0654498
