epsilon_quality=0.0923081
volume_quality=0.202787
