epsilon_quality=0.0363443
volume_quality=0.0180628
