epsilon_quality=0.0341193
volume_quality=0.0291653
