epsilon_quality=0.036372
volume_quality=0.021866
