epsilon_quality=0.0260279
volume_quality=0.0427608
