epsilon_quality=0.0304727
volume_quality=0.0381636
