epsilon_quality=0.0245565
volume_quality=0.0073552
