epsilon_quality=0.0420269
volume_quality=0.0206443
