epsilon_quality=0.118128
volume_quality=0.315161
