epsilon_quality=0.0566069
volume_quality=0.0983406
