epsilon_quality=0.173106
volume_quality=0.434035
