epsilon_quality=0.0557498
volume_quality=0.0314218
