epsilon_quality=0.233624
volume_quality=0.821917
