epsilon_quality=0.13332
volume_quality=0.131173
