epsilon_quality=0.0635254
volume_quality=0.129174
