epsilon_quality=0.075366
volume_quality=0.0318947
