epsilon_quality=0.183474
volume_quality=1.13819
