epsilon_quality=0.0835471
volume_quality=0.423618
