epsilon_quality=0.235589
volume_quality=2.11756
