epsilon_quality=0.256026
volume_quality=1.31661
