epsilon_quality=0.243164
volume_quality=1.25202
