epsilon_quality=0.0279923
volume_quality=0.0140441
