epsilon_quality=0.0709471
volume_quality=0.0997001
