epsilon_quality=0.148843
volume_quality=0.0877939
