epsilon_quality=0.050557
volume_quality=0.132135
