epsilon_quality=0.385335
volume_quality=1.33781
