epsilon_quality=0.0827801
volume_quality=0.0546318
