epsilon_quality=0.0172361
volume_quality=0.0323595
