epsilon_quality=0.217765
volume_quality=0.368455
