epsilon_quality=0.118099
volume_quality=0.152917
