epsilon_quality=0.0323181
volume_quality=0.263137
