epsilon_quality=0.0893553
volume_quality=0.170475
