epsilon_quality=0.0253843
volume_quality=0.047676
