gpsEpsilon=180.431
gpsVolume=81.0382
mQualEpsilon=0.00487684
mQualVolume=0.000613642
new_planned_energy=43.219
