gpsEpsilon=90.2304
gpsVolume=20.1386
mQualEpsilon=0.00893233
mQualVolume=0.00198215
new_planned_energy=50.0376
