gpsEpsilon=2.37152e-322
gpsVolume=3.16202e-322
mQualEpsilon=0.00390345
mQualVolume=0.000524838
new_planned_energy=36.9945
