gpsEpsilon=2.37152e-322
gpsVolume=3.16202e-322
mQualEpsilon=-1
mQualVolume=0.00160454
new_planned_energy=34.4339
