gpsEpsilon=185.027
gpsVolume=110.913
mQualEpsilon=0.00698379
mQualVolume=0.000463241
new_planned_energy=30.2166
