gpsEpsilon=1.39097e-316
gpsVolume=0
mQualEpsilon=0.0527417
mQualVolume=0.0112797
new_planned_energy=41.0281
