gpsEpsilon=8.87349e-316
gpsVolume=0
mQualEpsilon=-1
mQualVolume=0.0113131
new_planned_energy=32.0079
