gpsEpsilon=1.00561e-315
gpsVolume=0
mQualEpsilon=0.0262338
mQualVolume=0.00386672
new_planned_energy=21.9601
