gpsEpsilon=1.07634e-315
gpsVolume=0
mQualEpsilon=-1
mQualVolume=0.00426564
new_planned_energy=36.0306
