gpsEpsilon=1.11978e-315
gpsVolume=0
mQualEpsilon=1.06078
mQualVolume=49.6763
new_planned_energy=19.9128
