gpsEpsilon=1.12622e-315
gpsVolume=0
mQualEpsilon=-1
mQualVolume=0.00161152
new_planned_energy=25.797
