gpsEpsilon=1.19972e-315
gpsVolume=0
mQualEpsilon=0.0248498
mQualVolume=0.00497081
new_planned_energy=41.382
