epsilon_quality=0.137602
volume_quality=0.211887
