epsilon_quality=0.125902
volume_quality=0.242981
