epsilon_quality=0.0839009
volume_quality=0.0509578
