epsilon_quality=0.0699459
volume_quality=0.107163
