epsilon_quality=0.00876315
volume_quality=0.017453
