epsilon_quality=0.0718738
volume_quality=0.0398005
