epsilon_quality=0.294198
volume_quality=1.23045
