epsilon_quality=0.182867
volume_quality=0.601387
