epsilon_quality=0.149456
volume_quality=0.114215
