epsilon_quality=0.0651552
volume_quality=0.0650437
