epsilon_quality=0.0240889
volume_quality=0.241811
