epsilon_quality=0.383547
volume_quality=1.38594
