epsilon_quality=0.212731
volume_quality=0.637179
