epsilon_quality=0.20233
volume_quality=0.620766
