epsilon_quality=0.182074
volume_quality=0.460661
