epsilon_quality=0.149583
volume_quality=0.40734
