epsilon_quality=0.15484
volume_quality=0.397908
