epsilon_quality=0.190845
volume_quality=0.322641
