gpsEpsilon=1.40958e-315
gpsVolume=0
mQualEpsilon=-1
mQualVolume=0.00898606
new_planned_energy=28.6839
