gpsEpsilon=1.81995e-315
gpsVolume=0
mQualEpsilon=0.0675395
mQualVolume=0.00761693
new_planned_energy=41.0546
