gpsEpsilon=1.05286e-315
gpsVolume=0
mQualEpsilon=0.0142191
mQualVolume=0.0140679
new_planned_energy=30.6616
