gpsEpsilon=1.27109e-315
gpsVolume=0
mQualEpsilon=1.65114
mQualVolume=55.4203
new_planned_energy=74.7331
