gpsEpsilon=1.60929e-315
gpsVolume=0
mQualEpsilon=-1
mQualVolume=0.0275036
new_planned_energy=101.951
