gpsEpsilon=1.84091e-315
gpsVolume=0
mQualEpsilon=-1
mQualVolume=0.00206021
new_planned_energy=24.043
