gpsEpsilon=146.662
gpsVolume=96.4537
mQualEpsilon=0.000271653
mQualVolume=0.00604129
new_planned_energy=29.7335
