gpsEpsilon=127.409
gpsVolume=112.831
mQualEpsilon=0.0389295
mQualVolume=0.00677001
new_planned_energy=25.5216
