gpsEpsilon=127.409
gpsVolume=59.833
mQualEpsilon=0.00939219
mQualVolume=0.000396178
new_planned_energy=56.6129
