gpsEpsilon=9.97736e-316
gpsVolume=0
mQualEpsilon=0.00665455
mQualVolume=0.00459927
new_planned_energy=91.2485
