gpsEpsilon=1.81957e-315
gpsVolume=0
mQualEpsilon=0.0206221
mQualVolume=0.00877427
new_planned_energy=38.2672
