gpsEpsilon=1.86406e-315
gpsVolume=0
mQualEpsilon=0.0169141
mQualVolume=0.0015511
new_planned_energy=27.8013
