epsilon_quality=0.0301184
volume_quality=0.0380653
