epsilon_quality=0.0198094
volume_quality=0.00804372
