epsilon_quality=0.0729827
volume_quality=0.044023
