epsilon_quality=0.0329226
volume_quality=0.019666
