epsilon_quality=0.0322636
volume_quality=0.0219755
