epsilon_quality=0.0186856
volume_quality=0.0177351
