epsilon_quality=0.0790082
volume_quality=0.146285
