epsilon_quality=0.123907
volume_quality=0.212606
