epsilon_quality=0.104949
volume_quality=0.13846
