epsilon_quality=0.055997
volume_quality=0.0240437
