epsilon_quality=0.0339768
volume_quality=0.0506581
