epsilon_quality=0.0683073
volume_quality=0.0370647
