epsilon_quality=0.102458
volume_quality=0.0429634
