epsilon_quality=0.111088
volume_quality=0.114531
