epsilon_quality=0.0936364
volume_quality=0.0543789
