epsilon_quality=0.105426
volume_quality=0.174857
