epsilon_quality=0.0607539
volume_quality=0.0529098
