epsilon_quality=0.111896
volume_quality=0.249439
