epsilon_quality=0.072588
volume_quality=0.053723
