epsilon_quality=0.059643
volume_quality=0.0816322
