epsilon_quality=0.126562
volume_quality=0.116385
