epsilon_quality=0.0753614
volume_quality=0.0796178
