epsilon_quality=0.00707953
volume_quality=0.0146497
