epsilon_quality=0.0243428
volume_quality=0.0083522
