epsilon_quality=0.0877532
volume_quality=0.035483
