epsilon_quality=0.211338
volume_quality=0.282619
