epsilon_quality=0.11719
volume_quality=0.0661869
