epsilon_quality=0.0799234
volume_quality=0.0934825
