epsilon_quality=0.0648441
volume_quality=0.02234
