epsilon_quality=0.170116
volume_quality=0.131242
