epsilon_quality=0.0852119
volume_quality=0.146617
