epsilon_quality=0.0716254
volume_quality=0.102377
