epsilon_quality=0.12324
volume_quality=0.227743
