epsilon_quality=0.141497
volume_quality=0.0988894
