epsilon_quality=0.113593
volume_quality=0.604059
