epsilon_quality=0.103762
volume_quality=0.0668849
