epsilon_quality=0.163717
volume_quality=0.323824
