gpsEpsilon=9.0763e-316
gpsVolume=9.88131e-324
mQualEpsilon=1.57546
mQualVolume=45.5848
new_planned_energy=-1.57546
