gpsEpsilon=-1
gpsVolume=1
mQualEpsilon=0.0574205
mQualVolume=0.00583476
new_planned_energy=15.4544
