epsilon_quality=0.0557209
volume_quality=0.0409485
