epsilon_quality=0.0505312
volume_quality=0.128402
