epsilon_quality=0.20596
volume_quality=0.20882
