epsilon_quality=0.088962
volume_quality=0.107041
