epsilon_quality=0.131373
volume_quality=0.233019
