epsilon_quality=0.185305
volume_quality=0.306204
