epsilon_quality=0.0239137
volume_quality=0.038648
