epsilon_quality=0.08004
volume_quality=0.0379091
