epsilon_quality=0.0805365
volume_quality=0.126133
