epsilon_quality=0.00476786
volume_quality=0.00459481
