epsilon_quality=0.103201
volume_quality=0.0939878
