epsilon_quality=0.0924773
volume_quality=0.200973
