epsilon_quality=0.0588807
volume_quality=0.0367768
