epsilon_quality=0.0997124
volume_quality=0.236933
