epsilon_quality=0.0193551
volume_quality=0.0138733
