epsilon_quality=0.200502
volume_quality=0.412651
