epsilon_quality=0.103542
volume_quality=0.0630406
