epsilon_quality=0.0613064
volume_quality=0.0468181
