epsilon_quality=0.061712
volume_quality=0.0719354
