epsilon_quality=0.0494934
volume_quality=0.0548968
