epsilon_quality=0.0423247
volume_quality=0.264305
