epsilon_quality=0.0521264
volume_quality=0.0198525
