epsilon_quality=0.0485632
volume_quality=0.00399527
