epsilon_quality=0.0433135
volume_quality=0.077253
