epsilon_quality=0.0140672
volume_quality=0.00212514
