epsilon_quality=0.11115
volume_quality=0.893567
