epsilon_quality=0.103916
volume_quality=0.111233
