epsilon_quality=0.341079
volume_quality=1.56402
