epsilon_quality=0.166015
volume_quality=0.721696
