epsilon_quality=0.0719149
volume_quality=0.0660038
