epsilon_quality=0.104191
volume_quality=0.0475699
