epsilon_quality=0.120324
volume_quality=0.108911
