epsilon_quality=0.0757071
volume_quality=0.0808397
