epsilon_quality=0.0719993
volume_quality=0.0327327
