epsilon_quality=0.110243
volume_quality=0.126524
