epsilon_quality=0.038597
volume_quality=0.0722692
