epsilon_quality=0.139747
volume_quality=0.0697538
