epsilon_quality=0.115162
volume_quality=0.120821
