epsilon_quality=0.111836
volume_quality=0.254739
