epsilon_quality=0.132726
volume_quality=0.317546
