epsilon_quality=0.0687346
volume_quality=0.026071
