epsilon_quality=0.0299056
volume_quality=0.0951603
