epsilon_quality=0.0571064
volume_quality=0.0258631
