epsilon_quality=0.0027838
volume_quality=0.127861
