epsilon_quality=0.231831
volume_quality=0.782959
