gpsEpsilon=53.215
gpsVolume=85.218
mQualEpsilon=0.0447078
mQualVolume=0.0124181
new_planned_energy=17.1231
