gpsEpsilon=56.5214
gpsVolume=112.635
mQualEpsilon=0.0983059
mQualVolume=0.0128638
new_planned_energy=65.6958
