gpsEpsilon=42.7035
gpsVolume=93.4512
mQualEpsilon=0.0656618
mQualVolume=0.0110718
new_planned_energy=23.3106
