gpsEpsilon=-0.211435
gpsVolume=-0.655484
mQualEpsilon=0.0810188
mQualVolume=0.00284111
new_planned_energy=34.7046
