gpsEpsilon=-0.166424
gpsVolume=-0.620195
mQualEpsilon=0.0831507
mQualVolume=0.0212632
new_planned_energy=53.1311
