gpsEpsilon=137.64
gpsVolume=3.63504e-316
mQualEpsilon=-1
mQualVolume=0.0123211
new_planned_energy=33.4284
