gpsEpsilon=-0.159192
gpsVolume=2.70673
mQualEpsilon=0.08483
mQualVolume=0.013476
new_planned_energy=61.1286
