gpsEpsilon=66.1289
gpsVolume=106.061
mQualEpsilon=0.0881031
mQualVolume=0.0139821
new_planned_energy=53.4319
