gpsEpsilon=60.8256
gpsVolume=103.4
mQualEpsilon=0.0330124
mQualVolume=0.00673866
new_planned_energy=50.5841
