gpsEpsilon=60.5739
gpsVolume=97.618
mQualEpsilon=0.0720483
mQualVolume=0.00699246
new_planned_energy=76.6612
