gpsEpsilon=75.2533
gpsVolume=93.3559
mQualEpsilon=0.0875248
mQualVolume=0.01222
new_planned_energy=42.7302
