gpsEpsilon=69.0857
gpsVolume=85.7385
mQualEpsilon=0.0365218
mQualVolume=0.00580911
new_planned_energy=50.0351
