epsilon_quality=0.256638
volume_quality=1.10573
