epsilon_quality=0.0681258
volume_quality=0.167178
