epsilon_quality=0.0479437
volume_quality=0.0548864
