epsilon_quality=0.0794249
volume_quality=0.126287
