epsilon_quality=0.082678
volume_quality=0.0456068
