epsilon_quality=0.16918
volume_quality=0.307342
