epsilon_quality=0.158723
volume_quality=0.577431
