epsilon_quality=0.0672082
volume_quality=0.230568
