epsilon_quality=0.0619327
volume_quality=0.078857
