epsilon_quality=0.404895
volume_quality=2.06366
