epsilon_quality=0.081762
volume_quality=0.174013
