epsilon_quality=0.153035
volume_quality=0.277321
