epsilon_quality=0.0229834
volume_quality=0.017342
