epsilon_quality=0.0819963
volume_quality=0.032209
