epsilon_quality=0.0434577
volume_quality=0.0239467
