epsilon_quality=0.0159762
volume_quality=0.00620703
