epsilon_quality=0.0689801
volume_quality=0.0526504
