epsilon_quality=0.111959
volume_quality=0.0757959
