epsilon_quality=0.0735124
volume_quality=0.0618646
