epsilon_quality=0.0594606
volume_quality=0.0740599
