epsilon_quality=0.0455423
volume_quality=0.0263531
