epsilon_quality=0.0742253
volume_quality=0.035359
