epsilon_quality=0.0742499
volume_quality=0.121733
