epsilon_quality=0.0526111
volume_quality=0.0261362
