epsilon_quality=0.14578
volume_quality=0.130876
