epsilon_quality=0.0283229
volume_quality=0.0939161
