epsilon_quality=0.0790436
volume_quality=0.104397
