epsilon_quality=0.107109
volume_quality=0.21448
