epsilon_quality=0.0704379
volume_quality=0.111094
