epsilon_quality=0.172801
volume_quality=0.194329
