epsilon_quality=0.0711206
volume_quality=0.152046
