epsilon_quality=0.137339
volume_quality=0.131629
