epsilon_quality=0.0269608
volume_quality=0.00348879
