epsilon_quality=0.0306487
volume_quality=0.00271803
