epsilon_quality=0.0785238
volume_quality=0.0241452
