epsilon_quality=0.0472576
volume_quality=0.016405
