epsilon_quality=0.0304093
volume_quality=0.00307649
