epsilon_quality=0.0572829
volume_quality=0.0210711
