epsilon_quality=0.0596785
volume_quality=0.00721171
