gpsEpsilon=1.24387e-315
gpsVolume=2.42092e-322
mQualEpsilon=0.0190097
mQualVolume=0.00165729
new_planned_energy=91.2068
