gpsEpsilon=-0.291813
gpsVolume=-0.580084
mQualEpsilon=-1
mQualVolume=0.00265775
new_planned_energy=55.3403
