gpsEpsilon=14.3933
gpsVolume=76.6247
mQualEpsilon=0.0269529
mQualVolume=0.00468571
new_planned_energy=33.7615
