epsilon_quality=0.219732
volume_quality=0.343146
