epsilon_quality=0.00163893
volume_quality=0.00235342
