epsilon_quality=0.150538
volume_quality=0.374708
