epsilon_quality=0.358938
volume_quality=1.10611
