epsilon_quality=0.161505
volume_quality=0.554637
