epsilon_quality=0.0779952
volume_quality=0.139095
