epsilon_quality=0.158002
volume_quality=0.243769
