epsilon_quality=0.207762
volume_quality=0.586755
