epsilon_quality=0.0483935
volume_quality=0.215989
