epsilon_quality=0.0419142
volume_quality=0.262791
