epsilon_quality=0.0556181
volume_quality=0.107918
