epsilon_quality=0.0549675
volume_quality=0.0331766
