epsilon_quality=0.0669915
volume_quality=0.0142841
