epsilon_quality=0.0511565
volume_quality=0.0102637
