epsilon_quality=0.012084
volume_quality=0.0395891
