epsilon_quality=0.0794783
volume_quality=0.825195
