epsilon_quality=0.00704812
volume_quality=0.0204712
