gpsEpsilon=25.3943
gpsVolume=130.232
mQualEpsilon=0.0809221
mQualVolume=0.0234209
new_planned_energy=84.1907
