gpsEpsilon=2.46455e-316
gpsVolume=0
mQualEpsilon=0.0259761
mQualVolume=0.00702643
new_planned_energy=31.6215
