gpsEpsilon=71.2907
gpsVolume=66.6783
mQualEpsilon=0.0600517
mQualVolume=0.00389039
new_planned_energy=16.061
