gpsEpsilon=71.2907
gpsVolume=66.6783
mQualEpsilon=1.48806
mQualVolume=51.721
new_planned_energy=-1.48806
