gpsEpsilon=71.2907
gpsVolume=66.6783
mQualEpsilon=1.47903
mQualVolume=52.1489
new_planned_energy=-1.47903
