gpsEpsilon=71.2907
gpsVolume=66.6783
mQualEpsilon=1.51791
mQualVolume=54.1022
new_planned_energy=-1.51791
