gpsEpsilon=-29.448
gpsVolume=0.985895
mQualEpsilon=0.037091
mQualVolume=0.00304035
new_planned_energy=63.8433
