gpsEpsilon=-98.0857
gpsVolume=0.556527
mQualEpsilon=0.0547639
mQualVolume=0.00578912
new_planned_energy=51.0577
