gpsEpsilon=38.4787
gpsVolume=53.7972
mQualEpsilon=0.0455852
mQualVolume=0.0030036
new_planned_energy=29.9168
