gpsEpsilon=38.4787
gpsVolume=34.9123
mQualEpsilon=0.0189552
mQualVolume=0.00506491
new_planned_energy=52.185
