gpsEpsilon=38.4787
gpsVolume=24.5147
mQualEpsilon=0.0126978
mQualVolume=0.00389777
new_planned_energy=61.2825
