gpsEpsilon=134.735
gpsVolume=223.878
mQualEpsilon=0.0530854
mQualVolume=0.00548271
new_planned_energy=43.6587
