gpsEpsilon=2.58234e-316
gpsVolume=0
mQualEpsilon=0.0472726
mQualVolume=0.00338017
new_planned_energy=44.5235
