gpsEpsilon=156.791
gpsVolume=135.82
mQualEpsilon=0.0413872
mQualVolume=0.00577294
new_planned_energy=62.6328
