gpsEpsilon=60.2618
gpsVolume=74.0806
mQualEpsilon=0.0429876
mQualVolume=0.00889183
new_planned_energy=79.0731
