gpsEpsilon=2.99516e-316
gpsVolume=0
mQualEpsilon=0.044809
mQualVolume=0.00971366
new_planned_energy=46.0829
