gpsEpsilon=63.4764
gpsVolume=215.095
mQualEpsilon=0.0652041
mQualVolume=0.00427923
new_planned_energy=63.7917
