epsilon_quality=0.039814
volume_quality=0.0707471
