epsilon_quality=0.110331
volume_quality=0.0312961
