epsilon_quality=0.114872
volume_quality=0.425654
