epsilon_quality=0.021534
volume_quality=0.284132
