epsilon_quality=0.0373938
volume_quality=0.351475
