epsilon_quality=0.071326
volume_quality=0.207804
