epsilon_quality=0.110367
volume_quality=0.256945
