epsilon_quality=0.183019
volume_quality=0.44923
