epsilon_quality=0.186389
volume_quality=0.155174
