gpsEpsilon=9.20123
gpsVolume=119.281
mQualEpsilon=-1
mQualVolume=0.00290266
new_planned_energy=98.6069
