gpsEpsilon=56.5597
gpsVolume=51.7053
mQualEpsilon=0.0289439
mQualVolume=0.000836495
new_planned_energy=50.9824
