gpsEpsilon=1.97626e-323
gpsVolume=1.491e-315
mQualEpsilon=0.0247647
mQualVolume=0.00490303
new_planned_energy=44.5546
