gpsEpsilon=1.20281e-315
gpsVolume=-0.200678
mQualEpsilon=-1
mQualVolume=0.000430326
new_planned_energy=80.902
