gpsEpsilon=0
gpsVolume=0.0771955
mQualEpsilon=0.0410269
mQualVolume=0.00176884
new_planned_energy=49.6509
