gpsEpsilon=33.8511
gpsVolume=120.126
mQualEpsilon=0.0282942
mQualVolume=0.00349977
new_planned_energy=44.2762
