gpsEpsilon=25.4886
gpsVolume=129.574
mQualEpsilon=0.00694352
mQualVolume=0.000459047
new_planned_energy=60.4448
