gpsEpsilon=9.74121
gpsVolume=117.134
mQualEpsilon=-1
mQualVolume=0.000611152
new_planned_energy=77.5389
