gpsEpsilon=19.6949
gpsVolume=117.069
mQualEpsilon=0.033074
mQualVolume=0.00177584
new_planned_energy=50.1993
