epsilon_quality=0.0445799
volume_quality=0.0666218
