epsilon_quality=0.0787875
volume_quality=0.0593833
