epsilon_quality=0.0423673
volume_quality=0.0363357
