epsilon_quality=0.103231
volume_quality=0.267303
