epsilon_quality=0.0785646
volume_quality=0.127875
