epsilon_quality=0.0774998
volume_quality=0.0774464
