epsilon_quality=0.113149
volume_quality=0.164443
