epsilon_quality=0.0899648
volume_quality=0.0845031
