epsilon_quality=0.0669899
volume_quality=0.086501
