gpsEpsilon=140.384
gpsVolume=69.1015
mQualEpsilon=0.00850763
mQualVolume=0.0059378
new_planned_energy=52.8703
