gpsEpsilon=143.559
gpsVolume=163.447
mQualEpsilon=0.0107673
mQualVolume=0.0040273
new_planned_energy=25.541
