gpsEpsilon=137.639
gpsVolume=163.447
mQualEpsilon=0.00647974
mQualVolume=0.000987877
new_planned_energy=108.509
