gpsEpsilon=118.57
gpsVolume=45.9008
mQualEpsilon=0.012053
mQualVolume=0.0187599
new_planned_energy=57.8323
