gpsEpsilon=236.399
gpsVolume=62.0837
mQualEpsilon=1.43422
mQualVolume=46.335
new_planned_energy=-1.43422
