gpsEpsilon=236.399
gpsVolume=62.0837
mQualEpsilon=1.53472
mQualVolume=47.1487
new_planned_energy=-1.53472
