gpsEpsilon=236.399
gpsVolume=62.0837
mQualEpsilon=1.36065
mQualVolume=45.7328
new_planned_energy=-1.36065
