gpsEpsilon=241.269
gpsVolume=35.5577
mQualEpsilon=0.0180598
mQualVolume=0.00514019
new_planned_energy=88.2589
