gpsEpsilon=181.775
gpsVolume=147.972
mQualEpsilon=0.0224901
mQualVolume=0.00333054
new_planned_energy=49.5053
