gpsEpsilon=180.166
gpsVolume=109.779
mQualEpsilon=0.023947
mQualVolume=0.00307551
new_planned_energy=36.2097
