gpsEpsilon=184.046
gpsVolume=109.779
mQualEpsilon=0.0030989
mQualVolume=0.0114937
new_planned_energy=50.8109
