gpsEpsilon=123.975
gpsVolume=142.505
mQualEpsilon=0.0311456
mQualVolume=0.00590301
new_planned_energy=51.3482
