gpsEpsilon=143.559
gpsVolume=163.447
mQualEpsilon=0.0287749
mQualVolume=0.00614156
new_planned_energy=36.8308
