gpsEpsilon=176.581
gpsVolume=109.779
mQualEpsilon=0.0271864
mQualVolume=0.00820725
new_planned_energy=65.0758
