epsilon_quality=0.274742
volume_quality=2.04887
