epsilon_quality=0.383075
volume_quality=2.49563
