epsilon_quality=0.0794651
volume_quality=0.0377709
