epsilon_quality=0.00181994
volume_quality=0.0611261
