epsilon_quality=0.161294
volume_quality=0.388471
