epsilon_quality=0.0594421
volume_quality=0.0695567
