epsilon_quality=0.0921724
volume_quality=0.0481483
