epsilon_quality=0.0364386
volume_quality=0.127457
