epsilon_quality=0.144669
volume_quality=0.386739
