epsilon_quality=0.228285
volume_quality=0.67229
