epsilon_quality=0.199093
volume_quality=0.288234
