epsilon_quality=0.100475
volume_quality=0.0804337
