epsilon_quality=0.0547785
volume_quality=0.0470459
