epsilon_quality=0.0610793
volume_quality=0.147876
