epsilon_quality=0.151209
volume_quality=0.475184
