gpsEpsilon=29.2052
gpsVolume=204.719
mQualEpsilon=0.0326473
mQualVolume=0.0058005
new_planned_energy=58.2101
