gpsEpsilon=44.6547
gpsVolume=191.396
mQualEpsilon=0.0251397
mQualVolume=0.000602098
new_planned_energy=71.5888
