gpsEpsilon=41.5087
gpsVolume=212.121
mQualEpsilon=0.0244078
mQualVolume=0.000769802
new_planned_energy=94.3515
