gpsEpsilon=44.8434
gpsVolume=212.121
mQualEpsilon=0.0422125
mQualVolume=0.00227827
new_planned_energy=108.388
