gpsEpsilon=1.30943e-315
gpsVolume=2.47033e-323
mQualEpsilon=-1
mQualVolume=0.000516774
new_planned_energy=78.8679
