gpsEpsilon=53.228
gpsVolume=244.689
mQualEpsilon=0.0857427
mQualVolume=0.0389864
new_planned_energy=53.0198
