gpsEpsilon=44.4373
gpsVolume=228.405
mQualEpsilon=1.47927
mQualVolume=37.8779
new_planned_energy=-1.47927
