gpsEpsilon=41.1538
gpsVolume=212.121
mQualEpsilon=0.0147881
mQualVolume=0.0331489
new_planned_energy=37.4289
