gpsEpsilon=45.4411
gpsVolume=212.121
mQualEpsilon=0.0251397
mQualVolume=0.000602098
new_planned_energy=90.0039
