gpsEpsilon=47.6153
gpsVolume=189.916
mQualEpsilon=0.0331658
mQualVolume=0.0101539
new_planned_energy=33.9132
