epsilon_quality=0.14491
volume_quality=0.070285
