epsilon_quality=0.0421339
volume_quality=0.00489303
