epsilon_quality=0.0368653
volume_quality=0.00363034
