epsilon_quality=0.077808
volume_quality=0.015045
