epsilon_quality=0.0363888
volume_quality=0.0306187
