epsilon_quality=0.0407729
volume_quality=0.0397096
