epsilon_quality=0.104953
volume_quality=0.089446
