epsilon_quality=0.165557
volume_quality=0.958227
