epsilon_quality=0.0663903
volume_quality=0.0233053
