epsilon_quality=0.186616
volume_quality=0.40951
