epsilon_quality=0.00377731
volume_quality=0.013433
