epsilon_quality=0.0854648
volume_quality=0.103088
