epsilon_quality=0.0883166
volume_quality=0.424715
