epsilon_quality=0.168154
volume_quality=0.328138
