epsilon_quality=0.17584
volume_quality=0.470144
