epsilon_quality=0.071098
volume_quality=0.15102
