epsilon_quality=0.0557751
volume_quality=0.109063
