gpsEpsilon=15.778
gpsVolume=19.8833
mQualEpsilon=0.00304366
mQualVolume=0.000107859
new_planned_energy=34.2484
