gpsEpsilon=23.673
gpsVolume=64.1741
mQualEpsilon=0.0170386
mQualVolume=0.00367167
new_planned_energy=81.831
