gpsEpsilon=30.5247
gpsVolume=37.1785
mQualEpsilon=0.0301032
mQualVolume=0.00952722
new_planned_energy=92.7902
