gpsEpsilon=30.339
gpsVolume=58.0895
mQualEpsilon=0.0731994
mQualVolume=0.0267496
new_planned_energy=28.6389
