gpsEpsilon=29.8651
gpsVolume=83.4344
mQualEpsilon=0.027923
mQualVolume=0.0141086
new_planned_energy=41.4547
