gpsEpsilon=8.76412
gpsVolume=75.2597
mQualEpsilon=0.0235874
mQualVolume=0.00120632
new_planned_energy=60.7461
