gpsEpsilon=33.2351
gpsVolume=75.2597
mQualEpsilon=0.0389737
mQualVolume=0.004153
new_planned_energy=29.7476
