gpsEpsilon=6.47576
gpsVolume=64.4482
mQualEpsilon=-1
mQualVolume=0.00132714
new_planned_energy=43.2435
