gpsEpsilon=33.2831
gpsVolume=64.4482
mQualEpsilon=0.046865
mQualVolume=0.00976004
new_planned_energy=58.2395
