gpsEpsilon=6.72877
gpsVolume=49.1208
mQualEpsilon=-1
mQualVolume=0.00748619
new_planned_energy=63.8568
