gpsEpsilon=9.68619
gpsVolume=35.1777
mQualEpsilon=-1
mQualVolume=0.0262993
new_planned_energy=78.6204
