epsilon_quality=0.221015
volume_quality=2.21265
