epsilon_quality=0.0101837
volume_quality=0.0139009
