gpsEpsilon=24.0809
gpsVolume=143.475
mQualEpsilon=0.0144628
mQualVolume=0.00783298
new_planned_energy=85.2493
