gpsEpsilon=17.5511
gpsVolume=133.329
mQualEpsilon=0.0107462
mQualVolume=0.000715032
new_planned_energy=79.4964
