gpsEpsilon=27.2453
gpsVolume=198.727
mQualEpsilon=0.0296146
mQualVolume=0.00597374
new_planned_energy=79.6994
