gpsEpsilon=14.9894
gpsVolume=239.312
mQualEpsilon=0.00707837
mQualVolume=0.00119763
new_planned_energy=88.4751
