gpsEpsilon=20.816
gpsVolume=137.146
mQualEpsilon=0.00857543
mQualVolume=0.00018528
new_planned_energy=65.9494
