gpsEpsilon=19.4598
gpsVolume=136.945
mQualEpsilon=0.00973282
mQualVolume=0.00326181
new_planned_energy=65.9695
