epsilon_quality=0.0143228
volume_quality=0.00716552
