epsilon_quality=0.00209334
volume_quality=0.0306298
