epsilon_quality=0.0620619
volume_quality=0.0537996
