epsilon_quality=0.0503816
volume_quality=0.0461117
