epsilon_quality=0.0879647
volume_quality=0.347051
