epsilon_quality=0.0713099
volume_quality=0.108351
