epsilon_quality=0.0493537
volume_quality=0.306464
