epsilon_quality=0.056603
volume_quality=0.0565166
