epsilon_quality=0.0273165
volume_quality=0.00238726
