epsilon_quality=0.00424028
volume_quality=0.00445304
