epsilon_quality=0.0499425
volume_quality=0.00880421
