epsilon_quality=0.119831
volume_quality=0.0660332
