gpsEpsilon=108.133
gpsVolume=110.128
mQualEpsilon=0.0116696
mQualVolume=0.000426539
new_planned_energy=50.5072
