gpsEpsilon=9.31706e-316
gpsVolume=0
mQualEpsilon=0.0499785
mQualVolume=0.00849793
new_planned_energy=26.3618
