gpsEpsilon=9.31706e-316
gpsVolume=0
mQualEpsilon=1.59745
mQualVolume=54.1853
new_planned_energy=45.0905
