gpsEpsilon=9.31706e-316
gpsVolume=0
mQualEpsilon=1.61146
mQualVolume=55.1176
new_planned_energy=-1.61146
