gpsEpsilon=8.8732e-316
gpsVolume=0
mQualEpsilon=1.67205
mQualVolume=51.6631
new_planned_energy=-1.67205
