gpsEpsilon=8.8732e-316
gpsVolume=0
mQualEpsilon=1.68422
mQualVolume=51.4631
new_planned_energy=-1.68422
