gpsEpsilon=8.8732e-316
gpsVolume=0
mQualEpsilon=0.00893978
mQualVolume=0.00551786
new_planned_energy=35.2076
