gpsEpsilon=8.8732e-316
gpsVolume=0
mQualEpsilon=1.45007
mQualVolume=45.9657
new_planned_energy=-1.45007
