gpsEpsilon=7.60538e-316
gpsVolume=0
mQualEpsilon=-1
mQualVolume=0.00632676
new_planned_energy=65.4451
