gpsEpsilon=1.1805e-315
gpsVolume=4.2686e-316
mQualEpsilon=0.0611412
mQualVolume=0.0109373
new_planned_energy=17.0182
