gpsEpsilon=77.0197
gpsVolume=245.843
mQualEpsilon=7.10782e-05
mQualVolume=0.00586615
new_planned_energy=24.2107
