gpsEpsilon=71.6758
gpsVolume=83.2947
mQualEpsilon=1.50016
mQualVolume=53.6232
new_planned_energy=-1.50016
