gpsEpsilon=71.6758
gpsVolume=83.2947
mQualEpsilon=1.49872
mQualVolume=52.3157
new_planned_energy=-1.49872
