gpsEpsilon=71.6758
gpsVolume=83.2947
mQualEpsilon=1.48211
mQualVolume=48.1422
new_planned_energy=-1.48211
