gpsEpsilon=71.6758
gpsVolume=83.2947
mQualEpsilon=1.52942
mQualVolume=47.7293
new_planned_energy=-1.52942
