gpsEpsilon=71.6758
gpsVolume=83.2947
mQualEpsilon=1.50289
mQualVolume=53.9878
new_planned_energy=-1.50289
