gpsEpsilon=71.6758
gpsVolume=83.2947
mQualEpsilon=1.52081
mQualVolume=49.7273
new_planned_energy=-1.52081
