gpsEpsilon=68.8746
gpsVolume=74.7928
mQualEpsilon=0.000880045
mQualVolume=0.000188441
new_planned_energy=70.8354
