gpsEpsilon=68.8746
gpsVolume=74.7928
mQualEpsilon=-1
mQualVolume=2.46022
new_planned_energy=5.82062
