gpsEpsilon=68.12
gpsVolume=63.6991
mQualEpsilon=0.0348936
mQualVolume=0.00849047
new_planned_energy=20.6913
