gpsEpsilon=76.3298
gpsVolume=73.9869
mQualEpsilon=0.0194897
mQualVolume=0.010011
new_planned_energy=11.4644
