gpsEpsilon=212.023
gpsVolume=167.178
mQualEpsilon=0.0161337
mQualVolume=0.00200002
new_planned_energy=60.2613
