gpsEpsilon=210.034
gpsVolume=141.783
mQualEpsilon=0.0658707
mQualVolume=0.0143439
new_planned_energy=62.606
