gpsEpsilon=126.722
gpsVolume=112.09
mQualEpsilon=0.0736489
mQualVolume=0.0106235
new_planned_energy=49.6351
