gpsEpsilon=223.498
gpsVolume=165.115
mQualEpsilon=0.0158911
mQualVolume=0.000881836
new_planned_energy=54.8808
