gpsEpsilon=231.684
gpsVolume=142.385
mQualEpsilon=0.00901481
mQualVolume=0.0127975
new_planned_energy=65.0487
