gpsEpsilon=234.558
gpsVolume=127.531
mQualEpsilon=0.0658542
mQualVolume=0.00870463
new_planned_energy=71.8696
