gpsEpsilon=236.103
gpsVolume=121.703
mQualEpsilon=0.0629166
mQualVolume=0.0046978
new_planned_energy=26.0734
