gpsEpsilon=195.094
gpsVolume=137.882
mQualEpsilon=0.102351
mQualVolume=0.0219354
new_planned_energy=53.2247
