gpsEpsilon=206.321
gpsVolume=111.16
mQualEpsilon=0.0322592
mQualVolume=0.0032095
new_planned_energy=43.1963
