epsilon_quality=1.94289e-16
volume_quality=0.0450453
