epsilon_quality=0.106599
volume_quality=0.101173
