epsilon_quality=0.0132201
volume_quality=0.00253162
