epsilon_quality=0.0365059
volume_quality=0.0157974
