epsilon_quality=0.0368662
volume_quality=0.0309414
