epsilon_quality=0.0280607
volume_quality=0.0252168
