epsilon_quality=0.0860508
volume_quality=0.0331212
