epsilon_quality=0.0215888
volume_quality=0.04986
