epsilon_quality=0.0518615
volume_quality=0.020603
