epsilon_quality=0.169658
volume_quality=0.294607
