epsilon_quality=0.120312
volume_quality=0.186654
