epsilon_quality=0.0962171
volume_quality=0.19463
