epsilon_quality=0.246413
volume_quality=1.16183
