epsilon_quality=0.0826285
volume_quality=0.323592
