epsilon_quality=0.285166
volume_quality=0.643556
