epsilon_quality=0.0709606
volume_quality=0.0401114
