epsilon_quality=0.0560561
volume_quality=0.0363734
