epsilon_quality=0.166773
volume_quality=0.328318
