epsilon_quality=0.0858092
volume_quality=0.0631299
