epsilon_quality=0.122218
volume_quality=0.569194
