epsilon_quality=0.0291361
volume_quality=0.470622
