epsilon_quality=0.189313
volume_quality=0.278622
