epsilon_quality=0.0513316
volume_quality=0.0865458
