epsilon_quality=0.343852
volume_quality=1.38702
