epsilon_quality=0.193566
volume_quality=0.48523
