epsilon_quality=0.0715868
volume_quality=0.0480844
