epsilon_quality=0.151605
volume_quality=0.334563
