epsilon_quality=0.0161169
volume_quality=0.0954408
