epsilon_quality=0.14325
volume_quality=0.239402
