epsilon_quality=0.0802565
volume_quality=0.137667
