epsilon_quality=0.121421
volume_quality=0.107714
