epsilon_quality=0.251578
volume_quality=0.756621
