epsilon_quality=0.254275
volume_quality=1.38048
