epsilon_quality=0.0949697
volume_quality=0.0595296
