epsilon_quality=0.168712
volume_quality=0.243905
