epsilon_quality=0.136607
volume_quality=0.103333
