epsilon_quality=0.0455834
volume_quality=0.0317855
