epsilon_quality=0.0165774
volume_quality=0.00294551
