epsilon_quality=0.178922
volume_quality=0.466326
