epsilon_quality=0.0917461
volume_quality=0.51597
