epsilon_quality=0.250735
volume_quality=0.639836
