epsilon_quality=0.118579
volume_quality=0.231105
