epsilon_quality=0.0338011
volume_quality=0.309368
