epsilon_quality=0.0464599
volume_quality=0.0106206
