epsilon_quality=0.0464139
volume_quality=0.0562543
