epsilon_quality=0.096316
volume_quality=0.0287925
