epsilon_quality=0.0401615
volume_quality=0.0427859
