epsilon_quality=0.0983577
volume_quality=0.0682105
