epsilon_quality=0.0778101
volume_quality=0.067849
