epsilon_quality=0.0909879
volume_quality=0.0461566
