epsilon_quality=0.231584
volume_quality=0.292261
