epsilon_quality=0.171194
volume_quality=0.740155
