epsilon_quality=0.0472286
volume_quality=0.0144377
