epsilon_quality=0.0152749
volume_quality=0.00418271
