epsilon_quality=0.0425832
volume_quality=0.0692261
