epsilon_quality=0.0548696
volume_quality=0.0166792
