epsilon_quality=0.0162213
volume_quality=0.0506884
