epsilon_quality=0.0491901
volume_quality=0.153318
