epsilon_quality=0.0404148
volume_quality=0.0335487
