epsilon_quality=0.0509914
volume_quality=0.0247097
