epsilon_quality=0.152343
volume_quality=0.146863
