epsilon_quality=0.198244
volume_quality=0.301767
