epsilon_quality=0.102147
volume_quality=1.23971
