epsilon_quality=0.0347679
volume_quality=0.0245779
