epsilon_quality=0.0236283
volume_quality=0.0308377
