epsilon_quality=0.0161793
volume_quality=0.0443373
