epsilon_quality=0.10815
volume_quality=0.28222
