epsilon_quality=0.101765
volume_quality=0.217181
