epsilon_quality=0.265363
volume_quality=1.74471
