epsilon_quality=0.177396
volume_quality=0.314652
