epsilon_quality=0.0478573
volume_quality=0.0213557
