epsilon_quality=0.0406603
volume_quality=0.0045829
