epsilon_quality=0.0218149
volume_quality=0.00562479
