epsilon_quality=0.0962925
volume_quality=0.0758561
