epsilon_quality=0.0471154
volume_quality=0.142659
