epsilon_quality=0.072972
volume_quality=0.0198612
