epsilon_quality=0.0746888
volume_quality=0.0613662
