epsilon_quality=0.100916
volume_quality=0.280695
