epsilon_quality=0.147873
volume_quality=0.369888
