epsilon_quality=0.0108721
volume_quality=0.0098406
