epsilon_quality=0.0551971
volume_quality=0.0263813
