epsilon_quality=0.0274627
volume_quality=0.111102
