epsilon_quality=0.194292
volume_quality=0.667542
