epsilon_quality=0.00529415
volume_quality=0.0157646
