epsilon_quality=0.0455461
volume_quality=0.0193985
