epsilon_quality=0.0894185
volume_quality=0.080544
