epsilon_quality=0.0731204
volume_quality=0.0397059
