epsilon_quality=0.0445024
volume_quality=0.0764245
