epsilon_quality=0.0555994
volume_quality=0.0978694
