epsilon_quality=0.145396
volume_quality=0.273371
