epsilon_quality=0.189243
volume_quality=1.23762
