epsilon_quality=0.0689789
volume_quality=0.132369
