epsilon_quality=0.0791315
volume_quality=0.169886
