epsilon_quality=0.10693
volume_quality=0.0526995
