epsilon_quality=0.0698969
volume_quality=0.199036
