epsilon_quality=0.102135
volume_quality=0.267249
