epsilon_quality=0.185745
volume_quality=0.564976
