epsilon_quality=0.134244
volume_quality=0.198334
