epsilon_quality=0.0671214
volume_quality=0.387068
