epsilon_quality=0.0945847
volume_quality=0.420258
