epsilon_quality=0.16857
volume_quality=0.235049
