epsilon_quality=0.0661343
volume_quality=0.108819
