epsilon_quality=0.155174
volume_quality=0.179614
