epsilon_quality=0.210923
volume_quality=0.506051
