epsilon_quality=0.0382695
volume_quality=0.078197
