epsilon_quality=0.0902513
volume_quality=0.434433
