epsilon_quality=0.0563597
volume_quality=0.182519
