epsilon_quality=0.017892
volume_quality=0.0151565
