epsilon_quality=0.0495602
volume_quality=0.0429109
