epsilon_quality=0.019555
volume_quality=0.0378701
