gpsEpsilon=133.49
gpsVolume=162.791
mQualEpsilon=1.53429
mQualVolume=56.0001
new_planned_energy=-1.53429
