gpsEpsilon=133.49
gpsVolume=162.791
mQualEpsilon=1.53024
mQualVolume=55.558
new_planned_energy=-1.53024
