gpsEpsilon=133.49
gpsVolume=162.791
mQualEpsilon=1.51757
mQualVolume=55.8731
new_planned_energy=-1.51757
