gpsEpsilon=133.49
gpsVolume=162.791
mQualEpsilon=1.55169
mQualVolume=54.9581
new_planned_energy=-1.55169
