gpsEpsilon=133.49
gpsVolume=162.791
mQualEpsilon=1.53173
mQualVolume=54.8812
new_planned_energy=-1.53173
