gpsEpsilon=133.49
gpsVolume=162.791
mQualEpsilon=1.54806
mQualVolume=56.0365
new_planned_energy=-1.54806
