gpsEpsilon=133.424
gpsVolume=162.216
mQualEpsilon=1.71216
mQualVolume=53.9856
new_planned_energy=-1.71216
