gpsEpsilon=133.424
gpsVolume=162.216
mQualEpsilon=1.68176
mQualVolume=54.3047
new_planned_energy=-1.68176
