gpsEpsilon=133.424
gpsVolume=162.216
mQualEpsilon=1.74155
mQualVolume=54.6302
new_planned_energy=-1.74155
