gpsEpsilon=133.424
gpsVolume=162.216
mQualEpsilon=1.70566
mQualVolume=54.1546
new_planned_energy=-1.70566
