gpsEpsilon=133.424
gpsVolume=162.216
mQualEpsilon=1.70801
mQualVolume=54.2515
new_planned_energy=-1.70801
