gpsEpsilon=133.424
gpsVolume=162.216
mQualEpsilon=1.63228
mQualVolume=53.37
new_planned_energy=-1.63228
