gpsEpsilon=132.972
gpsVolume=161.843
mQualEpsilon=1.86042
mQualVolume=56.3608
new_planned_energy=-1.86042
