gpsEpsilon=132.972
gpsVolume=161.843
mQualEpsilon=1.82929
mQualVolume=56.0493
new_planned_energy=-1.82929
