gpsEpsilon=132.972
gpsVolume=161.843
mQualEpsilon=1.72192
mQualVolume=54.5638
new_planned_energy=-1.72192
