gpsEpsilon=139.869
gpsVolume=154.949
mQualEpsilon=1.56204
mQualVolume=45.4071
new_planned_energy=-1.56204
