gpsEpsilon=139.869
gpsVolume=154.949
mQualEpsilon=1.60412
mQualVolume=45.4415
new_planned_energy=-1.60412
