gpsEpsilon=139.869
gpsVolume=154.949
mQualEpsilon=1.51768
mQualVolume=44.1424
new_planned_energy=-1.51768
