gpsEpsilon=139.784
gpsVolume=154.456
mQualEpsilon=1.65905
mQualVolume=57.9314
new_planned_energy=-1.65905
