gpsEpsilon=139.784
gpsVolume=154.456
mQualEpsilon=1.66205
mQualVolume=57.5053
new_planned_energy=-1.66205
