gpsEpsilon=139.784
gpsVolume=154.456
mQualEpsilon=1.58202
mQualVolume=56.6934
new_planned_energy=-1.58202
