gpsEpsilon=139.784
gpsVolume=154.456
mQualEpsilon=1.68227
mQualVolume=55.9093
new_planned_energy=-1.68227
