gpsEpsilon=-0.187837
gpsVolume=3.4226
mQualEpsilon=-1
mQualVolume=0.0118893
new_planned_energy=19.421
