gpsEpsilon=0.147283
gpsVolume=0.474068
mQualEpsilon=1.71976
mQualVolume=56.8841
new_planned_energy=-1.71976
