gpsEpsilon=0.147283
gpsVolume=0.474068
mQualEpsilon=1.76127
mQualVolume=57.9538
new_planned_energy=13.7922
