gpsEpsilon=0.147283
gpsVolume=0.474068
mQualEpsilon=1.70771
mQualVolume=55.5095
new_planned_energy=-1.70771
