gpsEpsilon=0.147283
gpsVolume=0.474068
mQualEpsilon=1.69339
mQualVolume=55.4391
new_planned_energy=-1.69339
