gpsEpsilon=2.34942e-315
gpsVolume=2.34941e-315
mQualEpsilon=1.68807
mQualVolume=47.4478
new_planned_energy=-1.68807
