gpsEpsilon=2.34942e-315
gpsVolume=2.34941e-315
mQualEpsilon=1.72455
mQualVolume=47.0335
new_planned_energy=-1.72455
