gpsEpsilon=2.34942e-315
gpsVolume=2.34941e-315
mQualEpsilon=1.84069
mQualVolume=47.7793
new_planned_energy=-1.84069
