gpsEpsilon=2.34942e-315
gpsVolume=2.34941e-315
mQualEpsilon=1.7847
mQualVolume=47.9056
new_planned_energy=-1.7847
