gpsEpsilon=2.34942e-315
gpsVolume=2.34941e-315
mQualEpsilon=1.80159
mQualVolume=46.842
new_planned_energy=-1.80159
