gpsEpsilon=2.34942e-315
gpsVolume=2.34941e-315
mQualEpsilon=0.052747
mQualVolume=0.0145417
new_planned_energy=13.6897
