gpsEpsilon=184.767
gpsVolume=231.486
mQualEpsilon=1.38991
mQualVolume=44.4112
new_planned_energy=-1.38991
