gpsEpsilon=222.329
gpsVolume=201.265
mQualEpsilon=1.93187
mQualVolume=52.0333
new_planned_energy=-1.93187
