gpsEpsilon=222.329
gpsVolume=201.265
mQualEpsilon=1.89209
mQualVolume=52.5097
new_planned_energy=-1.89209
