gpsEpsilon=222.329
gpsVolume=201.265
mQualEpsilon=1.91776
mQualVolume=51.8823
new_planned_energy=-1.91776
