gpsEpsilon=222.329
gpsVolume=201.265
mQualEpsilon=1.91511
mQualVolume=51.8308
new_planned_energy=-1.91511
