gpsEpsilon=222.329
gpsVolume=201.265
mQualEpsilon=1.92027
mQualVolume=52.0618
new_planned_energy=-1.92027
