gpsEpsilon=148.849
gpsVolume=155.056
mQualEpsilon=0.0532439
mQualVolume=0.0404326
new_planned_energy=45.1742
