gpsEpsilon=143.684
gpsVolume=158.44
mQualEpsilon=1.92024
mQualVolume=54.6369
new_planned_energy=-1.92024
