gpsEpsilon=143.684
gpsVolume=158.44
mQualEpsilon=1.87913
mQualVolume=51.0258
new_planned_energy=-1.87913
