epsilon_quality=0.0837633
volume_quality=0.243362
