epsilon_quality=0.0688793
volume_quality=0.0685882
