epsilon_quality=0.0690742
volume_quality=0.0268681
