epsilon_quality=0.0502296
volume_quality=0.125288
