epsilon_quality=0.0390258
volume_quality=0.137689
