epsilon_quality=0.162956
volume_quality=0.492542
