epsilon_quality=0.0948523
volume_quality=0.238889
