epsilon_quality=0.0339157
volume_quality=0.0473552
