epsilon_quality=0.133188
volume_quality=0.264708
