epsilon_quality=0.183988
volume_quality=0.345192
