epsilon_quality=0.0295459
volume_quality=0.0469953
