epsilon_quality=0.0924362
volume_quality=0.211116
