epsilon_quality=0.134438
volume_quality=0.374916
