epsilon_quality=0.0560062
volume_quality=0.0483337
