epsilon_quality=0.0259085
volume_quality=0.0512128
