epsilon_quality=0.270809
volume_quality=1.58332
