epsilon_quality=0.136057
volume_quality=0.350003
