epsilon_quality=0.039233
volume_quality=0.0120557
