epsilon_quality=0.0352314
volume_quality=0.021176
