epsilon_quality=0.000668172
volume_quality=0.0122705
