epsilon_quality=0.0456144
volume_quality=0.0414833
