epsilon_quality=0.0372924
volume_quality=0.00675661
