epsilon_quality=0.0548322
volume_quality=0.0197737
