epsilon_quality=0.0203771
volume_quality=0.00362384
