epsilon_quality=0.0328473
volume_quality=0.00171317
