epsilon_quality=0.0180264
volume_quality=0.00406262
