epsilon_quality=0.041031
volume_quality=0.00509958
