epsilon_quality=0.216263
volume_quality=0.289878
