epsilon_quality=0.0532657
volume_quality=0.0533418
