epsilon_quality=0.00740608
volume_quality=0.0542832
