epsilon_quality=0.0747398
volume_quality=0.0272247
