epsilon_quality=0.0360634
volume_quality=0.0154693
