epsilon_quality=0.0218863
volume_quality=0.0152884
