epsilon_quality=0.0754152
volume_quality=0.0139378
