epsilon_quality=0.0342156
volume_quality=0.0147714
