epsilon_quality=0.0329371
volume_quality=0.0810649
