epsilon_quality=0.123471
volume_quality=0.033681
