epsilon_quality=0.131715
volume_quality=0.161784
