epsilon_quality=0.0335966
volume_quality=0.0350439
