epsilon_quality=0.0253834
volume_quality=0.0031818
