epsilon_quality=0.0253499
volume_quality=0.0650202
