epsilon_quality=0.144739
volume_quality=0.216433
