epsilon_quality=0.0732286
volume_quality=0.194808
