epsilon_quality=0.0460773
volume_quality=0.0305395
