epsilon_quality=0.11042
volume_quality=0.110459
