epsilon_quality=0.0660151
volume_quality=0.696883
