epsilon_quality=0.248415
volume_quality=1.69638
