epsilon_quality=0.135536
volume_quality=0.216336
