epsilon_quality=0.197432
volume_quality=0.428329
