epsilon_quality=0.197761
volume_quality=0.793801
