epsilon_quality=0.143185
volume_quality=0.218019
