epsilon_quality=0.191996
volume_quality=0.29231
