epsilon_quality=0.0855363
volume_quality=0.249583
