epsilon_quality=0.105405
volume_quality=0.0714004
