epsilon_quality=0.178489
volume_quality=0.364493
