epsilon_quality=0.101992
volume_quality=0.0796258
