epsilon_quality=0.0353998
volume_quality=0.0725334
