epsilon_quality=0.0226487
volume_quality=0.00473778
