epsilon_quality=0.10199
volume_quality=0.0734528
