epsilon_quality=0.131571
volume_quality=0.160122
