epsilon_quality=0.0638335
volume_quality=0.0975264
