epsilon_quality=0.243744
volume_quality=1.36677
