epsilon_quality=0.0803992
volume_quality=0.373881
