epsilon_quality=0.0465481
volume_quality=0.0122467
