epsilon_quality=0.137943
volume_quality=0.130753
