epsilon_quality=0.175693
volume_quality=0.260663
