epsilon_quality=0.202264
volume_quality=0.482726
