epsilon_quality=0.133634
volume_quality=0.167262
