epsilon_quality=0.209257
volume_quality=0.344702
