epsilon_quality=0.214357
volume_quality=0.909563
