epsilon_quality=0.0439868
volume_quality=0.134143
