epsilon_quality=0.21135
volume_quality=0.218771
