epsilon_quality=0.124413
volume_quality=0.369347
