epsilon_quality=0.0615884
volume_quality=0.0906869
