epsilon_quality=0.07577
volume_quality=0.312712
