epsilon_quality=0.0570078
volume_quality=0.0844717
