epsilon_quality=0.0737942
volume_quality=0.127777
