epsilon_quality=0.0973354
volume_quality=0.0359381
