epsilon_quality=0.105238
volume_quality=0.214063
