epsilon_quality=0.0296443
volume_quality=0.0153318
