epsilon_quality=0.0278599
volume_quality=0.00677893
