epsilon_quality=0.0966361
volume_quality=0.0486512
