epsilon_quality=0.0350915
volume_quality=0.0432719
