epsilon_quality=0.0553646
volume_quality=0.252083
