epsilon_quality=0.0406038
volume_quality=0.238882
