epsilon_quality=0.0797767
volume_quality=0.019174
