epsilon_quality=0.0223401
volume_quality=0.0444482
