epsilon_quality=0.0577753
volume_quality=0.0360375
