epsilon_quality=0.0753393
volume_quality=0.0119097
