epsilon_quality=0.0212109
volume_quality=0.0769971
