epsilon_quality=0.167661
volume_quality=0.402745
