epsilon_quality=0.10512
volume_quality=0.196175
