epsilon_quality=0.148189
volume_quality=0.282017
