epsilon_quality=0.0948311
volume_quality=0.106819
