epsilon_quality=0.128581
volume_quality=1.19573
