epsilon_quality=0.13938
volume_quality=0.705749
