epsilon_quality=0.344549
volume_quality=2.43884
