epsilon_quality=0.111005
volume_quality=0.688084
