epsilon_quality=0.11244
volume_quality=0.599579
