epsilon_quality=0.181654
volume_quality=0.582968
