epsilon_quality=0.27948
volume_quality=1.70175
