epsilon_quality=0.0293559
volume_quality=0.0137957
