epsilon_quality=0.0711825
volume_quality=0.103782
