epsilon_quality=0.0783243
volume_quality=0.113485
