epsilon_quality=0.0773313
volume_quality=0.0691431
