epsilon_quality=0.266411
volume_quality=1.48063
