epsilon_quality=0.088503
volume_quality=0.043521
