epsilon_quality=0.0722581
volume_quality=0.0986604
