epsilon_quality=0.0268857
volume_quality=0.143079
