epsilon_quality=0.01875
volume_quality=0.0387389
