epsilon_quality=0.0413276
volume_quality=0.0419484
