epsilon_quality=0.171365
volume_quality=0.552693
