epsilon_quality=0.233699
volume_quality=0.617794
