epsilon_quality=0.0995399
volume_quality=0.784094
