epsilon_quality=0.0681435
volume_quality=0.0965505
