epsilon_quality=0.0673056
volume_quality=0.216863
