epsilon_quality=0.252729
volume_quality=0.815135
