epsilon_quality=0.0823922
volume_quality=0.209646
