epsilon_quality=0.0799926
volume_quality=0.14295
