epsilon_quality=0.0431003
volume_quality=0.0107168
