epsilon_quality=0.0253635
volume_quality=0.038687
