epsilon_quality=0.0682215
volume_quality=0.267297
