epsilon_quality=0.0919708
volume_quality=0.868876
