epsilon_quality=0.111056
volume_quality=0.229083
