epsilon_quality=0.177472
volume_quality=0.707291
