epsilon_quality=0.175482
volume_quality=0.742113
