epsilon_quality=0.170069
volume_quality=1.27239
