epsilon_quality=0.339906
volume_quality=1.27202
