gpsEpsilon=26.0012
gpsVolume=25.1842
mQualEpsilon=0.000973523
mQualVolume=0.001662
new_planned_energy=63.8943
