gpsEpsilon=25.1843
gpsVolume=26.001
mQualEpsilon=0.0187779
mQualVolume=0.000162716
new_planned_energy=85.0791
