gpsEpsilon=22.4883
gpsVolume=20.7125
mQualEpsilon=0.0133406
mQualVolume=0.000773325
new_planned_energy=58.3708
