gpsEpsilon=25.4005
gpsVolume=22.1372
mQualEpsilon=0.0186831
mQualVolume=0.000391046
new_planned_energy=92.2654
