gpsEpsilon=27.7348
gpsVolume=23.164
mQualEpsilon=0.00209542
mQualVolume=0.000481013
new_planned_energy=76.1529
