gpsEpsilon=97.3513
gpsVolume=28.8371
mQualEpsilon=0.0169607
mQualVolume=0.000131494
new_planned_energy=46.2105
