gpsEpsilon=7.97148e-316
gpsVolume=6.95335e-310
mQualEpsilon=0.0172442
mQualVolume=0.00138199
new_planned_energy=118.785
