gpsEpsilon=18.2867
gpsVolume=20.9153
mQualEpsilon=0.0186291
mQualVolume=0.000391464
new_planned_energy=49.7781
