gpsEpsilon=13.435
gpsVolume=19.5424
mQualEpsilon=0.0140932
mQualVolume=0.000583393
new_planned_energy=77.6352
