gpsEpsilon=23.9137
gpsVolume=24.4128
mQualEpsilon=0.0153662
mQualVolume=0.000292612
new_planned_energy=75.4903
