gpsEpsilon=23.1466
gpsVolume=17.0309
mQualEpsilon=0.0109438
mQualVolume=0.00116521
new_planned_energy=75.0258
