gpsEpsilon=12.8412
gpsVolume=23.9136
mQualEpsilon=0.0109699
mQualVolume=0.000251024
new_planned_energy=56.8932
