epsilon_quality=0.0403675
volume_quality=0.0046811
