epsilon_quality=0.0240128
volume_quality=0.00464442
