epsilon_quality=0.0492199
volume_quality=0.0253967
