epsilon_quality=0.0558374
volume_quality=0.00382193
