epsilon_quality=0.0378967
volume_quality=0.00364368
