epsilon_quality=0.028477
volume_quality=0.00218604
