epsilon_quality=0.0380387
volume_quality=0.00194752
