epsilon_quality=0.0880655
volume_quality=0.0648636
