epsilon_quality=0.150788
volume_quality=0.208242
