epsilon_quality=0.0886509
volume_quality=0.090149
