epsilon_quality=0.0413499
volume_quality=0.023484
