epsilon_quality=0.0562866
volume_quality=0.0752947
