gpsEpsilon=30.0419
gpsVolume=66.6582
mQualEpsilon=0.0182353
mQualVolume=0.0042321
new_planned_energy=74.8761
