gpsEpsilon=30.0482
gpsVolume=147.924
mQualEpsilon=0.020638
mQualVolume=0.0065285
new_planned_energy=92.0225
