gpsEpsilon=29.9009
gpsVolume=107.51
mQualEpsilon=0.00176766
mQualVolume=0.0019013
new_planned_energy=69.6118
