gpsEpsilon=14.0664
gpsVolume=43.4581
mQualEpsilon=0.0266072
mQualVolume=0.00331197
new_planned_energy=106.274
