gpsEpsilon=29.7609
gpsVolume=117.678
mQualEpsilon=0.0435128
mQualVolume=0.0024028
new_planned_energy=54.1518
