gpsEpsilon=32.1699
gpsVolume=35.0124
mQualEpsilon=0.0122533
mQualVolume=0.0374717
new_planned_energy=100.12
