gpsEpsilon=30.0391
gpsVolume=117.427
mQualEpsilon=0.000720091
mQualVolume=0.00128091
new_planned_energy=110.475
