epsilon_quality=0.0420989
volume_quality=0.00304369
