epsilon_quality=0.061261
volume_quality=0.0121684
