epsilon_quality=0.0720683
volume_quality=0.00886315
