epsilon_quality=0.0969254
volume_quality=0.0533479
