epsilon_quality=0.076253
volume_quality=0.0609315
