epsilon_quality=0.00594529
volume_quality=0.0566319
