epsilon_quality=0.0877185
volume_quality=0.0708599
