epsilon_quality=0.0485484
volume_quality=0.0791202
