epsilon_quality=0.00263326
volume_quality=0.00723646
