epsilon_quality=0.0944267
volume_quality=0.0642668
