epsilon_quality=0.0541318
volume_quality=0.0187136
