epsilon_quality=1.82146e-17
volume_quality=0.0831354
