gpsEpsilon=11.9406
gpsVolume=76.2574
mQualEpsilon=0.00570512
mQualVolume=0.00019721
new_planned_energy=90.4403
