gpsEpsilon=8.76871
gpsVolume=75.9247
mQualEpsilon=0.0475107
mQualVolume=0.0061384
new_planned_energy=20.1068
