gpsEpsilon=7.62284
gpsVolume=74.5995
mQualEpsilon=-1
mQualVolume=0.00122079
new_planned_energy=68.3623
