gpsEpsilon=91.3826
gpsVolume=44.3248
mQualEpsilon=0.0236228
mQualVolume=0.00170887
new_planned_energy=34.3424
