gpsEpsilon=96.7715
gpsVolume=46.3019
mQualEpsilon=1.59831
mQualVolume=34.5966
new_planned_energy=-1.59831
