gpsEpsilon=87.394
gpsVolume=46.211
mQualEpsilon=0.00570127
mQualVolume=0.0025693
new_planned_energy=23.2928
