gpsEpsilon=207.125
gpsVolume=76.6089
mQualEpsilon=0.0501962
mQualVolume=0.00319445
new_planned_energy=44.5615
