epsilon_quality=0.129018
volume_quality=0.420135
