epsilon_quality=0.130913
volume_quality=0.578385
