epsilon_quality=0.318551
volume_quality=2.58158
