epsilon_quality=0.160058
volume_quality=0.452076
