epsilon_quality=0.0948517
volume_quality=0.0977528
