epsilon_quality=0.0869634
volume_quality=0.0802787
