epsilon_quality=0.155026
volume_quality=0.482789
