epsilon_quality=0.0942262
volume_quality=0.195493
