epsilon_quality=0.164537
volume_quality=0.11558
