epsilon_quality=0.0984396
volume_quality=0.0871763
