epsilon_quality=0.116558
volume_quality=0.0967774
