gpsEpsilon=3.83232e-311
gpsVolume=4.03391e-311
mQualEpsilon=-1
mQualVolume=0.00253594
new_planned_energy=55.3814
