gpsEpsilon=3.74736e-316
gpsVolume=2.32263e-316
mQualEpsilon=0.0799543
mQualVolume=0.0137124
new_planned_energy=67.7813
