gpsEpsilon=0.45595
gpsVolume=1.63042e-322
mQualEpsilon=0.0666233
mQualVolume=0.0204728
new_planned_energy=40.6315
