gpsEpsilon=9.48964
gpsVolume=0
mQualEpsilon=0.063028
mQualVolume=0.0160147
new_planned_energy=31.9226
