gpsEpsilon=0
gpsVolume=2.42092e-322
mQualEpsilon=0.0931375
mQualVolume=0.0422354
new_planned_energy=75.7185
