gpsEpsilon=2.19375e-316
gpsVolume=9.88131e-324
mQualEpsilon=0.0252326
mQualVolume=0.0116408
new_planned_energy=65.6591
