gpsEpsilon=172.541
gpsVolume=203.932
mQualEpsilon=0.0388223
mQualVolume=0.00559077
new_planned_energy=90.1644
