gpsEpsilon=95.0356
gpsVolume=206.464
mQualEpsilon=0.02056
mQualVolume=0.00243874
new_planned_energy=35.8779
