epsilon_quality=0.117732
volume_quality=0.174558
