epsilon_quality=0.0178595
volume_quality=0.0574863
