epsilon_quality=0.0247188
volume_quality=0.0138193
