epsilon_quality=0.127513
volume_quality=0.531456
