epsilon_quality=0.0479125
volume_quality=0.26362
