epsilon_quality=0.0182489
volume_quality=0.293014
