epsilon_quality=0.0832716
volume_quality=0.0383826
