epsilon_quality=0.111064
volume_quality=0.0945363
