epsilon_quality=0.0703925
volume_quality=0.0551526
