epsilon_quality=0.150113
volume_quality=0.478553
