epsilon_quality=0.207702
volume_quality=0.43606
