epsilon_quality=0.184774
volume_quality=0.570874
