epsilon_quality=0.256481
volume_quality=0.745749
