epsilon_quality=0.161444
volume_quality=0.34096
