epsilon_quality=0.0355018
volume_quality=0.0593373
