epsilon_quality=0.0484611
volume_quality=0.0282555
