epsilon_quality=0.00963
volume_quality=0.0575725
