epsilon_quality=0.0332449
volume_quality=0.0300874
