epsilon_quality=0.175057
volume_quality=0.179638
