epsilon_quality=0.0964807
volume_quality=0.639052
