epsilon_quality=0.0559918
volume_quality=0.0965675
