epsilon_quality=0.113787
volume_quality=0.354189
