epsilon_quality=0.0595168
volume_quality=0.01954
