epsilon_quality=0.0609858
volume_quality=0.0508286
