epsilon_quality=0.0269393
volume_quality=0.0214617
