epsilon_quality=0.172642
volume_quality=0.129033
