epsilon_quality=0.0965103
volume_quality=0.0656896
