epsilon_quality=0.106216
volume_quality=0.0469541
