epsilon_quality=0.220818
volume_quality=1.99256
