epsilon_quality=0.150403
volume_quality=0.403286
