epsilon_quality=0.000787793
volume_quality=0.0103321
