epsilon_quality=0.115924
volume_quality=0.0368552
