epsilon_quality=0.0745911
volume_quality=0.0348669
