epsilon_quality=0.085038
volume_quality=0.171464
