epsilon_quality=0.0936847
volume_quality=0.334822
