epsilon_quality=0.101344
volume_quality=0.306879
