epsilon_quality=0.0360725
volume_quality=0.0422559
