epsilon_quality=0.145189
volume_quality=0.548762
