epsilon_quality=0.124827
volume_quality=0.34536
