epsilon_quality=0.0799784
volume_quality=0.0490222
