epsilon_quality=0.113696
volume_quality=0.042457
