epsilon_quality=0.0979762
volume_quality=0.06846
