epsilon_quality=0.120712
volume_quality=0.0809132
