epsilon_quality=0.0143825
volume_quality=0.0823856
