epsilon_quality=0.0577455
volume_quality=0.00582111
