epsilon_quality=0.0531253
volume_quality=0.0346198
