epsilon_quality=0.228471
volume_quality=0.416974
