epsilon_quality=0.0956403
volume_quality=0.101964
