epsilon_quality=0.0634241
volume_quality=0.0720824
