epsilon_quality=0.0638217
volume_quality=0.0189511
