epsilon_quality=0.121608
volume_quality=0.136632
