epsilon_quality=0.114557
volume_quality=0.146691
