epsilon_quality=0.102566
volume_quality=0.114625
