epsilon_quality=0.143738
volume_quality=0.139497
