epsilon_quality=0.133238
volume_quality=0.250865
