epsilon_quality=0.0573044
volume_quality=0.061552
