epsilon_quality=0.0567694
volume_quality=0.0320227
