epsilon_quality=0.0219759
volume_quality=0.005395
