epsilon_quality=0.0434374
volume_quality=0.0268232
