epsilon_quality=0.0210751
volume_quality=0.00342787
