epsilon_quality=0.0562772
volume_quality=0.0679862
