epsilon_quality=0.0234999
volume_quality=0.0082358
