epsilon_quality=0.0537158
volume_quality=0.0467056
