epsilon_quality=0.00686542
volume_quality=0.000748131
