epsilon_quality=0.114996
volume_quality=0.06527
