epsilon_quality=0.0545984
volume_quality=0.232291
