epsilon_quality=0.145913
volume_quality=0.369241
