epsilon_quality=0.207432
volume_quality=0.270046
