epsilon_quality=0.120438
volume_quality=0.169063
