epsilon_quality=0.0261952
volume_quality=0.00254311
