epsilon_quality=0.123812
volume_quality=0.207742
