epsilon_quality=0.0296361
volume_quality=0.0486693
