epsilon_quality=0.055184
volume_quality=0.134969
