epsilon_quality=0.0771341
volume_quality=0.0305043
