epsilon_quality=0.130845
volume_quality=0.287707
