epsilon_quality=0.113222
volume_quality=0.193121
