epsilon_quality=0.0683083
volume_quality=0.127505
