epsilon_quality=0.0285239
volume_quality=0.0183106
