epsilon_quality=0.0585599
volume_quality=0.0852578
