epsilon_quality=0.067088
volume_quality=0.0425121
