epsilon_quality=0.186086
volume_quality=0.175236
