epsilon_quality=0.0755501
volume_quality=0.34176
