epsilon_quality=0.293005
volume_quality=0.929108
