epsilon_quality=0.081991
volume_quality=0.363914
