epsilon_quality=0.0428142
volume_quality=0.0863378
