epsilon_quality=0.0668049
volume_quality=0.0227238
