epsilon_quality=0.0884611
volume_quality=0.212501
