epsilon_quality=0.022264
volume_quality=0.0264933
