epsilon_quality=0.0641508
volume_quality=0.0975652
