epsilon_quality=0.0443124
volume_quality=0.0249418
