epsilon_quality=0.0928733
volume_quality=0.0988235
