epsilon_quality=0.0507292
volume_quality=0.0448291
