epsilon_quality=0.115371
volume_quality=0.122888
