epsilon_quality=0.166573
volume_quality=0.777792
