epsilon_quality=0.162833
volume_quality=0.493049
