epsilon_quality=0.102514
volume_quality=0.413889
