epsilon_quality=0.106328
volume_quality=0.255408
