epsilon_quality=0.226614
volume_quality=0.596776
