epsilon_quality=0.0100255
volume_quality=0.0542169
