epsilon_quality=0.138184
volume_quality=0.461215
