epsilon_quality=0.110696
volume_quality=0.0610278
