epsilon_quality=0.129197
volume_quality=0.312391
