epsilon_quality=0.0302677
volume_quality=0.00197149
