epsilon_quality=0.0776781
volume_quality=0.0281436
