epsilon_quality=0.0692788
volume_quality=0.0279458
