epsilon_quality=0.18322
volume_quality=0.169189
