epsilon_quality=0.143546
volume_quality=0.224481
