epsilon_quality=0.0947493
volume_quality=0.301377
