epsilon_quality=0.0342033
volume_quality=0.00723256
