epsilon_quality=0.0886606
volume_quality=0.066563
