epsilon_quality=0.225128
volume_quality=3.20402
