epsilon_quality=0.0191391
volume_quality=0.00886976
