epsilon_quality=0.0393354
volume_quality=0.0408219
