epsilon_quality=0.027703
volume_quality=0.0775993
