epsilon_quality=0.0399848
volume_quality=0.0448513
