epsilon_quality=0.0495533
volume_quality=0.0770725
