epsilon_quality=0.108797
volume_quality=0.0725597
