epsilon_quality=0.0287282
volume_quality=0.0174965
