epsilon_quality=0.00326579
volume_quality=0.0261644
