epsilon_quality=0.102867
volume_quality=0.0882389
