epsilon_quality=0.160126
volume_quality=0.233062
