epsilon_quality=0.171874
volume_quality=0.486701
