epsilon_quality=0.0461434
volume_quality=0.278269
