epsilon_quality=0.212084
volume_quality=0.359141
