epsilon_quality=0.00734002
volume_quality=0.0644656
