epsilon_quality=0.117525
volume_quality=0.238324
