epsilon_quality=0.0832665
volume_quality=0.0369934
