epsilon_quality=0.257828
volume_quality=1.06364
