epsilon_quality=0.0289491
volume_quality=0.043465
