epsilon_quality=0.0352387
volume_quality=0.0428011
