epsilon_quality=0.0307123
volume_quality=0.0126674
