epsilon_quality=0.0190083
volume_quality=0.00440086
