epsilon_quality=0.036608
volume_quality=0.00174316
