epsilon_quality=0.00930484
volume_quality=0.0493775
