epsilon_quality=0.0381585
volume_quality=0.0430959
