epsilon_quality=0.0501167
volume_quality=0.033917
