epsilon_quality=0.0344607
volume_quality=0.0986215
