epsilon_quality=0.0549794
volume_quality=0.031825
