epsilon_quality=0.0590774
volume_quality=0.0252826
