epsilon_quality=0.0105643
volume_quality=0.0316602
