epsilon_quality=0.0422181
volume_quality=0.0197131
