gpsEpsilon=1.40322e-315
gpsVolume=0
mQualEpsilon=-1
mQualVolume=0.0029363
new_planned_energy=25.057
