gpsEpsilon=7.28311e-316
gpsVolume=1.26657e-315
mQualEpsilon=1.47669
mQualVolume=51.6741
new_planned_energy=-1.47669
