gpsEpsilon=7.28311e-316
gpsVolume=1.26657e-315
mQualEpsilon=1.39531
mQualVolume=51.1576
new_planned_energy=9.46232
