gpsEpsilon=5.92879e-321
gpsVolume=3.16202e-322
mQualEpsilon=-1
mQualVolume=0.00193499
new_planned_energy=28.3136
