gpsEpsilon=7.9937e-316
gpsVolume=1.97626e-323
mQualEpsilon=0.0460781
mQualVolume=0.0108004
new_planned_energy=46.0499
