gpsEpsilon=221.563
gpsVolume=168.304
mQualEpsilon=1.38916
mQualVolume=54.2837
new_planned_energy=-1.38916
