gpsEpsilon=1.08549e-315
gpsVolume=0
mQualEpsilon=0.0216735
mQualVolume=0.0150067
new_planned_energy=27.7287
