gpsEpsilon=0.0078125
gpsVolume=0
mQualEpsilon=-1
mQualVolume=5.18356e-06
new_planned_energy=41.6918
