gpsEpsilon=22.8347
gpsVolume=185.005
mQualEpsilon=0.0550097
mQualVolume=0.00932241
new_planned_energy=22.1351
