gpsEpsilon=1.28728e-315
gpsVolume=0
mQualEpsilon=-1
mQualVolume=0.000330801
new_planned_energy=59.1226
