gpsEpsilon=6.83823e-316
gpsVolume=0
mQualEpsilon=-1
mQualVolume=0.00801156
new_planned_energy=71.2983
