epsilon_quality=0.138733
volume_quality=0.0731229
