epsilon_quality=0.0442177
volume_quality=0.00614909
