epsilon_quality=0.255266
volume_quality=0.697484
