epsilon_quality=0.0837961
volume_quality=0.139568
