epsilon_quality=0.0238618
volume_quality=0.0220506
