epsilon_quality=0.287414
volume_quality=4.25673
