epsilon_quality=0.250658
volume_quality=0.564029
