epsilon_quality=0.0431272
volume_quality=0.101716
