epsilon_quality=0.0629075
volume_quality=0.0144988
