epsilon_quality=0.0578613
volume_quality=0.0241095
