epsilon_quality=0.0617761
volume_quality=0.0230608
