epsilon_quality=0.0881509
volume_quality=0.0732394
