epsilon_quality=0.0373272
volume_quality=0.0527627
