epsilon_quality=0.0816432
volume_quality=0.0618963
