epsilon_quality=0.124832
volume_quality=0.122841
