epsilon_quality=0.108926
volume_quality=0.0526609
