epsilon_quality=0.0578059
volume_quality=0.210822
