epsilon_quality=0.154537
volume_quality=0.0980413
