epsilon_quality=0.125684
volume_quality=0.109495
