epsilon_quality=0.0226234
volume_quality=0.00237189
