epsilon_quality=0.023725
volume_quality=0.0553917
