epsilon_quality=0.0124008
volume_quality=0.00216135
