epsilon_quality=0.0459415
volume_quality=0.0033527
