epsilon_quality=0.0256009
volume_quality=0.00891891
