epsilon_quality=0.166551
volume_quality=0.235716
