epsilon_quality=0.137625
volume_quality=0.117589
