epsilon_quality=0.0826847
volume_quality=0.0636482
