epsilon_quality=0.0119715
volume_quality=0.127953
