epsilon_quality=0.147631
volume_quality=0.152492
