epsilon_quality=0.012069
volume_quality=0.042942
