epsilon_quality=0.038786
volume_quality=0.0193279
