epsilon_quality=0.0672616
volume_quality=0.0236026
