epsilon_quality=0.146368
volume_quality=0.419736
