epsilon_quality=0.13278
volume_quality=0.64629
