epsilon_quality=0.156533
volume_quality=1.71572
