gpsEpsilon=7.26712
gpsVolume=68.3433
mQualEpsilon=-1
mQualVolume=0.00158174
new_planned_energy=65.3094
