gpsEpsilon=9.13897
gpsVolume=80.5693
mQualEpsilon=-1
mQualVolume=0.0235319
new_planned_energy=115.175
