gpsEpsilon=1.3082e-315
gpsVolume=0
mQualEpsilon=0.059387
mQualVolume=0.0119667
new_planned_energy=32.3445
