gpsEpsilon=1.16436e-315
gpsVolume=0
mQualEpsilon=-1
mQualVolume=0.00742715
new_planned_energy=85.021
