gpsEpsilon=14.6743
gpsVolume=-9.5299
mQualEpsilon=0.00643024
mQualVolume=0.00664711
new_planned_energy=32.0378
