gpsEpsilon=8.76436e-316
gpsVolume=0
mQualEpsilon=-1
mQualVolume=0.0171754
new_planned_energy=79.047
