gpsEpsilon=0
gpsVolume=2.42092e-322
mQualEpsilon=0.0491483
mQualVolume=0.00894984
new_planned_energy=80.0842
