gpsEpsilon=2.27442e-316
gpsVolume=0
mQualEpsilon=-1
mQualVolume=0.0148663
new_planned_energy=55.2975
