gpsEpsilon=12.4922
gpsVolume=47.8782
mQualEpsilon=0.0943421
mQualVolume=0.0453031
new_planned_energy=103.154
