epsilon_quality=0.0411405
volume_quality=0.0198306
