epsilon_quality=0.0584081
volume_quality=0.0275898
