epsilon_quality=0.0673674
volume_quality=0.0688182
