epsilon_quality=0.0194819
volume_quality=0.28734
