epsilon_quality=0.0974168
volume_quality=0.274329
