epsilon_quality=0.152137
volume_quality=0.473578
