epsilon_quality=0.177754
volume_quality=0.403256
