epsilon_quality=0.0336047
volume_quality=0.0161293
