epsilon_quality=0.238259
volume_quality=0.970841
