epsilon_quality=0.196414
volume_quality=0.827917
