epsilon_quality=0.00341032
volume_quality=0.0429233
