epsilon_quality=0.0710478
volume_quality=0.0811862
