epsilon_quality=0.0477685
volume_quality=0.0506733
