epsilon_quality=0.06131
volume_quality=0.0712615
