epsilon_quality=0.0774021
volume_quality=0.30126
