epsilon_quality=0.0603596
volume_quality=0.0910672
