epsilon_quality=0.0188266
volume_quality=0.0517754
