epsilon_quality=0.0957304
volume_quality=0.0667157
