epsilon_quality=0.0193679
volume_quality=0.0025952
