epsilon_quality=0.0415283
volume_quality=0.0173882
