epsilon_quality=0.123825
volume_quality=0.200367
