epsilon_quality=0.0780052
volume_quality=0.0586864
