epsilon_quality=0.00758816
volume_quality=0.00944509
