epsilon_quality=0.0838371
volume_quality=0.122739
