epsilon_quality=0.138761
volume_quality=0.126908
