epsilon_quality=0.140249
volume_quality=0.277335
