epsilon_quality=0.154401
volume_quality=0.477889
