epsilon_quality=0.0980767
volume_quality=0.767048
