epsilon_quality=0.0764012
volume_quality=0.0511898
