epsilon_quality=0.0167976
volume_quality=0.0358307
