epsilon_quality=0.0243729
volume_quality=0.000695212
