epsilon_quality=0.248115
volume_quality=0.517671
