epsilon_quality=0.102305
volume_quality=0.151202
