epsilon_quality=0.0786807
volume_quality=0.0732197
