epsilon_quality=0.0814582
volume_quality=0.0983246
