epsilon_quality=0.127754
volume_quality=0.438645
