epsilon_quality=0.10454
volume_quality=0.180606
