epsilon_quality=0.164963
volume_quality=0.884874
