epsilon_quality=0.0974016
volume_quality=0.0865281
