epsilon_quality=0.080901
volume_quality=0.377817
