epsilon_quality=0.0294935
volume_quality=0.0603049
