epsilon_quality=0.0330236
volume_quality=0.0300106
