epsilon_quality=0.0365778
volume_quality=0.0221821
