epsilon_quality=0.0195279
volume_quality=0.00170482
