epsilon_quality=0.037674
volume_quality=0.0042478
