epsilon_quality=0.322702
volume_quality=1.30026
