epsilon_quality=0.0462782
volume_quality=0.25846
