epsilon_quality=0.0494783
volume_quality=0.206348
