epsilon_quality=0.0235532
volume_quality=0.00408256
