epsilon_quality=0.276703
volume_quality=0.680175
