epsilon_quality=0.286611
volume_quality=3.44152
