epsilon_quality=0.497349
volume_quality=5.91603
