epsilon_quality=0.0599425
volume_quality=0.00998322
