epsilon_quality=0.187023
volume_quality=0.105033
