epsilon_quality=0.0658376
volume_quality=0.0591282
