epsilon_quality=0.152907
volume_quality=0.619576
