epsilon_quality=0.214541
volume_quality=0.449421
