epsilon_quality=0.0842487
volume_quality=0.0862468
