epsilon_quality=0.0650767
volume_quality=0.056573
