epsilon_quality=0.124337
volume_quality=0.301023
