epsilon_quality=0.129199
volume_quality=0.25113
