epsilon_quality=0.113069
volume_quality=0.198212
