epsilon_quality=0.0603944
volume_quality=0.0298121
