epsilon_quality=0.0105824
volume_quality=0.0273097
