gpsEpsilon=0
gpsVolume=2.42092e-322
mQualEpsilon=0.0505514
mQualVolume=0.0123243
new_planned_energy=22.6566
