gpsEpsilon=168.11
gpsVolume=176.418
mQualEpsilon=0.0787107
mQualVolume=0.00646468
new_planned_energy=84.0558
