gpsEpsilon=8.3808e-316
gpsVolume=6.95335e-310
mQualEpsilon=-1
mQualVolume=0.00523933
new_planned_energy=48.1949
