gpsEpsilon=0.0439116
gpsVolume=0.783031
mQualEpsilon=0.0518686
mQualVolume=0.0075712
new_planned_energy=34.5266
