gpsEpsilon=6.36599e-314
gpsVolume=4.79663e-316
mQualEpsilon=0.0030147
mQualVolume=0.00218474
new_planned_energy=45.4187
