gpsEpsilon=0.236267
gpsVolume=-0.709453
mQualEpsilon=0.0247871
mQualVolume=0.00305651
new_planned_energy=15.6858
