gpsEpsilon=0
gpsVolume=0
mQualEpsilon=0.00742735
mQualVolume=0.00167028
new_planned_energy=58.0353
