gpsEpsilon=5.38987e-312
gpsVolume=-nan
mQualEpsilon=0.00499131
mQualVolume=0.00147883
new_planned_energy=78.6013
