gpsEpsilon=0.288704
gpsVolume=2.42092e-322
mQualEpsilon=0.0310958
mQualVolume=0.0018427
new_planned_energy=76.426
