epsilon_quality=0.314577
volume_quality=1.49627
