epsilon_quality=0.125631
volume_quality=0.102497
