epsilon_quality=0.17535
volume_quality=0.211807
