epsilon_quality=0.066283
volume_quality=0.119919
