epsilon_quality=0.310556
volume_quality=1.65069
