epsilon_quality=0.293657
volume_quality=1.00752
