epsilon_quality=0.080261
volume_quality=0.0553625
