epsilon_quality=0.00268186
volume_quality=0.016404
