epsilon_quality=0.0296488
volume_quality=0.0969379
