epsilon_quality=0.0160726
volume_quality=0.0229506
