epsilon_quality=0.0291134
volume_quality=0.0263988
