epsilon_quality=0.195569
volume_quality=1.67944
