epsilon_quality=0.0585453
volume_quality=0.0282384
