epsilon_quality=0.329073
volume_quality=3.30415
