epsilon_quality=0.0193345
volume_quality=0.125074
