epsilon_quality=0.0262715
volume_quality=0.0558431
