epsilon_quality=0.151462
volume_quality=0.414505
