epsilon_quality=0.209882
volume_quality=0.375488
