epsilon_quality=0.133087
volume_quality=0.14114
