epsilon_quality=0.00061101
volume_quality=0.0890671
