epsilon_quality=0.0153795
volume_quality=0.00899506
