epsilon_quality=0.0396169
volume_quality=0.017357
