epsilon_quality=0.0660004
volume_quality=0.0151927
