epsilon_quality=0.0420708
volume_quality=0.018538
