epsilon_quality=0.130163
volume_quality=0.0679551
