epsilon_quality=0.0225086
volume_quality=0.0576218
