epsilon_quality=0.0877399
volume_quality=0.0436647
