epsilon_quality=0.0439584
volume_quality=0.00562716
