epsilon_quality=0.0323583
volume_quality=0.00535512
