epsilon_quality=0.0407781
volume_quality=0.0533896
