epsilon_quality=0.139002
volume_quality=0.269159
