epsilon_quality=0.114067
volume_quality=0.16606
