epsilon_quality=0.231336
volume_quality=0.611696
