epsilon_quality=0.18976
volume_quality=0.265854
