epsilon_quality=0.0735421
volume_quality=1.34743
