epsilon_quality=0.188893
volume_quality=0.555873
