epsilon_quality=0.160014
volume_quality=0.219818
