epsilon_quality=0.0242961
volume_quality=0.131022
