gpsEpsilon=182.916
gpsVolume=94.2172
mQualEpsilon=0.031639
mQualVolume=0.00859141
new_planned_energy=28.7473
