gpsEpsilon=207.277
gpsVolume=113.95
mQualEpsilon=0.700905
mQualVolume=31.4891
new_planned_energy=-0.700905
