gpsEpsilon=183.041
gpsVolume=105.754
mQualEpsilon=0.120582
mQualVolume=0.0354996
new_planned_energy=39.1316
