gpsEpsilon=212.034
gpsVolume=114.865
mQualEpsilon=0.035531
mQualVolume=0.00288667
new_planned_energy=56.0686
