gpsEpsilon=202.635
gpsVolume=112.298
mQualEpsilon=0.000403083
mQualVolume=0.00407264
new_planned_energy=66.4203
