gpsEpsilon=214.077
gpsVolume=115.212
mQualEpsilon=0.00339683
mQualVolume=0.000604531
new_planned_energy=70.3858
