gpsEpsilon=197.192
gpsVolume=94.7334
mQualEpsilon=0.0265708
mQualVolume=0.0060706
new_planned_energy=80.684
