epsilon_quality=0.00971648
volume_quality=0.0142346
