epsilon_quality=0.0634976
volume_quality=0.322961
