epsilon_quality=0.0122551
volume_quality=0.0150113
