epsilon_quality=0.119521
volume_quality=0.153025
