epsilon_quality=0.0732206
volume_quality=0.0296722
