epsilon_quality=0.164171
volume_quality=0.862762
