epsilon_quality=0.114389
volume_quality=0.261502
