epsilon_quality=0.289882
volume_quality=1.26301
