epsilon_quality=0.030729
volume_quality=0.0177517
