epsilon_quality=0.0492892
volume_quality=0.0194914
