epsilon_quality=0.0194518
volume_quality=0.00399023
