epsilon_quality=0.0423629
volume_quality=0.023477
