epsilon_quality=0.0103858
volume_quality=0.00636106
