epsilon_quality=0.0445295
volume_quality=0.00329661
