epsilon_quality=0.0907451
volume_quality=0.023876
