epsilon_quality=0.0360266
volume_quality=0.0141931
