epsilon_quality=0.0309744
volume_quality=0.00226039
