epsilon_quality=0.150119
volume_quality=0.180423
