epsilon_quality=0.0281716
volume_quality=0.182172
