epsilon_quality=0.0409142
volume_quality=0.068686
