epsilon_quality=0.0404653
volume_quality=0.208206
