epsilon_quality=0.0271298
volume_quality=0.00481788
