epsilon_quality=0.207458
volume_quality=0.989385
