epsilon_quality=0.242201
volume_quality=0.707113
