epsilon_quality=0.162065
volume_quality=1.10005
