epsilon_quality=0.0192834
volume_quality=0.0222543
