epsilon_quality=0.0928721
volume_quality=0.155464
