epsilon_quality=0.0690824
volume_quality=0.0780526
