epsilon_quality=0.0620183
volume_quality=0.0169594
