epsilon_quality=0.0126663
volume_quality=0.000155876
