epsilon_quality=0.152653
volume_quality=1.04596
