epsilon_quality=0.0381694
volume_quality=0.0762358
