epsilon_quality=0.0046723
volume_quality=0.00122871
