epsilon_quality=0.0697125
volume_quality=0.0129705
