epsilon_quality=0.0769202
volume_quality=0.0514016
