epsilon_quality=0.0930917
volume_quality=0.0753977
