epsilon_quality=0.20511
volume_quality=0.360232
