epsilon_quality=0.0825383
volume_quality=0.0185467
