epsilon_quality=0.125469
volume_quality=0.188554
