epsilon_quality=0.113368
volume_quality=0.18551
