epsilon_quality=0.0801528
volume_quality=0.0166524
