epsilon_quality=0.0398695
volume_quality=0.0472263
