epsilon_quality=0.0518641
volume_quality=0.0154522
