epsilon_quality=0.270859
volume_quality=0.595345
