epsilon_quality=0.0286034
volume_quality=0.0210056
