epsilon_quality=0.139309
volume_quality=0.25492
