epsilon_quality=0.0207639
volume_quality=0.231361
