epsilon_quality=0.170653
volume_quality=0.536699
