epsilon_quality=0.0561748
volume_quality=0.0451396
