epsilon_quality=0.0831484
volume_quality=0.0412124
