gpsEpsilon=5.85617e-316
gpsVolume=0
mQualEpsilon=0.0143369
mQualVolume=0.00321142
new_planned_energy=91.3092
