gpsEpsilon=5.54644e-316
gpsVolume=5.33093e-316
mQualEpsilon=0.0131434
mQualVolume=0.000154477
new_planned_energy=18.7728
