gpsEpsilon=8.65044e-316
gpsVolume=0.0648154
mQualEpsilon=0.0164683
mQualVolume=9.8006e-05
new_planned_energy=71.3589
