gpsEpsilon=51.9932
gpsVolume=127.746
mQualEpsilon=0.0165134
mQualVolume=0.000130877
new_planned_energy=75.8683
