gpsEpsilon=6.84489e-316
gpsVolume=0
mQualEpsilon=0.0071193
mQualVolume=6.95011e-05
new_planned_energy=29.6447
