gpsEpsilon=2.37152e-322
gpsVolume=3.95253e-322
mQualEpsilon=0.0140121
mQualVolume=8.36343e-05
new_planned_energy=79.0656
