gpsEpsilon=1.4854e-313
gpsVolume=-nan
mQualEpsilon=0.00586696
mQualVolume=0.000392839
new_planned_energy=65.0329
