gpsEpsilon=8.65044e-316
gpsVolume=7.64696e-316
mQualEpsilon=0.0149996
mQualVolume=7.23756e-05
new_planned_energy=13.8426
