gpsEpsilon=0
gpsVolume=2.42092e-322
mQualEpsilon=0.0328735
mQualVolume=0.00273129
new_planned_energy=92.2286
