gpsEpsilon=39.2866
gpsVolume=2.42092e-322
mQualEpsilon=0.0515445
mQualVolume=0.00262238
new_planned_energy=105.94
