gpsEpsilon=3.93746e-316
gpsVolume=0
mQualEpsilon=0.0451104
mQualVolume=0.00283541
new_planned_energy=105.543
