gpsEpsilon=5.5464e-316
gpsVolume=0
mQualEpsilon=1.75892
mQualVolume=51.3948
new_planned_energy=-1.75892
