gpsEpsilon=5.5464e-316
gpsVolume=0
mQualEpsilon=1.75991
mQualVolume=51.448
new_planned_energy=-1.75991
