gpsEpsilon=5.5464e-316
gpsVolume=0
mQualEpsilon=1.76044
mQualVolume=51.5035
new_planned_energy=-1.76044
