gpsEpsilon=5.5464e-316
gpsVolume=0
mQualEpsilon=1.47723
mQualVolume=43.7872
new_planned_energy=-1.47723
