gpsEpsilon=5.5464e-316
gpsVolume=0
mQualEpsilon=1.75945
mQualVolume=51.536
new_planned_energy=-1.75945
