gpsEpsilon=8.61469e-316
gpsVolume=0
mQualEpsilon=1.62035
mQualVolume=54.2491
new_planned_energy=-1.62035
