gpsEpsilon=8.61469e-316
gpsVolume=0
mQualEpsilon=0.0094461
mQualVolume=0.000157905
new_planned_energy=22.5913
