gpsEpsilon=4.58378e-316
gpsVolume=0
mQualEpsilon=0.00386268
mQualVolume=0.00179778
new_planned_energy=24.9346
