gpsEpsilon=61.5043
gpsVolume=95.6145
mQualEpsilon=0.00994522
mQualVolume=0.000145212
new_planned_energy=16.4674
