epsilon_quality=0.042481
volume_quality=0.0216206
