epsilon_quality=0.031652
volume_quality=0.00456726
