epsilon_quality=0.0781395
volume_quality=0.0272304
