epsilon_quality=0.0082697
volume_quality=0.0010245
