epsilon_quality=0.242322
volume_quality=0.52556
