epsilon_quality=0.12483
volume_quality=0.354954
