epsilon_quality=0.0413803
volume_quality=0.0865627
