epsilon_quality=0.026417
volume_quality=0.0381507
