epsilon_quality=0.0753261
volume_quality=0.0487992
