epsilon_quality=0.0353523
volume_quality=0.00932084
