epsilon_quality=0.210228
volume_quality=0.252624
