epsilon_quality=0.0310769
volume_quality=0.00788433
