epsilon_quality=0.085914
volume_quality=0.0303286
