epsilon_quality=0.109361
volume_quality=0.0466125
