epsilon_quality=0.0913456
volume_quality=0.056216
