epsilon_quality=0.109814
volume_quality=0.264773
