epsilon_quality=0.00797967
volume_quality=0.00696193
