epsilon_quality=0.0279958
volume_quality=0.0027583
