epsilon_quality=0.0271696
volume_quality=0.00430983
