epsilon_quality=0.0718493
volume_quality=0.017174
