epsilon_quality=0.0112968
volume_quality=0.0249666
