epsilon_quality=0.0627457
volume_quality=0.0232898
