epsilon_quality=0.0333071
volume_quality=0.0720677
