epsilon_quality=0.103485
volume_quality=0.129793
