epsilon_quality=0.087998
volume_quality=0.054241
