epsilon_quality=0.0123814
volume_quality=0.22043
