epsilon_quality=0.205349
volume_quality=0.404527
