epsilon_quality=0.166239
volume_quality=0.847925
