epsilon_quality=0.129896
volume_quality=1.85154
