epsilon_quality=0.0341486
volume_quality=0.0146923
