epsilon_quality=0.0436214
volume_quality=0.0376303
