epsilon_quality=0.0314463
volume_quality=0.0278816
