epsilon_quality=0.018812
volume_quality=0.0294406
