epsilon_quality=0.0615923
volume_quality=0.139464
