epsilon_quality=0.0624641
volume_quality=0.128609
