epsilon_quality=0.0139628
volume_quality=0.0677921
