epsilon_quality=0.304083
volume_quality=0.65884
