epsilon_quality=0.198778
volume_quality=1.08361
