epsilon_quality=0.0925369
volume_quality=0.792934
