epsilon_quality=0.0330539
volume_quality=0.00397638
