epsilon_quality=0.156016
volume_quality=0.408992
