epsilon_quality=0.00342488
volume_quality=0.122935
