epsilon_quality=0.00186191
volume_quality=0.00117849
