epsilon_quality=0.179835
volume_quality=0.224184
