epsilon_quality=0.0794459
volume_quality=0.0523302
