epsilon_quality=0.0659724
volume_quality=0.0388962
