epsilon_quality=0.0882166
volume_quality=0.0423512
