epsilon_quality=0.131589
volume_quality=0.102178
