epsilon_quality=0.102175
volume_quality=0.075268
