epsilon_quality=0.112834
volume_quality=0.261105
