epsilon_quality=0.0313129
volume_quality=0.0890071
