epsilon_quality=0.129063
volume_quality=0.234909
