epsilon_quality=0.0646987
volume_quality=0.0132846
