epsilon_quality=0.0954465
volume_quality=0.0362332
