epsilon_quality=0.0288505
volume_quality=0.00958825
