epsilon_quality=0.0288096
volume_quality=0.00594254
