epsilon_quality=0.166628
volume_quality=0.382837
