epsilon_quality=0.128699
volume_quality=0.479439
