epsilon_quality=0.279866
volume_quality=3.47366
