epsilon_quality=0.14783
volume_quality=0.897096
