epsilon_quality=0.0508935
volume_quality=0.0529898
