epsilon_quality=0.0874615
volume_quality=0.768398
