epsilon_quality=0.0840694
volume_quality=0.141162
