epsilon_quality=0.149921
volume_quality=0.25292
