epsilon_quality=0.055106
volume_quality=0.0394697
