epsilon_quality=0.0655775
volume_quality=0.0594263
