epsilon_quality=0.113567
volume_quality=0.0784384
