epsilon_quality=0.075045
volume_quality=0.0650461
