epsilon_quality=0.0496239
volume_quality=0.238998
