epsilon_quality=0.000298312
volume_quality=0.0183796
