epsilon_quality=0.0841263
volume_quality=0.0183246
