epsilon_quality=0.0998411
volume_quality=0.0273059
