epsilon_quality=0.0701943
volume_quality=0.54606
