epsilon_quality=0.0547729
volume_quality=0.0138569
