epsilon_quality=0.0546254
volume_quality=0.0982352
