epsilon_quality=0.136678
volume_quality=0.14043
