epsilon_quality=0.0502096
volume_quality=0.0601857
