epsilon_quality=0.0679069
volume_quality=0.0346203
