epsilon_quality=0.108525
volume_quality=0.448982
