epsilon_quality=0.120424
volume_quality=0.13204
