epsilon_quality=0.133759
volume_quality=0.59184
