epsilon_quality=0.0546596
volume_quality=0.0823057
