epsilon_quality=0.0698806
volume_quality=0.0343244
