epsilon_quality=0.0899994
volume_quality=0.136007
