epsilon_quality=0.030263
volume_quality=0.0174997
