epsilon_quality=0.0369307
volume_quality=0.0420384
