epsilon_quality=0.111886
volume_quality=0.163124
