epsilon_quality=0.0609666
volume_quality=0.0601083
