epsilon_quality=0.0600902
volume_quality=0.0205447
