epsilon_quality=0.0385632
volume_quality=0.0323568
