epsilon_quality=0.0536484
volume_quality=0.013937
