epsilon_quality=0.0661197
volume_quality=0.0388471
