epsilon_quality=0.183405
volume_quality=0.403742
