epsilon_quality=0.0573806
volume_quality=0.0208231
