epsilon_quality=0.0581545
volume_quality=0.0637677
