epsilon_quality=0.0455638
volume_quality=0.0707523
