epsilon_quality=0.0845984
volume_quality=0.0584922
