epsilon_quality=0.028161
volume_quality=0.00202581
