epsilon_quality=0.0261008
volume_quality=0.00208095
