epsilon_quality=0.106382
volume_quality=0.99029
