epsilon_quality=0.088273
volume_quality=0.147317
