epsilon_quality=0.104733
volume_quality=0.0669274
