epsilon_quality=0.0239247
volume_quality=0.00434217
