epsilon_quality=0.0411766
volume_quality=0.140155
