epsilon_quality=0.0530404
volume_quality=0.0129541
