epsilon_quality=0.0473734
volume_quality=0.0362738
