epsilon_quality=0.0569536
volume_quality=0.0142407
