epsilon_quality=0.0768284
volume_quality=0.102973
