epsilon_quality=0.16832
volume_quality=0.18386
