epsilon_quality=0.161292
volume_quality=0.253995
