epsilon_quality=0.136834
volume_quality=0.12454
