epsilon_quality=0.135696
volume_quality=0.11729
