epsilon_quality=0.018054
volume_quality=0.0360292
