epsilon_quality=0.0800142
volume_quality=0.0557237
