epsilon_quality=0.0885313
volume_quality=0.083849
