epsilon_quality=0.0380856
volume_quality=0.00969963
