epsilon_quality=0.0753203
volume_quality=0.035777
