epsilon_quality=0.108944
volume_quality=0.111029
