epsilon_quality=0.0576629
volume_quality=0.130173
