epsilon_quality=0.257689
volume_quality=1.67833
