epsilon_quality=0.112812
volume_quality=0.141802
