epsilon_quality=0.0638368
volume_quality=0.301356
