epsilon_quality=0.030633
volume_quality=0.00307263
