epsilon_quality=0.0484435
volume_quality=0.00907522
