epsilon_quality=0.143972
volume_quality=0.132014
