epsilon_quality=0.0298998
volume_quality=0.0798316
