epsilon_quality=0.0663122
volume_quality=0.0915213
