epsilon_quality=0.0804155
volume_quality=0.223939
