epsilon_quality=0.0327075
volume_quality=0.0332662
