epsilon_quality=0.0481386
volume_quality=0.045862
