epsilon_quality=0.0756909
volume_quality=0.169695
