epsilon_quality=0.110441
volume_quality=0.146023
