epsilon_quality=0.00352671
volume_quality=0.0274852
