epsilon_quality=0.030283
volume_quality=0.138432
