epsilon_quality=3.68629e-18
volume_quality=0.0102164
