epsilon_quality=0.0438453
volume_quality=0.0077667
