epsilon_quality=0.0891424
volume_quality=0.0210686
