epsilon_quality=0.0896558
volume_quality=0.140499
