epsilon_quality=0.0616504
volume_quality=0.0650132
