epsilon_quality=0.0433058
volume_quality=0.0304124
