epsilon_quality=0.0565796
volume_quality=0.0176641
