epsilon_quality=0.0378124
volume_quality=0.238888
