epsilon_quality=0.10883
volume_quality=0.129722
