epsilon_quality=0.319394
volume_quality=0.980592
