epsilon_quality=0.168104
volume_quality=0.364238
