epsilon_quality=0.456272
volume_quality=2.82687
