epsilon_quality=0.355873
volume_quality=3.11623
