epsilon_quality=0.073827
volume_quality=0.197033
