epsilon_quality=0.131703
volume_quality=0.138762
