epsilon_quality=0.0821285
volume_quality=0.111927
