epsilon_quality=0.00136586
volume_quality=0.00471137
