epsilon_quality=0.0983331
volume_quality=0.0604496
