epsilon_quality=0.0968557
volume_quality=0.170264
