epsilon_quality=0.0310543
volume_quality=0.179513
