epsilon_quality=0.0784289
volume_quality=0.0216057
