epsilon_quality=0.0291971
volume_quality=0.011703
