epsilon_quality=0.0715799
volume_quality=0.0843239
