epsilon_quality=0.0360628
volume_quality=0.0288298
