epsilon_quality=0.0558963
volume_quality=0.0488617
