epsilon_quality=0.0762198
volume_quality=0.118965
