epsilon_quality=0.02738
volume_quality=0.015103
