epsilon_quality=0.105343
volume_quality=0.0907983
