epsilon_quality=0.183146
volume_quality=0.58582
