epsilon_quality=0.170046
volume_quality=0.221363
