epsilon_quality=0.136024
volume_quality=0.27055
