epsilon_quality=0.160838
volume_quality=0.228422
