epsilon_quality=0.153634
volume_quality=0.208011
