epsilon_quality=0.158107
volume_quality=0.195448
