epsilon_quality=0.0509999
volume_quality=0.118847
