epsilon_quality=0.0933006
volume_quality=0.0283696
