epsilon_quality=0.0141866
volume_quality=0.0020588
