epsilon_quality=0.128513
volume_quality=0.149832
