epsilon_quality=0.104582
volume_quality=0.0981134
