epsilon_quality=0.150068
volume_quality=0.241002
