epsilon_quality=0.0304822
volume_quality=0.0403996
