epsilon_quality=0.233947
volume_quality=0.349535
