epsilon_quality=0.0317851
volume_quality=0.00435906
