epsilon_quality=0.140815
volume_quality=0.188195
