epsilon_quality=0.0457037
volume_quality=0.00925765
