epsilon_quality=0.071105
volume_quality=0.143311
