epsilon_quality=0.0316082
volume_quality=0.0399412
