epsilon_quality=0.225829
volume_quality=0.634863
