epsilon_quality=0.181098
volume_quality=0.166807
