epsilon_quality=0.0467362
volume_quality=0.0103157
