epsilon_quality=0.0923734
volume_quality=0.0369873
