epsilon_quality=0.0193692
volume_quality=0.0785146
