epsilon_quality=0.179347
volume_quality=0.117838
