epsilon_quality=0.174546
volume_quality=0.704757
