epsilon_quality=0.108107
volume_quality=0.700323
