epsilon_quality=0.237167
volume_quality=0.401463
