epsilon_quality=0.0679568
volume_quality=0.0880724
