epsilon_quality=1.21431e-17
volume_quality=0.172435
