epsilon_quality=0.0247259
volume_quality=0.00522885
