epsilon_quality=0.022336
volume_quality=0.00499152
