epsilon_quality=0.0370973
volume_quality=0.022561
