epsilon_quality=0.188325
volume_quality=0.310585
