epsilon_quality=0.186789
volume_quality=0.282206
