epsilon_quality=0.0204789
volume_quality=0.0725035
