epsilon_quality=0.18779
volume_quality=0.595467
