epsilon_quality=0.116619
volume_quality=1.85489
