gpsEpsilon=1.33518e-315
gpsVolume=0
mQualEpsilon=-1
mQualVolume=0.000229736
new_planned_energy=53.0551
