gpsEpsilon=32.4513
gpsVolume=62.5018
mQualEpsilon=0.0276979
mQualVolume=0.000826341
new_planned_energy=86.1905
