gpsEpsilon=68.5942
gpsVolume=59.8221
mQualEpsilon=0.0581093
mQualVolume=0.0088262
new_planned_energy=31.8966
