gpsEpsilon=9.25347
gpsVolume=59.2694
mQualEpsilon=-1
mQualVolume=0.00567108
new_planned_energy=29.1904
