gpsEpsilon=36.1546
gpsVolume=158.989
mQualEpsilon=0.00975273
mQualVolume=0.00189053
new_planned_energy=55.711
