gpsEpsilon=38.7769
gpsVolume=164.192
mQualEpsilon=0.0987186
mQualVolume=0.0865369
new_planned_energy=87.1865
