gpsEpsilon=26.5392
gpsVolume=231.832
mQualEpsilon=0.0569379
mQualVolume=0.00297338
new_planned_energy=78.5174
