gpsEpsilon=30.3271
gpsVolume=205.817
mQualEpsilon=0.00466715
mQualVolume=0.000736842
new_planned_energy=96.0927
