epsilon_quality=0.14639
volume_quality=0.163206
