epsilon_quality=0.107307
volume_quality=0.185609
