epsilon_quality=0.104728
volume_quality=0.0916781
