epsilon_quality=0.0257898
volume_quality=0.00631457
