epsilon_quality=0.152368
volume_quality=0.484461
