epsilon_quality=0.0548388
volume_quality=0.00585232
