epsilon_quality=0.0363768
volume_quality=0.011025
