epsilon_quality=0.0343427
volume_quality=0.022469
