epsilon_quality=0.0721896
volume_quality=0.140142
