epsilon_quality=0.0871756
volume_quality=0.0870353
