epsilon_quality=0.347023
volume_quality=0.89498
