epsilon_quality=0.0769022
volume_quality=0.171853
