epsilon_quality=0.0583673
volume_quality=0.0356269
