epsilon_quality=0.124462
volume_quality=0.111278
