epsilon_quality=0.0326657
volume_quality=0.14985
