epsilon_quality=0.0224452
volume_quality=0.0285012
