epsilon_quality=0.00665485
volume_quality=0.0586107
