epsilon_quality=0.0844699
volume_quality=0.0860166
