epsilon_quality=0.113279
volume_quality=0.236859
