epsilon_quality=0.0929892
volume_quality=0.108982
