epsilon_quality=0.0671459
volume_quality=0.0710367
