epsilon_quality=0.113957
volume_quality=0.473107
