epsilon_quality=0.0582812
volume_quality=0.0698742
