epsilon_quality=0.0231748
volume_quality=0.024071
