epsilon_quality=0.0651519
volume_quality=0.081963
