epsilon_quality=0.0338276
volume_quality=0.00780463
