epsilon_quality=0.00527573
volume_quality=0.0646213
