epsilon_quality=0.0287473
volume_quality=0.214885
