epsilon_quality=0.0132732
volume_quality=0.0167801
