epsilon_quality=0.0605687
volume_quality=0.0197364
