epsilon_quality=0.134995
volume_quality=0.141443
