epsilon_quality=0.0440339
volume_quality=0.0713685
