epsilon_quality=0.12305
volume_quality=0.105967
