epsilon_quality=0.0318559
volume_quality=0.01518
