epsilon_quality=0.0114484
volume_quality=0.0125563
