epsilon_quality=0.0366697
volume_quality=0.0198709
