epsilon_quality=0.0135681
volume_quality=0.00657394
