epsilon_quality=0.172728
volume_quality=0.455618
