epsilon_quality=0.147423
volume_quality=0.56201
