epsilon_quality=0.073386
volume_quality=0.313984
