epsilon_quality=0.0430915
volume_quality=0.0279117
