epsilon_quality=0.193891
volume_quality=0.215081
