epsilon_quality=0.131922
volume_quality=0.0540915
