gpsEpsilon=101.745
gpsVolume=200.355
mQualEpsilon=0.00599882
mQualVolume=0.0326981
new_planned_energy=60.2653
