gpsEpsilon=100.611
gpsVolume=209.794
mQualEpsilon=0.00172407
mQualVolume=0.0336003
new_planned_energy=62.6587
