gpsEpsilon=122.728
gpsVolume=220.695
mQualEpsilon=0.0842627
mQualVolume=0.00793889
new_planned_energy=46.7721
