gpsEpsilon=113.483
gpsVolume=224.202
mQualEpsilon=0.0727226
mQualVolume=0.0210663
new_planned_energy=41.657
