gpsEpsilon=129.172
gpsVolume=203.481
mQualEpsilon=0.0585043
mQualVolume=0.0364282
new_planned_energy=36.6255
