gpsEpsilon=113.869
gpsVolume=136.654
mQualEpsilon=0.0848024
mQualVolume=0.0245764
new_planned_energy=35.9812
