gpsEpsilon=108.369
gpsVolume=215.548
mQualEpsilon=0.0282601
mQualVolume=0.00283998
new_planned_energy=55.1045
