gpsEpsilon=121.676
gpsVolume=228.886
mQualEpsilon=0.0663508
mQualVolume=0.0352233
new_planned_energy=36.867
