gpsEpsilon=118.086
gpsVolume=214.379
mQualEpsilon=0.0290825
mQualVolume=0.0113051
new_planned_energy=60.058
