gpsEpsilon=114.411
gpsVolume=220.841
mQualEpsilon=0.0958734
mQualVolume=0.0311262
new_planned_energy=75.235
