gpsEpsilon=118.347
gpsVolume=213.293
mQualEpsilon=0.0258201
mQualVolume=0.00743935
new_planned_energy=51.4388
