gpsEpsilon=78.457
gpsVolume=193.58
mQualEpsilon=0.0572982
mQualVolume=0.0110798
new_planned_energy=61.9693
