gpsEpsilon=115.35
gpsVolume=196.097
mQualEpsilon=0.0218422
mQualVolume=0.0189692
new_planned_energy=61.0245
