gpsEpsilon=53.5897
gpsVolume=77.1622
mQualEpsilon=0.0295788
mQualVolume=0.0101022
new_planned_energy=24.4255
