gpsEpsilon=47.9483
gpsVolume=81.0301
mQualEpsilon=0.0556811
mQualVolume=0.00883204
new_planned_energy=62.2015
