gpsEpsilon=54.5429
gpsVolume=78.8558
mQualEpsilon=0.405902
mQualVolume=12.0917
new_planned_energy=-0.405902
