gpsEpsilon=55.4515
gpsVolume=78.0948
mQualEpsilon=0.0455263
mQualVolume=0.00929535
new_planned_energy=39.9102
