gpsEpsilon=48.2824
gpsVolume=74.3534
mQualEpsilon=0.0371744
mQualVolume=0.0343404
new_planned_energy=47.9218
