gpsEpsilon=37.5079
gpsVolume=73.1896
mQualEpsilon=0.00693012
mQualVolume=0.00668554
new_planned_energy=76.2962
