gpsEpsilon=37.6547
gpsVolume=75.9064
mQualEpsilon=0.139967
mQualVolume=0.100218
new_planned_energy=85.6073
