gpsEpsilon=38.8478
gpsVolume=75.6808
mQualEpsilon=0.00570671
mQualVolume=0.00175523
new_planned_energy=21.758
