gpsEpsilon=40.8668
gpsVolume=83.6209
mQualEpsilon=0.0187392
mQualVolume=0.0151876
new_planned_energy=26.802
