gpsEpsilon=42.6197
gpsVolume=84.6201
mQualEpsilon=0.00315936
mQualVolume=0.00450155
new_planned_energy=65.8152
