gpsEpsilon=35.2671
gpsVolume=73.3054
mQualEpsilon=0.0950396
mQualVolume=0.0458535
new_planned_energy=73.7558
