gpsEpsilon=32.2346
gpsVolume=78.0146
mQualEpsilon=0.0130122
mQualVolume=0.00158767
new_planned_energy=48.6607
