epsilon_quality=0.0625229
volume_quality=0.0266706
