epsilon_quality=0.105308
volume_quality=0.0538846
