epsilon_quality=0.063138
volume_quality=0.0484995
