epsilon_quality=0.21703
volume_quality=0.658235
