epsilon_quality=0.127319
volume_quality=0.679814
