epsilon_quality=0.10429
volume_quality=0.33916
