epsilon_quality=0.359506
volume_quality=1.62401
