epsilon_quality=0.122497
volume_quality=0.842882
