epsilon_quality=0.147641
volume_quality=0.355123
