epsilon_quality=0.198537
volume_quality=1.74484
