epsilon_quality=0.0405805
volume_quality=0.33147
