epsilon_quality=0.0699354
volume_quality=0.0919855
