epsilon_quality=0.0627541
volume_quality=0.208891
