epsilon_quality=0.192514
volume_quality=0.398495
