epsilon_quality=0.0309499
volume_quality=0.335694
