epsilon_quality=0.0456234
volume_quality=0.0620233
