epsilon_quality=0.0661887
volume_quality=0.121244
