epsilon_quality=0.157901
volume_quality=0.290579
