epsilon_quality=0.101656
volume_quality=0.147806
