epsilon_quality=0.123133
volume_quality=0.232791
