epsilon_quality=0.0967709
volume_quality=0.171705
