epsilon_quality=0.0257002
volume_quality=0.0965989
