epsilon_quality=0.133206
volume_quality=0.129966
