epsilon_quality=0.0334654
volume_quality=0.0857323
