epsilon_quality=0.0426733
volume_quality=0.0738868
