epsilon_quality=0.149899
volume_quality=0.0809218
