epsilon_quality=0.0967079
volume_quality=0.167317
