epsilon_quality=0.0742818
volume_quality=0.100686
