epsilon_quality=0.00300095
volume_quality=0.0101798
