epsilon_quality=0.137617
volume_quality=0.214826
