epsilon_quality=0.0602688
volume_quality=0.0284405
