epsilon_quality=0.00387119
volume_quality=0.00730743
