epsilon_quality=0.22722
volume_quality=0.545853
