epsilon_quality=0.154517
volume_quality=0.348649
