epsilon_quality=0.0743215
volume_quality=0.0481407
