epsilon_quality=0.0150756
volume_quality=0.0269805
