epsilon_quality=0.0454353
volume_quality=0.00814894
