epsilon_quality=0.0545655
volume_quality=0.00850868
