epsilon_quality=0.0495256
volume_quality=0.0159981
