epsilon_quality=0.0635477
volume_quality=0.0230104
