epsilon_quality=0.114239
volume_quality=0.133478
