epsilon_quality=0.0971697
volume_quality=0.252945
