epsilon_quality=0.0596653
volume_quality=0.0676477
