epsilon_quality=0.255224
volume_quality=0.684726
