epsilon_quality=0.188831
volume_quality=0.415287
