epsilon_quality=0.154872
volume_quality=0.624739
