epsilon_quality=0.202711
volume_quality=0.525225
