epsilon_quality=0.21032
volume_quality=2.34574
