epsilon_quality=0.0431805
volume_quality=0.0371398
