epsilon_quality=0.137497
volume_quality=0.267049
