epsilon_quality=0.149269
volume_quality=0.282859
