epsilon_quality=0.182149
volume_quality=0.579749
