epsilon_quality=0.107123
volume_quality=0.358297
