epsilon_quality=0.136725
volume_quality=0.173217
