epsilon_quality=0.238357
volume_quality=1.71144
