epsilon_quality=0.0877678
volume_quality=0.118711
