epsilon_quality=0.108905
volume_quality=0.0507051
