epsilon_quality=0.129873
volume_quality=0.148948
