epsilon_quality=0.0340852
volume_quality=0.259802
