epsilon_quality=0.0466518
volume_quality=0.0538639
