epsilon_quality=0.111139
volume_quality=0.050291
