epsilon_quality=0.104754
volume_quality=0.146477
