epsilon_quality=0.0660196
volume_quality=0.0949587
