epsilon_quality=0.215442
volume_quality=0.403359
