epsilon_quality=0.110467
volume_quality=0.383674
