epsilon_quality=0.400641
volume_quality=1.77578
