epsilon_quality=0.0496956
volume_quality=0.407953
