epsilon_quality=0.156601
volume_quality=0.148432
