epsilon_quality=0.0652244
volume_quality=0.110536
