epsilon_quality=0.0940372
volume_quality=0.0599697
