epsilon_quality=0.0483585
volume_quality=0.0592328
