epsilon_quality=0.051467
volume_quality=0.0315481
