epsilon_quality=0.00575095
volume_quality=0.00329136
