epsilon_quality=0.0961441
volume_quality=0.0555448
