epsilon_quality=0.0669238
volume_quality=0.036099
