epsilon_quality=0.0793664
volume_quality=0.0623501
