epsilon_quality=0.0322517
volume_quality=0.000641087
