epsilon_quality=0.0244555
volume_quality=0.00143268
