epsilon_quality=0.0710685
volume_quality=0.00616569
