epsilon_quality=0.111517
volume_quality=0.303562
