epsilon_quality=0.0799105
volume_quality=0.211841
