epsilon_quality=0.0643355
volume_quality=0.133775
