epsilon_quality=0.0357418
volume_quality=0.0261115
