epsilon_quality=0.0866998
volume_quality=0.0132777
