epsilon_quality=0.118065
volume_quality=0.0557675
