epsilon_quality=0.166951
volume_quality=0.100162
