epsilon_quality=0.133682
volume_quality=0.134954
