epsilon_quality=0.174784
volume_quality=0.36386
