epsilon_quality=0.0481033
volume_quality=0.0786362
