epsilon_quality=0.124944
volume_quality=0.329858
