epsilon_quality=0.104793
volume_quality=0.205878
