epsilon_quality=0.276356
volume_quality=1.30263
