epsilon_quality=0.0795257
volume_quality=0.113402
