epsilon_quality=0.0387001
volume_quality=0.0131866
