epsilon_quality=0.0630559
volume_quality=0.00888719
