epsilon_quality=0.0240719
volume_quality=0.00205531
