epsilon_quality=0.0542444
volume_quality=0.154985
