epsilon_quality=0.108447
volume_quality=0.227418
