epsilon_quality=0.163858
volume_quality=0.32903
