epsilon_quality=0.00445462
volume_quality=0.0957475
