epsilon_quality=0.095818
volume_quality=0.133203
