epsilon_quality=0.143059
volume_quality=0.426025
