epsilon_quality=0.119764
volume_quality=0.119474
