epsilon_quality=0.237871
volume_quality=0.360311
