epsilon_quality=0.0130076
volume_quality=0.013601
