epsilon_quality=0.0587321
volume_quality=0.0161529
