epsilon_quality=0.013671
volume_quality=0.00689375
