epsilon_quality=0.0262625
volume_quality=0.00981153
