epsilon_quality=0.0608308
volume_quality=0.0127142
