epsilon_quality=0.0840633
volume_quality=0.273037
