epsilon_quality=0.366761
volume_quality=2.56528
