epsilon_quality=0.325368
volume_quality=5.31541
