epsilon_quality=0.0331668
volume_quality=0.204602
