epsilon_quality=0.230245
volume_quality=0.512062
