epsilon_quality=0.0030286
volume_quality=0.0133618
