epsilon_quality=0.0797906
volume_quality=0.109633
