epsilon_quality=0.145903
volume_quality=0.277684
