epsilon_quality=0.0453715
volume_quality=0.0108005
