epsilon_quality=0.0330251
volume_quality=0.0172609
