epsilon_quality=0.0382405
volume_quality=0.00392369
