epsilon_quality=0.0621238
volume_quality=0.00553072
