epsilon_quality=0.074972
volume_quality=0.0482674
