epsilon_quality=0.0963394
volume_quality=0.172779
