epsilon_quality=0.0984328
volume_quality=0.0573467
