epsilon_quality=0.0943313
volume_quality=0.0590645
