epsilon_quality=0.0941668
volume_quality=0.0694897
