epsilon_quality=0.0428904
volume_quality=0.0611396
