epsilon_quality=0.0679329
volume_quality=0.0662189
