epsilon_quality=0.122422
volume_quality=0.13797
