epsilon_quality=0.0550712
volume_quality=0.0147924
