epsilon_quality=0.0581712
volume_quality=0.231412
