epsilon_quality=0.0116411
volume_quality=0.0215769
