epsilon_quality=0.0473494
volume_quality=0.0387547
