epsilon_quality=0.123099
volume_quality=0.380624
