epsilon_quality=0.207983
volume_quality=0.320837
