epsilon_quality=0.241646
volume_quality=0.49375
