epsilon_quality=0.146653
volume_quality=0.274643
