epsilon_quality=0.194258
volume_quality=0.382933
