epsilon_quality=0.125373
volume_quality=0.255232
