gpsEpsilon=0
gpsVolume=0
mQualEpsilon=0.0524769
mQualVolume=0.0278783
new_planned_energy=17.9829
