gpsEpsilon=0
gpsVolume=0
mQualEpsilon=0.061034
mQualVolume=0.0580933
new_planned_energy=53.0619
