gpsEpsilon=111.908
gpsVolume=106.919
mQualEpsilon=0.0131019
mQualVolume=0.0103025
new_planned_energy=63.7537
