gpsEpsilon=135.23
gpsVolume=48.7086
mQualEpsilon=0.0238102
mQualVolume=0.00781481
new_planned_energy=56.9608
