gpsEpsilon=154.077
gpsVolume=192.072
mQualEpsilon=0.0574897
mQualVolume=0.013362
new_planned_energy=35.103
