gpsEpsilon=5.46832e+14
gpsVolume=1.05048e+15
mQualEpsilon=0.0779202
mQualVolume=0.0117722
new_planned_energy=48.4451
