gpsEpsilon=-0.339464
gpsVolume=0.915477
mQualEpsilon=0.0128752
mQualVolume=0.0271895
new_planned_energy=83.6886
