gpsEpsilon=138.639
gpsVolume=112.548
mQualEpsilon=0.00945142
mQualVolume=0.00699528
new_planned_energy=76.1054
