gpsEpsilon=0
gpsVolume=0
mQualEpsilon=0.0952699
mQualVolume=0.0386572
new_planned_energy=50.8482
