epsilon_quality=0.114098
volume_quality=0.278887
