epsilon_quality=0.0696488
volume_quality=0.0248996
