epsilon_quality=0.0752039
volume_quality=0.121256
