epsilon_quality=0.0904403
volume_quality=0.197921
