epsilon_quality=0.0843569
volume_quality=0.132704
