epsilon_quality=0.135975
volume_quality=0.130724
