epsilon_quality=0.267815
volume_quality=1.16433
