epsilon_quality=0.0320105
volume_quality=0.116739
