epsilon_quality=0.143784
volume_quality=0.287061
