epsilon_quality=0.0505352
volume_quality=0.0262758
