epsilon_quality=0.148113
volume_quality=0.189092
