epsilon_quality=0.0499403
volume_quality=0.0597381
