epsilon_quality=0.0530514
volume_quality=0.0709024
