epsilon_quality=0.055303
volume_quality=0.0434898
