epsilon_quality=0.100158
volume_quality=0.255267
