epsilon_quality=0.0869386
volume_quality=0.097566
