epsilon_quality=0.194837
volume_quality=0.506356
