epsilon_quality=0.0567013
volume_quality=0.0271306
