epsilon_quality=0.344126
volume_quality=0.966213
