epsilon_quality=0.043577
volume_quality=0.0190925
