epsilon_quality=0.0992421
volume_quality=0.0817255
