epsilon_quality=0.0253664
volume_quality=0.0108811
