epsilon_quality=0.261076
volume_quality=1.02754
