epsilon_quality=0.202324
volume_quality=0.882617
