epsilon_quality=0.0778587
volume_quality=0.028468
