epsilon_quality=0.0906566
volume_quality=0.184309
