epsilon_quality=0.0586726
volume_quality=0.0723509
