epsilon_quality=0.0738848
volume_quality=0.089921
