epsilon_quality=0.0195445
volume_quality=0.031085
