epsilon_quality=0.178358
volume_quality=0.321382
