epsilon_quality=0.0632009
volume_quality=0.0579913
