epsilon_quality=0.195891
volume_quality=0.362698
