epsilon_quality=0.0502949
volume_quality=0.0822845
