epsilon_quality=0.26367
volume_quality=1.11972
