epsilon_quality=0.111955
volume_quality=0.0857894
