epsilon_quality=0.0275442
volume_quality=0.00314048
