epsilon_quality=0.387414
volume_quality=1.75893
