epsilon_quality=0.0514583
volume_quality=0.0105871
