epsilon_quality=0.018776
volume_quality=0.0032963
