epsilon_quality=0.0110039
volume_quality=0.00821365
