epsilon_quality=0.00601584
volume_quality=0.0178683
