epsilon_quality=0.0863402
volume_quality=0.0562621
