epsilon_quality=0.04847
volume_quality=0.0576695
