epsilon_quality=0.0677987
volume_quality=0.0183506
