epsilon_quality=0.266464
volume_quality=1.01117
