epsilon_quality=0.09051
volume_quality=0.0549781
