epsilon_quality=0.0778262
volume_quality=0.0525446
