epsilon_quality=0.0537245
volume_quality=0.0566921
