epsilon_quality=0.138334
volume_quality=0.163392
