epsilon_quality=0.0313562
volume_quality=0.0324777
