epsilon_quality=0.0396772
volume_quality=0.0095261
