epsilon_quality=0.0846291
volume_quality=0.042025
