epsilon_quality=0.109032
volume_quality=0.146004
