epsilon_quality=0.0640269
volume_quality=0.0241297
