epsilon_quality=1.38778e-16
volume_quality=0.0141463
