epsilon_quality=0.0759623
volume_quality=0.154066
