epsilon_quality=0.122248
volume_quality=0.189787
