epsilon_quality=0.176945
volume_quality=0.459529
