epsilon_quality=0.0806458
volume_quality=0.0723737
