epsilon_quality=0.0335716
volume_quality=0.00238263
