epsilon_quality=0.0263468
volume_quality=0.00388328
