epsilon_quality=0.0375581
volume_quality=0.0140852
