epsilon_quality=0.0703072
volume_quality=0.0385542
