epsilon_quality=0.0213122
volume_quality=0.0216735
