epsilon_quality=0.0227948
volume_quality=0.0487226
