epsilon_quality=0.0879801
volume_quality=0.0440098
