epsilon_quality=0.0962783
volume_quality=0.0384511
