epsilon_quality=0.112862
volume_quality=0.105221
