epsilon_quality=0.0916148
volume_quality=0.0433299
