epsilon_quality=0.175211
volume_quality=0.272168
