epsilon_quality=0.0585962
volume_quality=0.10503
