epsilon_quality=0.100619
volume_quality=0.152059
