epsilon_quality=0.0907171
volume_quality=0.129962
