epsilon_quality=0.155493
volume_quality=0.260374
