epsilon_quality=0.28878
volume_quality=1.08245
