epsilon_quality=0.217919
volume_quality=0.349167
