epsilon_quality=0.270151
volume_quality=0.600838
