epsilon_quality=0.24439
volume_quality=0.88176
