epsilon_quality=0.0135922
volume_quality=0.454591
