epsilon_quality=0.120974
volume_quality=0.154591
