epsilon_quality=0.0340084
volume_quality=0.0652345
