epsilon_quality=0.085582
volume_quality=0.0353857
