epsilon_quality=0.110258
volume_quality=0.0419013
