epsilon_quality=0.0295058
volume_quality=0.0145488
