epsilon_quality=0.0647913
volume_quality=0.0235544
