epsilon_quality=0.14054
volume_quality=0.245458
