epsilon_quality=0.0639454
volume_quality=0.114416
