epsilon_quality=0.0715489
volume_quality=0.360662
