epsilon_quality=0.0375709
volume_quality=0.0178761
