epsilon_quality=0.0767462
volume_quality=0.030762
