epsilon_quality=0.272199
volume_quality=0.451624
