epsilon_quality=0.318503
volume_quality=2.47146
