epsilon_quality=0.316055
volume_quality=2.78164
