epsilon_quality=0.310713
volume_quality=1.70163
