epsilon_quality=0.0396219
volume_quality=0.0705265
