epsilon_quality=0.0689301
volume_quality=0.212923
