epsilon_quality=0.138812
volume_quality=0.185664
