epsilon_quality=0.0645935
volume_quality=0.113952
