epsilon_quality=0.128163
volume_quality=0.135884
