epsilon_quality=0.0999107
volume_quality=0.141987
