epsilon_quality=0.0372628
volume_quality=0.0260301
