epsilon_quality=0.0236164
volume_quality=0.00329726
