epsilon_quality=0.119304
volume_quality=0.0458056
