epsilon_quality=0.0620777
volume_quality=0.0135285
