epsilon_quality=0.129373
volume_quality=0.240774
