epsilon_quality=0.126989
volume_quality=0.134175
