epsilon_quality=0.0922052
volume_quality=0.0272421
