epsilon_quality=0.0513283
volume_quality=0.122888
