epsilon_quality=0.0440981
volume_quality=0.0483546
