epsilon_quality=0.0860428
volume_quality=0.102988
