epsilon_quality=0.153205
volume_quality=0.322197
