epsilon_quality=0.14486
volume_quality=0.419189
