epsilon_quality=0.0882086
volume_quality=0.310487
