epsilon_quality=0.0669816
volume_quality=0.320861
