gpsEpsilon=247.65
gpsVolume=92.6384
mQualEpsilon=0.0456247
mQualVolume=0.00239962
new_planned_energy=27.6862
