gpsEpsilon=6.53748
gpsVolume=0
mQualEpsilon=0.0545458
mQualVolume=0.00927874
new_planned_energy=25.1983
