gpsEpsilon=1.39326e-315
gpsVolume=-0.0310765
mQualEpsilon=-1
mQualVolume=0.00730515
new_planned_energy=20.0826
