gpsEpsilon=7.59601e-316
gpsVolume=-0.0274203
mQualEpsilon=0.329597
mQualVolume=15.4321
new_planned_energy=-0.329597
