gpsEpsilon=7.59601e-316
gpsVolume=-0.0274203
mQualEpsilon=1.55994
mQualVolume=50.1706
new_planned_energy=38.5842
