gpsEpsilon=7.59601e-316
gpsVolume=-0.0274203
mQualEpsilon=1.57217
mQualVolume=50.6071
new_planned_energy=-1.57217
