gpsEpsilon=1.37997e-315
gpsVolume=-0.0293108
mQualEpsilon=0.0746345
mQualVolume=0.0164974
new_planned_energy=45.2282
