gpsEpsilon=1.36328e-315
gpsVolume=-0.0270285
mQualEpsilon=0.00782276
mQualVolume=0.000226099
new_planned_energy=80.6608
