gpsEpsilon=1.01651e-315
gpsVolume=0
mQualEpsilon=0.0315037
mQualVolume=0.00467479
new_planned_energy=88.1007
