gpsEpsilon=235.279
gpsVolume=85.3349
mQualEpsilon=1.53927
mQualVolume=51.3481
new_planned_energy=-1.53927
