gpsEpsilon=238.659
gpsVolume=84.7903
mQualEpsilon=1.56697
mQualVolume=44.5308
new_planned_energy=-1.56697
