gpsEpsilon=15.7194
gpsVolume=97.5223
mQualEpsilon=1.49948
mQualVolume=48.7684
new_planned_energy=-1.49948
