gpsEpsilon=15.7194
gpsVolume=97.5223
mQualEpsilon=1.62905
mQualVolume=54.7022
new_planned_energy=-1.62905
