gpsEpsilon=215.477
gpsVolume=99.9538
mQualEpsilon=1.86433
mQualVolume=52.3795
new_planned_energy=-1.86433
