gpsEpsilon=215.477
gpsVolume=99.9538
mQualEpsilon=0.0299317
mQualVolume=0.0026567
new_planned_energy=16.7446
