epsilon_quality=0.0783316
volume_quality=0.126501
