epsilon_quality=0.0943958
volume_quality=0.125902
