gpsEpsilon=53.672
gpsVolume=70.8782
mQualEpsilon=1.49586
mQualVolume=56.7838
new_planned_energy=-1.49586
