gpsEpsilon=71.852
gpsVolume=15.9355
mQualEpsilon=0.00627795
mQualVolume=0.000295863
new_planned_energy=59.0397
