gpsEpsilon=1.21659e-315
gpsVolume=9.07387e-316
mQualEpsilon=0.0252314
mQualVolume=0.00317096
new_planned_energy=75.254
