gpsEpsilon=1.37086e-315
gpsVolume=1.37086e-315
mQualEpsilon=-1
mQualVolume=0.00301367
new_planned_energy=72.7333
