gpsEpsilon=208.605
gpsVolume=85.0097
mQualEpsilon=0.0277341
mQualVolume=0.00512076
new_planned_energy=20.0859
