gpsEpsilon=0
gpsVolume=0
mQualEpsilon=0.0500151
mQualVolume=0.00363333
new_planned_energy=14.3691
