gpsEpsilon=4.26979e-316
gpsVolume=0
mQualEpsilon=0.0361912
mQualVolume=0.00481168
new_planned_energy=49.4284
