gpsEpsilon=7.16013
gpsVolume=74.2485
mQualEpsilon=0.00802419
mQualVolume=0.00959575
new_planned_energy=56.5282
