gpsEpsilon=7.16013
gpsVolume=74.2485
mQualEpsilon=0.014567
mQualVolume=0.00351992
new_planned_energy=72.4092
