gpsEpsilon=136.804
gpsVolume=106.083
mQualEpsilon=0.0488725
mQualVolume=0.00400293
new_planned_energy=70.9438
