gpsEpsilon=120.478
gpsVolume=91.3239
mQualEpsilon=0.0323468
mQualVolume=0.00726653
new_planned_energy=97.3112
