gpsEpsilon=132.587
gpsVolume=91.3234
mQualEpsilon=0.0311003
mQualVolume=0.00315327
new_planned_energy=44.2891
