gpsEpsilon=7.91794e-316
gpsVolume=0
mQualEpsilon=0.0189837
mQualVolume=0.0019143
new_planned_energy=105.742
