gpsEpsilon=1.08266e-315
gpsVolume=0
mQualEpsilon=1.52833
mQualVolume=45.9855
new_planned_energy=-1.52833
