gpsEpsilon=1.08266e-315
gpsVolume=0
mQualEpsilon=1.52632
mQualVolume=46.1038
new_planned_energy=28.9018
