gpsEpsilon=8.66201
gpsVolume=6.70486
mQualEpsilon=-1
mQualVolume=0.00111881
new_planned_energy=0
