gpsEpsilon=8.87075
gpsVolume=6.70486
mQualEpsilon=0.00714135
mQualVolume=0.00138986
new_planned_energy=90.1767
