gpsEpsilon=8.90214
gpsVolume=6.70486
mQualEpsilon=0.0307967
mQualVolume=0.00128504
new_planned_energy=66.9839
