gpsEpsilon=1.24982e-315
gpsVolume=0
mQualEpsilon=0.0614036
mQualVolume=0.0102207
new_planned_energy=67.2968
