gpsEpsilon=1.14829e-316
gpsVolume=0
mQualEpsilon=-1
mQualVolume=0.00262033
new_planned_energy=66.9247
