gpsEpsilon=1.24755e-315
gpsVolume=0
mQualEpsilon=-1
mQualVolume=0.00159685
new_planned_energy=81.6373
