gpsEpsilon=11.4501
gpsVolume=43.2191
mQualEpsilon=0.00602049
mQualVolume=0.00420829
new_planned_energy=67.1052
