gpsEpsilon=9.68357
gpsVolume=8.20755
mQualEpsilon=0.0761278
mQualVolume=0.0274316
new_planned_energy=69.7371
