gpsEpsilon=9.00633
gpsVolume=6.98873
mQualEpsilon=-1
mQualVolume=0.00273479
new_planned_energy=95.2748
