gpsEpsilon=8.51459
gpsVolume=6.98873
mQualEpsilon=0.0290821
mQualVolume=0.00304679
new_planned_energy=51.4772
