gpsEpsilon=8.24131
gpsVolume=6.70486
mQualEpsilon=0.00100203
mQualVolume=0.00531728
new_planned_energy=39.7887
