gpsEpsilon=8.09612
gpsVolume=6.70486
mQualEpsilon=0.00982676
mQualVolume=0.0231616
new_planned_energy=48.6045
