gpsEpsilon=8.06407
gpsVolume=6.70486
mQualEpsilon=-1
mQualVolume=0.00211269
new_planned_energy=94.8193
