gpsEpsilon=8.36491
gpsVolume=6.70486
mQualEpsilon=0.0199722
mQualVolume=0.00291211
new_planned_energy=82.1031
