gpsEpsilon=0.826811
gpsVolume=-0.356167
mQualEpsilon=0.0305388
mQualVolume=0.0032477
new_planned_energy=62.6511
