gpsEpsilon=-0.458018
gpsVolume=-0.295267
mQualEpsilon=-1
mQualVolume=0.0077632
new_planned_energy=23.1164
