gpsEpsilon=-0.631758
gpsVolume=-0.401561
mQualEpsilon=-1
mQualVolume=0.00796953
new_planned_energy=46.8389
