gpsEpsilon=0.284122
gpsVolume=-0.744309
mQualEpsilon=0.0176003
mQualVolume=0.0017513
new_planned_energy=49.9657
