gpsEpsilon=-0.19719
gpsVolume=-0.803823
mQualEpsilon=0.0115777
mQualVolume=0.00872713
new_planned_energy=43.9407
