gpsEpsilon=0.67538
gpsVolume=0.613881
mQualEpsilon=0.0233668
mQualVolume=0.0335914
new_planned_energy=57.0286
