gpsEpsilon=0.826811
gpsVolume=2.42092e-322
mQualEpsilon=-1
mQualVolume=0.00291691
new_planned_energy=61.3529
