gpsEpsilon=0.826811
gpsVolume=2.42092e-322
mQualEpsilon=-1
mQualVolume=0.017901
new_planned_energy=84.2061
