gpsEpsilon=0.826811
gpsVolume=2.42092e-322
mQualEpsilon=-1
mQualVolume=0.00177309
new_planned_energy=84.0002
