gpsEpsilon=0.826811
gpsVolume=2.42092e-322
mQualEpsilon=0.00860977
mQualVolume=0.00153719
new_planned_energy=29.6057
