gpsEpsilon=0.826811
gpsVolume=2.42092e-322
mQualEpsilon=0.0622173
mQualVolume=0.00900907
new_planned_energy=69.0702
