gpsEpsilon=0.826811
gpsVolume=2.42092e-322
mQualEpsilon=-1
mQualVolume=0.000820352
new_planned_energy=83.1453
