gpsEpsilon=0.735416
gpsVolume=-0.283883
mQualEpsilon=0.0353627
mQualVolume=0.00489303
new_planned_energy=74.0651
