epsilon_quality=0.0901291
volume_quality=0.314194
