epsilon_quality=0.00190149
volume_quality=0.020716
