epsilon_quality=0.00403357
volume_quality=0.0121603
