epsilon_quality=0.106884
volume_quality=0.0370972
