epsilon_quality=0.0820714
volume_quality=0.0448774
