epsilon_quality=0.0879328
volume_quality=0.367728
