epsilon_quality=0.28075
volume_quality=1.03661
