epsilon_quality=0.107992
volume_quality=0.788927
