epsilon_quality=0.165703
volume_quality=0.376832
