epsilon_quality=0.0912622
volume_quality=0.243414
