epsilon_quality=0.216333
volume_quality=0.769821
