epsilon_quality=0.0847817
volume_quality=0.156652
