epsilon_quality=0.17733
volume_quality=0.835889
