epsilon_quality=0.0496942
volume_quality=0.0646868
