epsilon_quality=0.0417248
volume_quality=0.0322668
