epsilon_quality=0.0212176
volume_quality=0.0268609
