epsilon_quality=0.156228
volume_quality=0.135394
