epsilon_quality=0.126268
volume_quality=0.259414
