epsilon_quality=0.09434
volume_quality=0.0416772
