epsilon_quality=0.065963
volume_quality=0.110432
