epsilon_quality=0.0598271
volume_quality=0.0366133
