epsilon_quality=0.0743585
volume_quality=0.219128
