epsilon_quality=0.113555
volume_quality=0.404564
