epsilon_quality=0.182132
volume_quality=0.382278
