epsilon_quality=0.0199782
volume_quality=0.0661574
