epsilon_quality=0.0582332
volume_quality=0.0293659
