epsilon_quality=0.0824154
volume_quality=0.0792569
