epsilon_quality=0.0756745
volume_quality=0.0657609
