epsilon_quality=0.176021
volume_quality=0.719579
