epsilon_quality=0.0112257
volume_quality=0.0829924
