epsilon_quality=0.251872
volume_quality=0.568349
