epsilon_quality=0.16016
volume_quality=0.371839
