epsilon_quality=0.15075
volume_quality=0.544291
