epsilon_quality=0.188895
volume_quality=0.620425
