epsilon_quality=0.178382
volume_quality=1.10849
