gpsEpsilon=-0.910496
gpsVolume=0.336734
mQualEpsilon=0.0206942
mQualVolume=0.00649291
new_planned_energy=13.294
