gpsEpsilon=0.0536161
gpsVolume=-0.935874
mQualEpsilon=0.0410876
mQualVolume=0.00512265
new_planned_energy=16.726
