gpsEpsilon=1.74962e-315
gpsVolume=6.95335e-310
mQualEpsilon=0.0177818
mQualVolume=0.000410125
new_planned_energy=72.4139
