gpsEpsilon=1.56691e-315
gpsVolume=6.95335e-310
mQualEpsilon=0.0452682
mQualVolume=0.0061599
new_planned_energy=19.6773
