gpsEpsilon=1.21581e-315
gpsVolume=6.95335e-310
mQualEpsilon=0.065298
mQualVolume=0.00616782
new_planned_energy=25.6319
