gpsEpsilon=1.55693e-315
gpsVolume=6.95335e-310
mQualEpsilon=0.0179016
mQualVolume=0.00445041
new_planned_energy=19.9471
