gpsEpsilon=1.60168e-315
gpsVolume=6.14155e-316
mQualEpsilon=0.0152529
mQualVolume=0.00833735
new_planned_energy=55.6251
