gpsEpsilon=-1
gpsVolume=1
mQualEpsilon=0.0596299
mQualVolume=0.0110288
new_planned_energy=45.2343
