gpsEpsilon=-3.97375
gpsVolume=0
mQualEpsilon=0.0332722
mQualVolume=0.00489253
new_planned_energy=44.6023
