gpsEpsilon=104.758
gpsVolume=138.378
mQualEpsilon=0.0709315
mQualVolume=0.00657163
new_planned_energy=52.1815
