gpsEpsilon=87.7646
gpsVolume=69.7796
mQualEpsilon=1.90233
mQualVolume=59.667
new_planned_energy=-1.90233
