gpsEpsilon=87.7646
gpsVolume=69.7796
mQualEpsilon=1.83708
mQualVolume=57.1681
new_planned_energy=-1.83708
