gpsEpsilon=87.7646
gpsVolume=69.7796
mQualEpsilon=1.73853
mQualVolume=54.6414
new_planned_energy=-1.73853
