gpsEpsilon=99.7951
gpsVolume=102.766
mQualEpsilon=1.75199
mQualVolume=57.1709
new_planned_energy=-1.75199
