gpsEpsilon=78.3831
gpsVolume=52.6387
mQualEpsilon=0.0590909
mQualVolume=0.0083621
new_planned_energy=61.9081
