gpsEpsilon=150.789
gpsVolume=91.5716
mQualEpsilon=0.0234863
mQualVolume=0.00582648
new_planned_energy=50.2942
