epsilon_quality=0.035947
volume_quality=0.00711749
