epsilon_quality=0.120735
volume_quality=0.192374
