epsilon_quality=0.194119
volume_quality=0.427389
