epsilon_quality=0.0842313
volume_quality=0.0372283
