epsilon_quality=0.0565433
volume_quality=0.164492
