epsilon_quality=0.0429069
volume_quality=0.00870337
