epsilon_quality=0.034838
volume_quality=0.00969674
