epsilon_quality=0.102727
volume_quality=0.457666
