epsilon_quality=0.126945
volume_quality=0.179782
