epsilon_quality=0.170018
volume_quality=1.04584
