epsilon_quality=0.0338648
volume_quality=0.28528
