epsilon_quality=0.0878146
volume_quality=0.175628
