epsilon_quality=0.174689
volume_quality=0.45659
