epsilon_quality=0.124354
volume_quality=0.459957
