epsilon_quality=0.114966
volume_quality=0.781925
