epsilon_quality=0.0845891
volume_quality=0.519825
