epsilon_quality=0.0142606
volume_quality=0.0124485
