epsilon_quality=0.13226
volume_quality=0.426727
