epsilon_quality=0.0498522
volume_quality=0.0622083
