epsilon_quality=0.0869071
volume_quality=0.0326899
