gpsEpsilon=1.607e-315
gpsVolume=0
mQualEpsilon=0.0318867
mQualVolume=0.00245668
new_planned_energy=35.0494
