gpsEpsilon=1.90703e-315
gpsVolume=0
mQualEpsilon=0.0738273
mQualVolume=0.0241165
new_planned_energy=50.214
