gpsEpsilon=3.1094e-316
gpsVolume=0
mQualEpsilon=0.0611693
mQualVolume=0.00987072
new_planned_energy=19.3727
