gpsEpsilon=29.1871
gpsVolume=10.6952
mQualEpsilon=0.0552903
mQualVolume=0.0267237
new_planned_energy=41.8487
