gpsEpsilon=30.0269
gpsVolume=13.1305
mQualEpsilon=0.0224997
mQualVolume=0.00490432
new_planned_energy=38.0728
