gpsEpsilon=13.3577
gpsVolume=74.5604
mQualEpsilon=0.0325544
mQualVolume=0.00224626
new_planned_energy=60.2297
