gpsEpsilon=9.08562e-316
gpsVolume=2.42092e-322
mQualEpsilon=0.0442883
mQualVolume=0.00657738
new_planned_energy=33.6733
