gpsEpsilon=44.4005
gpsVolume=233.155
mQualEpsilon=0.0311579
mQualVolume=0.0109094
new_planned_energy=43.8711
