gpsEpsilon=7.47222
gpsVolume=93.739
mQualEpsilon=0.0527591
mQualVolume=0.00380082
new_planned_energy=35.569
