gpsEpsilon=14.6947
gpsVolume=92.6407
mQualEpsilon=0.0238521
mQualVolume=0.00593689
new_planned_energy=51.0497
