gpsEpsilon=13.5711
gpsVolume=90.3595
mQualEpsilon=0.0582389
mQualVolume=0.00666321
new_planned_energy=32.6935
