gpsEpsilon=6.92526
gpsVolume=87.8591
mQualEpsilon=0.0905088
mQualVolume=0.0168557
new_planned_energy=52.973
