gpsEpsilon=7.7582
gpsVolume=85.6706
mQualEpsilon=0.0182911
mQualVolume=0.00790698
new_planned_energy=55.7517
