gpsEpsilon=10.5251
gpsVolume=84.0611
mQualEpsilon=0.0516898
mQualVolume=0.00930008
new_planned_energy=35.5731
