gpsEpsilon=4.45302e-316
gpsVolume=0
mQualEpsilon=0.0933369
mQualVolume=0.04168
new_planned_energy=66.1483
