epsilon_quality=0.149579
volume_quality=0.100944
