epsilon_quality=0.100905
volume_quality=0.0509146
