epsilon_quality=0.0528414
volume_quality=0.0390678
