epsilon_quality=0.0476456
volume_quality=0.0855192
