epsilon_quality=0.0158187
volume_quality=0.128754
