epsilon_quality=0.116787
volume_quality=0.225414
