epsilon_quality=0.0998309
volume_quality=0.0563435
