epsilon_quality=0.0300391
volume_quality=0.00275228
