epsilon_quality=0.0165564
volume_quality=0.0284576
