epsilon_quality=0.0608846
volume_quality=0.0329501
