epsilon_quality=0.0156395
volume_quality=0.0071233
