epsilon_quality=0.0490075
volume_quality=0.0447702
