epsilon_quality=0.0451803
volume_quality=0.0268939
