epsilon_quality=0.0757479
volume_quality=0.0377554
