epsilon_quality=0.0447439
volume_quality=0.0353777
