epsilon_quality=0.160874
volume_quality=0.200461
