epsilon_quality=0.0985068
volume_quality=0.453522
