epsilon_quality=0.0168559
volume_quality=0.000956198
