epsilon_quality=0.00527686
volume_quality=0.00408644
