epsilon_quality=0.0761082
volume_quality=0.0725535
