epsilon_quality=0.0192049
volume_quality=0.0646641
