epsilon_quality=0.115311
volume_quality=0.115635
