epsilon_quality=0.0371382
volume_quality=0.00205174
