epsilon_quality=0.128305
volume_quality=0.205935
