epsilon_quality=0.132714
volume_quality=0.062884
