epsilon_quality=0.00245874
volume_quality=0.0327436
