epsilon_quality=0.126557
volume_quality=0.10817
