epsilon_quality=0.011837
volume_quality=0.0171659
