epsilon_quality=0.0365183
volume_quality=0.0177538
