epsilon_quality=0.000148307
volume_quality=0.00791872
