epsilon_quality=0.0439262
volume_quality=0.0245043
