epsilon_quality=0.0140528
volume_quality=0.00419143
