epsilon_quality=0.0393287
volume_quality=0.0175289
