epsilon_quality=0.0378295
volume_quality=0.165836
