epsilon_quality=0.0505123
volume_quality=0.116346
