epsilon_quality=0.0205457
volume_quality=0.0976375
