epsilon_quality=0.207279
volume_quality=0.579879
