epsilon_quality=0.0794438
volume_quality=0.0944684
