epsilon_quality=0.0342229
volume_quality=0.0176952
