epsilon_quality=0.120307
volume_quality=0.132193
