epsilon_quality=0.0302538
volume_quality=0.018668
