epsilon_quality=0.110804
volume_quality=0.226233
