epsilon_quality=0.0614731
volume_quality=0.00853776
