epsilon_quality=0.158414
volume_quality=0.263085
