epsilon_quality=0.0093759
volume_quality=0.0175746
