epsilon_quality=0.0615566
volume_quality=0.168566
