epsilon_quality=0.0634479
volume_quality=0.168956
