epsilon_quality=0.0942199
volume_quality=0.10779
