epsilon_quality=0.014555
volume_quality=0.354981
