epsilon_quality=0.127275
volume_quality=0.161664
