epsilon_quality=0.0882493
volume_quality=0.214395
