epsilon_quality=0.106343
volume_quality=0.0876849
