epsilon_quality=0.144571
volume_quality=0.182004
