epsilon_quality=0.177979
volume_quality=0.151368
