epsilon_quality=0.0142621
volume_quality=0.0482302
