epsilon_quality=0.0521137
volume_quality=0.083033
