epsilon_quality=0.0718602
volume_quality=0.100827
