epsilon_quality=0.212122
volume_quality=0.316623
