epsilon_quality=0.0151448
volume_quality=0.00274726
