epsilon_quality=0.0269206
volume_quality=0.0038104
