epsilon_quality=0.0199978
volume_quality=0.0128043
