epsilon_quality=0.0317657
volume_quality=0.0119445
