epsilon_quality=0.234407
volume_quality=1.77707
