epsilon_quality=0.258811
volume_quality=1.96047
