epsilon_quality=0.152461
volume_quality=0.169687
