epsilon_quality=0.0605818
volume_quality=0.125319
