epsilon_quality=0.184412
volume_quality=0.335173
