epsilon_quality=0.0137613
volume_quality=0.092282
