epsilon_quality=0.109163
volume_quality=0.110978
