epsilon_quality=0.241364
volume_quality=0.839248
