epsilon_quality=0.0783576
volume_quality=0.0546852
