epsilon_quality=0.163705
volume_quality=0.515934
