epsilon_quality=0.0638994
volume_quality=0.0812475
