epsilon_quality=0.0730047
volume_quality=0.0572587
