epsilon_quality=0.00457867
volume_quality=0.0080918
