epsilon_quality=0.0619175
volume_quality=0.019376
