epsilon_quality=0.0136147
volume_quality=0.00506797
