epsilon_quality=0.0305807
volume_quality=0.0159078
