epsilon_quality=0.0369012
volume_quality=0.00795542
