epsilon_quality=0.0298632
volume_quality=0.00357883
