epsilon_quality=0.065558
volume_quality=0.140983
