epsilon_quality=0.00564242
volume_quality=0.0624553
