gpsEpsilon=0.569779
gpsVolume=-0.429048
mQualEpsilon=0.00138645
mQualVolume=0.00517578
new_planned_energy=35.6784
