gpsEpsilon=26.7439
gpsVolume=51.7949
mQualEpsilon=0.0200044
mQualVolume=0.00214456
new_planned_energy=26.7892
