gpsEpsilon=36.1833
gpsVolume=53.6326
mQualEpsilon=0.0577086
mQualVolume=0.0147428
new_planned_energy=29.8253
