gpsEpsilon=36.9458
gpsVolume=51.813
mQualEpsilon=1.80376
mQualVolume=49.2897
new_planned_energy=-1.80376
