gpsEpsilon=36.9458
gpsVolume=51.813
mQualEpsilon=0.0325059
mQualVolume=0.00428829
new_planned_energy=20.5495
