gpsEpsilon=26.7439
gpsVolume=51.8424
mQualEpsilon=0.0190822
mQualVolume=0.00587336
new_planned_energy=75.625
