gpsEpsilon=1.68393e-315
gpsVolume=187.632
mQualEpsilon=0.000829691
mQualVolume=0.00573452
new_planned_energy=64.3508
