gpsEpsilon=0.701986
gpsVolume=2.42092e-322
mQualEpsilon=-1
mQualVolume=0.000163533
new_planned_energy=30.4397
