gpsEpsilon=0.702318
gpsVolume=-0.0913122
mQualEpsilon=0.000362185
mQualVolume=0.00744845
new_planned_energy=43.6555
