gpsEpsilon=0.569779
gpsVolume=-0.429048
mQualEpsilon=0.00868198
mQualVolume=0.000105733
new_planned_energy=93.3893
