gpsEpsilon=0.576155
gpsVolume=-0.420323
mQualEpsilon=0.00762985
mQualVolume=0.00218426
new_planned_energy=34.2438
