gpsEpsilon=0.67279
gpsVolume=2.42092e-322
mQualEpsilon=0.0409699
mQualVolume=0.0143052
new_planned_energy=52.5574
