gpsEpsilon=0.569779
gpsVolume=-0.429048
mQualEpsilon=-1
mQualVolume=0.00124224
new_planned_energy=89.3048
