epsilon_quality=0.0165794
volume_quality=0.00639125
