epsilon_quality=0.224801
volume_quality=0.223273
