epsilon_quality=0.167667
volume_quality=0.468697
