epsilon_quality=0.149306
volume_quality=0.100526
