epsilon_quality=0.101132
volume_quality=0.242519
