epsilon_quality=0.177242
volume_quality=0.25219
