epsilon_quality=0.203865
volume_quality=0.435627
