epsilon_quality=0.176308
volume_quality=0.347167
