epsilon_quality=0.0764955
volume_quality=0.192406
