epsilon_quality=0.0556381
volume_quality=0.0233692
