epsilon_quality=0.315682
volume_quality=1.56006
