epsilon_quality=0.161233
volume_quality=0.276396
