epsilon_quality=0.00517017
volume_quality=0.0438046
