epsilon_quality=0.0257482
volume_quality=0.0095446
