epsilon_quality=0.123062
volume_quality=0.0554809
