epsilon_quality=0.0285411
volume_quality=0.0116023
