epsilon_quality=0.0182382
volume_quality=0.0830978
