epsilon_quality=0.0635943
volume_quality=0.131631
