epsilon_quality=0.038289
volume_quality=0.0288828
