epsilon_quality=0.0610363
volume_quality=0.0265201
