epsilon_quality=0.11988
volume_quality=0.233783
