epsilon_quality=0.0662165
volume_quality=0.251017
