epsilon_quality=0.0162621
volume_quality=0.00801622
