epsilon_quality=0.0434385
volume_quality=0.0112522
