epsilon_quality=0.0834229
volume_quality=0.0364454
