epsilon_quality=0.0943169
volume_quality=0.0410315
