epsilon_quality=0.00129299
volume_quality=0.00293371
