epsilon_quality=0.0590035
volume_quality=0.0276559
