epsilon_quality=0.17359
volume_quality=0.263335
