epsilon_quality=0.00589502
volume_quality=0.0030133
