epsilon_quality=0.145668
volume_quality=0.392871
