epsilon_quality=0.169596
volume_quality=0.67054
