epsilon_quality=0.107875
volume_quality=0.713064
