epsilon_quality=0.0143053
volume_quality=0.0178781
