epsilon_quality=0.0579562
volume_quality=0.0102002
