epsilon_quality=0.010713
volume_quality=0.00936119
