epsilon_quality=0.0128575
volume_quality=0.0234935
