epsilon_quality=0.114317
volume_quality=0.192753
