epsilon_quality=0.0246937
volume_quality=0.295954
