epsilon_quality=0.163959
volume_quality=0.361392
