epsilon_quality=0.0262689
volume_quality=0.0315293
