epsilon_quality=0.0386863
volume_quality=0.23199
