epsilon_quality=0.0288685
volume_quality=0.00898094
