epsilon_quality=0.0877269
volume_quality=0.160001
