epsilon_quality=0.0274824
volume_quality=0.0205823
