epsilon_quality=0.0742612
volume_quality=0.0148052
