epsilon_quality=0.138129
volume_quality=0.403306
