epsilon_quality=0.107146
volume_quality=0.0615004
