epsilon_quality=0.107024
volume_quality=1.02717
