epsilon_quality=0.0421291
volume_quality=0.517844
