epsilon_quality=0.0475123
volume_quality=0.0585953
