epsilon_quality=0.0778388
volume_quality=0.292763
