epsilon_quality=0.037097
volume_quality=0.0116647
