epsilon_quality=0.0875715
volume_quality=0.0817955
