epsilon_quality=0.111354
volume_quality=0.101388
