epsilon_quality=0.008508
volume_quality=0.00651473
