epsilon_quality=0.102993
volume_quality=0.0558008
