epsilon_quality=0.0390182
volume_quality=0.12225
