epsilon_quality=0.196798
volume_quality=0.872958
