epsilon_quality=0.209182
volume_quality=0.731146
