epsilon_quality=0.225491
volume_quality=1.68355
