epsilon_quality=0.0725646
volume_quality=0.138903
