epsilon_quality=0.0756899
volume_quality=0.0424504
