epsilon_quality=0.0661136
volume_quality=0.0264148
