gpsEpsilon=142.962
gpsVolume=144.989
mQualEpsilon=1.84393
mQualVolume=50.1855
new_planned_energy=-1.84393
