gpsEpsilon=142.962
gpsVolume=144.989
mQualEpsilon=1.86482
mQualVolume=49.9123
new_planned_energy=-1.86482
