gpsEpsilon=142.962
gpsVolume=144.989
mQualEpsilon=-1
mQualVolume=0.00031169
new_planned_energy=9.45223
