gpsEpsilon=145.109
gpsVolume=144.913
mQualEpsilon=0.0367813
mQualVolume=0.0146902
new_planned_energy=17.8764
