gpsEpsilon=128.319
gpsVolume=152.234
mQualEpsilon=1.50145
mQualVolume=42.4435
new_planned_energy=-1.50145
