gpsEpsilon=137.535
gpsVolume=150.009
mQualEpsilon=1.83848
mQualVolume=49.9697
new_planned_energy=-1.83848
