gpsEpsilon=137.535
gpsVolume=150.009
mQualEpsilon=1.87751
mQualVolume=50.6426
new_planned_energy=-1.87751
