gpsEpsilon=233.589
gpsVolume=182.747
mQualEpsilon=1.89853
mQualVolume=56.1492
new_planned_energy=-1.89853
