gpsEpsilon=233.589
gpsVolume=182.747
mQualEpsilon=1.94314
mQualVolume=55.875
new_planned_energy=-1.94314
