gpsEpsilon=233.589
gpsVolume=182.747
mQualEpsilon=1.87959
mQualVolume=55.7939
new_planned_energy=-1.87959
