gpsEpsilon=233.589
gpsVolume=182.747
mQualEpsilon=1.94471
mQualVolume=55.8623
new_planned_energy=-1.94471
