gpsEpsilon=228.025
gpsVolume=191.149
mQualEpsilon=1.81996
mQualVolume=51.0338
new_planned_energy=-1.81996
