gpsEpsilon=222.837
gpsVolume=188.041
mQualEpsilon=1.89246
mQualVolume=56.5881
new_planned_energy=-1.89246
