gpsEpsilon=222.837
gpsVolume=188.041
mQualEpsilon=1.88348
mQualVolume=56.7003
new_planned_energy=-1.88348
