gpsEpsilon=127.071
gpsVolume=129.973
mQualEpsilon=0.0697583
mQualVolume=0.0286823
new_planned_energy=24.8347
