gpsEpsilon=131.869
gpsVolume=137.33
mQualEpsilon=1.76178
mQualVolume=56.9705
new_planned_energy=-1.76178
