gpsEpsilon=131.869
gpsVolume=137.33
mQualEpsilon=1.77472
mQualVolume=57.3052
new_planned_energy=-1.77472
