gpsEpsilon=131.869
gpsVolume=137.33
mQualEpsilon=1.80877
mQualVolume=55.9746
new_planned_energy=-1.80877
