gpsEpsilon=131.869
gpsVolume=137.33
mQualEpsilon=1.79492
mQualVolume=56.9363
new_planned_energy=-1.79492
