gpsEpsilon=131.869
gpsVolume=137.33
mQualEpsilon=1.78203
mQualVolume=57.622
new_planned_energy=-1.78203
