gpsEpsilon=131.869
gpsVolume=137.33
mQualEpsilon=1.84709
mQualVolume=57.2858
new_planned_energy=-1.84709
