gpsEpsilon=130.365
gpsVolume=145.904
mQualEpsilon=1.86314
mQualVolume=57.8184
new_planned_energy=-1.86314
