gpsEpsilon=130.365
gpsVolume=145.904
mQualEpsilon=1.91588
mQualVolume=58.1338
new_planned_energy=-1.91588
