gpsEpsilon=130.365
gpsVolume=145.904
mQualEpsilon=1.90693
mQualVolume=57.7639
new_planned_energy=-1.90693
