gpsEpsilon=130.365
gpsVolume=145.904
mQualEpsilon=0.0142066
mQualVolume=0.010991
new_planned_energy=21.3734
