epsilon_quality=0.0773117
volume_quality=0.0729646
