epsilon_quality=0.130952
volume_quality=0.0844661
