epsilon_quality=0.0549465
volume_quality=0.0415807
