epsilon_quality=0.058698
volume_quality=0.258807
