epsilon_quality=0.0209231
volume_quality=0.0269243
