epsilon_quality=0.09955
volume_quality=0.080297
