epsilon_quality=0.070851
volume_quality=0.159902
