epsilon_quality=0.161031
volume_quality=0.348031
