epsilon_quality=0.176522
volume_quality=0.289224
