epsilon_quality=0.137886
volume_quality=0.440114
