epsilon_quality=0.119706
volume_quality=0.495711
