epsilon_quality=0.139976
volume_quality=0.33796
