epsilon_quality=0.0409856
volume_quality=0.140013
