epsilon_quality=0.101636
volume_quality=0.0523394
