epsilon_quality=0.218028
volume_quality=0.304892
