epsilon_quality=0.177263
volume_quality=0.309237
