epsilon_quality=0.134723
volume_quality=0.143616
