epsilon_quality=0.063853
volume_quality=0.0557549
