epsilon_quality=0.10806
volume_quality=0.0651457
