epsilon_quality=0.0787886
volume_quality=0.0397701
