epsilon_quality=0.110628
volume_quality=0.0587344
