epsilon_quality=0.0859233
volume_quality=0.125904
