epsilon_quality=0.0206183
volume_quality=0.00595521
