epsilon_quality=0.0912859
volume_quality=0.0296107
