epsilon_quality=0.0264164
volume_quality=0.0220271
