epsilon_quality=0.131763
volume_quality=1.04156
