epsilon_quality=0.10531
volume_quality=0.157354
