epsilon_quality=0.142226
volume_quality=0.148377
