epsilon_quality=0.119436
volume_quality=0.584989
