epsilon_quality=0.0921199
volume_quality=0.412099
