epsilon_quality=0.0551072
volume_quality=0.277909
