epsilon_quality=0.25943
volume_quality=0.405753
