epsilon_quality=0.0441418
volume_quality=0.00991919
