epsilon_quality=0.0239157
volume_quality=0.0429764
