epsilon_quality=0.0114555
volume_quality=0.00515834
