epsilon_quality=0.000191254
volume_quality=0.0254212
