epsilon_quality=0.0518145
volume_quality=0.0306091
