epsilon_quality=0.0817103
volume_quality=0.148789
