epsilon_quality=0.0470951
volume_quality=0.0285666
