epsilon_quality=0.197871
volume_quality=0.614928
