epsilon_quality=0.252267
volume_quality=0.395427
