epsilon_quality=0.0817972
volume_quality=0.128719
