epsilon_quality=0.125198
volume_quality=0.255565
