epsilon_quality=0.0388311
volume_quality=0.0192659
