epsilon_quality=0.0375756
volume_quality=0.0136245
