epsilon_quality=0.0669889
volume_quality=0.0248353
