epsilon_quality=0.088284
volume_quality=0.0719641
