epsilon_quality=0.0744371
volume_quality=0.152879
