epsilon_quality=0.0785557
volume_quality=0.182882
