epsilon_quality=0.12258
volume_quality=0.499602
