epsilon_quality=0.102481
volume_quality=0.161849
