epsilon_quality=0.0600525
volume_quality=0.0118841
