epsilon_quality=0.382167
volume_quality=3.65539
