epsilon_quality=0.171614
volume_quality=0.350862
