epsilon_quality=0.0332822
volume_quality=0.0115029
