epsilon_quality=0.173785
volume_quality=0.162608
