epsilon_quality=0.024486
volume_quality=0.0253268
