epsilon_quality=0.072265
volume_quality=0.0128947
