epsilon_quality=0.0544569
volume_quality=0.0176134
