epsilon_quality=0.153821
volume_quality=0.320585
