epsilon_quality=0.15217
volume_quality=0.424426
