epsilon_quality=0.0769969
volume_quality=0.148976
