epsilon_quality=0.0159233
volume_quality=0.00719905
