epsilon_quality=0.104199
volume_quality=0.165718
