epsilon_quality=0.102573
volume_quality=0.0984772
