epsilon_quality=0.0906521
volume_quality=0.216891
