epsilon_quality=0.154889
volume_quality=0.827571
