epsilon_quality=0.0440687
volume_quality=0.0144441
