epsilon_quality=0.0420061
volume_quality=0.0171825
