gpsEpsilon=128.664
gpsVolume=142.815
mQualEpsilon=0.049503
mQualVolume=0.0118544
new_planned_energy=25.5966
