gpsEpsilon=57.0718
gpsVolume=207.914
mQualEpsilon=0.0474471
mQualVolume=0.00955217
new_planned_energy=28.6448
