gpsEpsilon=108.784
gpsVolume=146.49
mQualEpsilon=0.0160919
mQualVolume=0.00772091
new_planned_energy=43.9982
