gpsEpsilon=157.22
gpsVolume=160.278
mQualEpsilon=0.0309439
mQualVolume=0.00549087
new_planned_energy=0
