gpsEpsilon=160.644
gpsVolume=164.713
mQualEpsilon=0.0339774
mQualVolume=0.0259866
new_planned_energy=56.6429
