gpsEpsilon=134.273
gpsVolume=149.176
mQualEpsilon=0.0663761
mQualVolume=0.0166639
new_planned_energy=44.2155
