gpsEpsilon=108.797
gpsVolume=146.443
mQualEpsilon=0.0967882
mQualVolume=0.0382991
new_planned_energy=59.7512
