gpsEpsilon=98.9546
gpsVolume=151.674
mQualEpsilon=0.0893437
mQualVolume=0.0320938
new_planned_energy=42.588
