gpsEpsilon=115.253
gpsVolume=148.054
mQualEpsilon=0.00968073
mQualVolume=0.00610541
new_planned_energy=52.9926
