gpsEpsilon=111.715
gpsVolume=169.729
mQualEpsilon=0.0300411
mQualVolume=0.00173469
new_planned_energy=67.7337
