epsilon_quality=0.0384145
volume_quality=0.0210553
