epsilon_quality=0.0404816
volume_quality=0.0266284
