epsilon_quality=0.099217
volume_quality=0.0657987
