epsilon_quality=0.0626415
volume_quality=0.0239096
