epsilon_quality=0.0394264
volume_quality=0.0361212
