epsilon_quality=0.0516291
volume_quality=0.127745
