epsilon_quality=0.0577744
volume_quality=0.0592323
