epsilon_quality=0.110259
volume_quality=0.480638
