epsilon_quality=0.0607614
volume_quality=0.0414394
