epsilon_quality=0.0169319
volume_quality=0.0175221
