epsilon_quality=0.0821997
volume_quality=0.0905111
