epsilon_quality=0.169601
volume_quality=0.172943
