epsilon_quality=0.0832447
volume_quality=0.429456
