epsilon_quality=0.121152
volume_quality=0.206756
