epsilon_quality=0.22446
volume_quality=0.976973
