epsilon_quality=0.30184
volume_quality=0.960232
