epsilon_quality=0.0624538
volume_quality=0.322125
