epsilon_quality=0.0727871
volume_quality=0.0577889
