epsilon_quality=0.27195
volume_quality=1.07355
