epsilon_quality=0.280755
volume_quality=1.43532
