epsilon_quality=0.162394
volume_quality=1.05236
