epsilon_quality=0.229521
volume_quality=0.364938
