epsilon_quality=0.0979698
volume_quality=0.136595
