epsilon_quality=0.00593795
volume_quality=0.221835
