epsilon_quality=0.0971897
volume_quality=0.14533
