epsilon_quality=0.000196782
volume_quality=0.0301407
