epsilon_quality=0.0117561
volume_quality=0.00219096
