epsilon_quality=0.176133
volume_quality=0.57258
