epsilon_quality=0.0675441
volume_quality=0.0969732
