epsilon_quality=0.0578795
volume_quality=0.048006
