epsilon_quality=0.159439
volume_quality=0.489152
