epsilon_quality=0.150293
volume_quality=0.713307
