epsilon_quality=0.241397
volume_quality=0.990282
