epsilon_quality=0.309217
volume_quality=1.36919
