epsilon_quality=0.249776
volume_quality=1.38934
