epsilon_quality=0.275818
volume_quality=2.18986
