epsilon_quality=0.121598
volume_quality=0.380848
