epsilon_quality=0.0582428
volume_quality=0.0254105
