epsilon_quality=0.0257127
volume_quality=0.125078
