epsilon_quality=0.128881
volume_quality=0.129223
