epsilon_quality=0.126377
volume_quality=0.253144
