epsilon_quality=0.0828174
volume_quality=0.17795
