epsilon_quality=0.0139184
volume_quality=0.0271492
