epsilon_quality=0.023209
volume_quality=0.00664612
