epsilon_quality=0.221664
volume_quality=0.414862
