epsilon_quality=0.166159
volume_quality=0.31793
