epsilon_quality=0.266266
volume_quality=0.553525
