epsilon_quality=0.0899563
volume_quality=0.342444
