epsilon_quality=0.0494997
volume_quality=0.214436
