epsilon_quality=0.0222707
volume_quality=0.0447663
