epsilon_quality=0.000121294
volume_quality=0.0254757
