epsilon_quality=0.35503
volume_quality=1.91363
