epsilon_quality=0.0525438
volume_quality=0.328457
