epsilon_quality=0.0942153
volume_quality=0.620393
