epsilon_quality=0.10213
volume_quality=0.461407
