epsilon_quality=0.0357392
volume_quality=0.017127
