epsilon_quality=0.0402852
volume_quality=0.0254154
