epsilon_quality=0.0138062
volume_quality=0.0275632
