gpsEpsilon=18.9402
gpsVolume=151.769
mQualEpsilon=0.0325149
mQualVolume=0.00500218
new_planned_energy=20.6518
