gpsEpsilon=59.58
gpsVolume=220.86
mQualEpsilon=0.0259521
mQualVolume=0.00135784
new_planned_energy=80.1555
