gpsEpsilon=124.04
gpsVolume=217.818
mQualEpsilon=0.0252157
mQualVolume=0.00386534
new_planned_energy=93.3434
