gpsEpsilon=141.09
gpsVolume=91.9561
mQualEpsilon=0.0401673
mQualVolume=0.00956802
new_planned_energy=39.2291
