gpsEpsilon=49.9374
gpsVolume=99.3488
mQualEpsilon=0.014112
mQualVolume=0.00275486
new_planned_energy=84.514
