gpsEpsilon=70.5975
gpsVolume=53.5605
mQualEpsilon=0.065397
mQualVolume=0.0101882
new_planned_energy=52.6993
