gpsEpsilon=0
gpsVolume=2.42092e-322
mQualEpsilon=0.0479103
mQualVolume=0.0130789
new_planned_energy=61.0972
