gpsEpsilon=0.399303
gpsVolume=2.42092e-322
mQualEpsilon=-1
mQualVolume=0.00469216
new_planned_energy=77.72
