gpsEpsilon=1.89104e-316
gpsVolume=0.101219
mQualEpsilon=0.00322128
mQualVolume=0.0156855
new_planned_energy=63.9289
