gpsEpsilon=10.7324
gpsVolume=-11.51
mQualEpsilon=0.027853
mQualVolume=0.00154911
new_planned_energy=51.0994
