gpsEpsilon=83.7405
gpsVolume=48.5455
mQualEpsilon=0.0405326
mQualVolume=0.00724967
new_planned_energy=53.0364
