gpsEpsilon=78.8233
gpsVolume=170.518
mQualEpsilon=0.0900686
mQualVolume=0.0119856
new_planned_energy=48.9079
