epsilon_quality=0.0809033
volume_quality=0.0946533
