epsilon_quality=0.0303636
volume_quality=0.0218867
