epsilon_quality=0.170194
volume_quality=1.46528
