epsilon_quality=0.114034
volume_quality=0.875546
