epsilon_quality=0.100398
volume_quality=0.148132
