epsilon_quality=0.0367001
volume_quality=0.215173
