epsilon_quality=0.0777848
volume_quality=0.14854
