epsilon_quality=0.231794
volume_quality=0.471842
