epsilon_quality=0.140657
volume_quality=0.342815
