epsilon_quality=0.134444
volume_quality=0.523845
