epsilon_quality=0.285646
volume_quality=1.01026
