epsilon_quality=0.168958
volume_quality=0.381953
