epsilon_quality=0.222653
volume_quality=0.524379
