epsilon_quality=0.239951
volume_quality=0.405671
