epsilon_quality=0.00539736
volume_quality=0.276386
