epsilon_quality=0.167395
volume_quality=0.728721
