epsilon_quality=0.141175
volume_quality=0.113269
