epsilon_quality=0.102768
volume_quality=0.221041
