epsilon_quality=0.164717
volume_quality=0.581119
