epsilon_quality=0.0454042
volume_quality=0.0713545
