epsilon_quality=0.138297
volume_quality=0.0684752
