epsilon_quality=0.0866434
volume_quality=0.019807
