epsilon_quality=0.0642103
volume_quality=0.0832641
