epsilon_quality=0.0868857
volume_quality=0.0356994
