epsilon_quality=0.0668565
volume_quality=0.0318623
