epsilon_quality=0.0259425
volume_quality=0.0377022
