epsilon_quality=0.256574
volume_quality=2.76748
