epsilon_quality=0.070886
volume_quality=0.361993
