epsilon_quality=0.0786485
volume_quality=0.0162363
