epsilon_quality=0.0978759
volume_quality=0.203874
