epsilon_quality=0.0616657
volume_quality=0.137938
