epsilon_quality=0.0291028
volume_quality=0.0529417
