epsilon_quality=0.119505
volume_quality=0.0507238
