epsilon_quality=0.0531039
volume_quality=0.0173871
