epsilon_quality=0.127251
volume_quality=0.0691281
