epsilon_quality=0.15996
volume_quality=0.164431
