epsilon_quality=0.0640549
volume_quality=0.0543163
