epsilon_quality=0.0603353
volume_quality=0.0229097
