epsilon_quality=0.0562151
volume_quality=0.109959
