epsilon_quality=0.0466512
volume_quality=0.323458
