epsilon_quality=0.245914
volume_quality=2.86654
