epsilon_quality=0.163894
volume_quality=0.304088
