epsilon_quality=0.0319092
volume_quality=0.0886064
