epsilon_quality=0.0428949
volume_quality=0.102373
