epsilon_quality=0.149189
volume_quality=0.731609
