epsilon_quality=0.0550218
volume_quality=0.130282
