epsilon_quality=0.0817666
volume_quality=0.164952
