epsilon_quality=0.0379414
volume_quality=0.0798589
