epsilon_quality=0.107272
volume_quality=0.204584
