epsilon_quality=0.142529
volume_quality=0.140947
