epsilon_quality=0.0399589
volume_quality=0.00984926
