epsilon_quality=0.0626001
volume_quality=0.0527542
