epsilon_quality=0.191445
volume_quality=0.388041
