epsilon_quality=0.0384291
volume_quality=0.012235
