epsilon_quality=0.00405579
volume_quality=0.0164467
