epsilon_quality=0.0901252
volume_quality=0.0623865
