epsilon_quality=0.0576743
volume_quality=0.0911256
