epsilon_quality=0.288571
volume_quality=0.890019
