epsilon_quality=0.0963395
volume_quality=0.539957
