epsilon_quality=0.00527129
volume_quality=0.084973
