epsilon_quality=0.170774
volume_quality=0.367076
