epsilon_quality=0.159633
volume_quality=0.214726
