epsilon_quality=0.263729
volume_quality=1.32747
