epsilon_quality=0.106742
volume_quality=0.456607
