epsilon_quality=0.132345
volume_quality=0.446325
