epsilon_quality=0.197148
volume_quality=0.439753
