epsilon_quality=0.0465853
volume_quality=0.238326
