epsilon_quality=0.0249033
volume_quality=0.0598714
