epsilon_quality=0.139561
volume_quality=0.119119
