epsilon_quality=0.186059
volume_quality=0.378115
