epsilon_quality=0.00538566
volume_quality=0.23535
