epsilon_quality=0.167905
volume_quality=0.212786
