epsilon_quality=0.148765
volume_quality=0.314315
