epsilon_quality=0.0287173
volume_quality=0.00858845
