epsilon_quality=0.187715
volume_quality=0.651789
