epsilon_quality=0.0455529
volume_quality=0.0375422
