epsilon_quality=0.107083
volume_quality=0.123831
