epsilon_quality=0.0770878
volume_quality=0.0608303
