epsilon_quality=0.000821421
volume_quality=0.058338
