epsilon_quality=0.114708
volume_quality=0.411372
