epsilon_quality=0.200905
volume_quality=1.88648
