epsilon_quality=0.0783091
volume_quality=0.222194
