epsilon_quality=0.00238433
volume_quality=0.0177029
