epsilon_quality=0.0614786
volume_quality=0.140369
