epsilon_quality=0.0428635
volume_quality=0.022323
