epsilon_quality=0.0739798
volume_quality=0.0586933
