epsilon_quality=0.0630957
volume_quality=0.0515321
