epsilon_quality=0.108676
volume_quality=0.213912
