epsilon_quality=0.0833379
volume_quality=0.0284139
