epsilon_quality=0.07894
volume_quality=0.11865
