epsilon_quality=0.108858
volume_quality=0.145593
