epsilon_quality=0.053149
volume_quality=0.121186
