epsilon_quality=0.212699
volume_quality=0.49293
