gpsEpsilon=-0.629874
gpsVolume=-0.403168
mQualEpsilon=0.00490006
mQualVolume=0.0223056
new_planned_energy=65.5295
