gpsEpsilon=-0.0225821
gpsVolume=0.499755
mQualEpsilon=0.0195588
mQualVolume=0.00128338
new_planned_energy=46.2516
