gpsEpsilon=-0.441499
gpsVolume=-0.293047
mQualEpsilon=0.0485804
mQualVolume=0.00359005
new_planned_energy=42.5541
