gpsEpsilon=-0.489144
gpsVolume=-0.321158
mQualEpsilon=0.0425131
mQualVolume=0.0125348
new_planned_energy=35.5087
