gpsEpsilon=-0.479782
gpsVolume=-0.315646
mQualEpsilon=0.0325285
mQualVolume=0.00165395
new_planned_energy=21.6795
