gpsEpsilon=-0.479782
gpsVolume=-0.315646
mQualEpsilon=1.4166
mQualVolume=48.6936
new_planned_energy=-1.4166
