gpsEpsilon=-0.479782
gpsVolume=-0.315646
mQualEpsilon=1.31175
mQualVolume=48.4693
new_planned_energy=-1.31175
