gpsEpsilon=-0.479782
gpsVolume=-0.315646
mQualEpsilon=1.40884
mQualVolume=48.9535
new_planned_energy=-1.40884
