gpsEpsilon=-0.466047
gpsVolume=0.150556
mQualEpsilon=0.00644513
mQualVolume=0.0116646
new_planned_energy=46.5193
