gpsEpsilon=0
gpsVolume=0
mQualEpsilon=0.0375288
mQualVolume=0.0131339
new_planned_energy=55.5719
