gpsEpsilon=-0.719657
gpsVolume=-0.454259
mQualEpsilon=0.0437937
mQualVolume=0.00158106
new_planned_energy=35.3993
