gpsEpsilon=0
gpsVolume=0.0078125
mQualEpsilon=1.81282
mQualVolume=56.9014
new_planned_energy=-1.81282
