gpsEpsilon=0
gpsVolume=0.0078125
mQualEpsilon=1.77792
mQualVolume=57.2138
new_planned_energy=-1.77792
