gpsEpsilon=0
gpsVolume=0.0078125
mQualEpsilon=0.0335948
mQualVolume=0.0134778
new_planned_energy=13.407
