gpsEpsilon=-0.730148
gpsVolume=-0.460126
mQualEpsilon=1.74413
mQualVolume=57.053
new_planned_energy=-1.74413
