gpsEpsilon=-0.730148
gpsVolume=-0.460126
mQualEpsilon=0.0712544
mQualVolume=0.00514881
new_planned_energy=26.3808
