gpsEpsilon=-0.547803
gpsVolume=-0.355551
mQualEpsilon=0.0224813
mQualVolume=0.00812214
new_planned_energy=37.6464
