gpsEpsilon=-0.539036
gpsVolume=-0.350427
mQualEpsilon=0.0149844
mQualVolume=0.000893179
new_planned_energy=53.3688
