gpsEpsilon=51.3105
gpsVolume=101.143
mQualEpsilon=0.055331
mQualVolume=0.00369096
new_planned_energy=61.3625
