gpsEpsilon=48.1416
gpsVolume=96.7087
mQualEpsilon=0.0224514
mQualVolume=0.00030349
new_planned_energy=64.5273
