gpsEpsilon=43.9346
gpsVolume=93.3305
mQualEpsilon=0.00844547
mQualVolume=0.00201623
new_planned_energy=73.714
