gpsEpsilon=46.4264
gpsVolume=92.6564
mQualEpsilon=0.0120553
mQualVolume=0.00756848
new_planned_energy=80.2041
