gpsEpsilon=53.8406
gpsVolume=94.3874
mQualEpsilon=0.0173449
mQualVolume=0.000160914
new_planned_energy=66.6932
