gpsEpsilon=2.56721e-316
gpsVolume=2.42579e-316
mQualEpsilon=0.0273607
mQualVolume=0.00196463
new_planned_energy=91.0148
