gpsEpsilon=4.80512e-316
gpsVolume=1.34376e-316
mQualEpsilon=0.0520583
mQualVolume=0.00179671
new_planned_energy=56.6374
