gpsEpsilon=225.903
gpsVolume=28.0032
mQualEpsilon=0.0263205
mQualVolume=0.00199508
new_planned_energy=51.4179
