gpsEpsilon=224.307
gpsVolume=30.9474
mQualEpsilon=0.0702306
mQualVolume=0.0122632
new_planned_energy=93.4083
