gpsEpsilon=215.09
gpsVolume=2.42092e-322
mQualEpsilon=0.0229922
mQualVolume=0.00120482
new_planned_energy=71.9948
