gpsEpsilon=217.174
gpsVolume=26.906
mQualEpsilon=0.0585779
mQualVolume=0.0106255
new_planned_energy=83.3756
