gpsEpsilon=80.3247
gpsVolume=28.0378
mQualEpsilon=0.0814406
mQualVolume=0.00309313
new_planned_energy=69.7729
