gpsEpsilon=245.738
gpsVolume=41.4129
mQualEpsilon=0.040805
mQualVolume=0.00896668
new_planned_energy=43.5678
