epsilon_quality=0.0304412
volume_quality=0.228784
