epsilon_quality=0.127586
volume_quality=0.109373
