epsilon_quality=0.124938
volume_quality=0.325967
