epsilon_quality=0.0874592
volume_quality=0.0711233
