epsilon_quality=0.0975397
volume_quality=0.0325855
