epsilon_quality=0.0695705
volume_quality=0.0271025
