epsilon_quality=0.0535419
volume_quality=0.0279598
