epsilon_quality=0.0365901
volume_quality=0.0043651
