epsilon_quality=0.0313455
volume_quality=0.00415301
