epsilon_quality=0.0285149
volume_quality=0.00239689
