epsilon_quality=0.230763
volume_quality=0.67027
