epsilon_quality=0.198313
volume_quality=0.461248
