epsilon_quality=0.161779
volume_quality=0.316728
