epsilon_quality=0.0804424
volume_quality=0.0331922
