epsilon_quality=0.0767063
volume_quality=0.0968896
