epsilon_quality=0.153019
volume_quality=0.808899
