epsilon_quality=0.14615
volume_quality=0.660328
