epsilon_quality=0.0641772
volume_quality=0.138978
