epsilon_quality=0.0283997
volume_quality=0.0676578
