epsilon_quality=0.0901573
volume_quality=0.109794
