epsilon_quality=0.0470556
volume_quality=0.0967289
