epsilon_quality=0.103987
volume_quality=0.0327467
