epsilon_quality=0.0936839
volume_quality=0.0907561
