epsilon_quality=0.138421
volume_quality=0.518878
