epsilon_quality=0.223265
volume_quality=0.708791
