epsilon_quality=0.116579
volume_quality=0.0860111
