epsilon_quality=0.203796
volume_quality=0.534616
