epsilon_quality=0.0855126
volume_quality=0.200312
