epsilon_quality=0.211085
volume_quality=0.54034
