epsilon_quality=0.0235454
volume_quality=0.00494321
