epsilon_quality=0.22297
volume_quality=0.720979
