epsilon_quality=0.0183834
volume_quality=0.0163005
