epsilon_quality=0.00403508
volume_quality=0.03895
