epsilon_quality=0.00784627
volume_quality=0.00530512
