gpsEpsilon=178.261
gpsVolume=116.493
mQualEpsilon=0.0308896
mQualVolume=0.00299757
new_planned_energy=44.7614
