gpsEpsilon=177.191
gpsVolume=89.3628
mQualEpsilon=0.0381987
mQualVolume=0.00133443
new_planned_energy=39.4914
