gpsEpsilon=171.901
gpsVolume=119.421
mQualEpsilon=0.00973559
mQualVolume=0.000878183
new_planned_energy=14.1241
