gpsEpsilon=93.343
gpsVolume=156.166
mQualEpsilon=1.51539
mQualVolume=43.8783
new_planned_energy=-1.51539
