gpsEpsilon=93.343
gpsVolume=156.166
mQualEpsilon=1.21547
mQualVolume=34.3878
new_planned_energy=-1.21547
