gpsEpsilon=93.343
gpsVolume=156.166
mQualEpsilon=1.54695
mQualVolume=46.1681
new_planned_energy=-1.54695
