gpsEpsilon=93.343
gpsVolume=156.166
mQualEpsilon=1.53314
mQualVolume=46.6671
new_planned_energy=-1.53314
