gpsEpsilon=93.343
gpsVolume=156.166
mQualEpsilon=1.48931
mQualVolume=46.519
new_planned_energy=-1.48931
