gpsEpsilon=87.1144
gpsVolume=108.025
mQualEpsilon=0.0151372
mQualVolume=0.00379203
new_planned_energy=60.7959
