gpsEpsilon=0.104262
gpsVolume=2.16407
mQualEpsilon=0.0501664
mQualVolume=0.00522355
new_planned_energy=37.9569
