gpsEpsilon=157.339
gpsVolume=86.2411
mQualEpsilon=0.0159168
mQualVolume=0.00212368
new_planned_energy=30.9718
