gpsEpsilon=168.136
gpsVolume=16.6718
mQualEpsilon=0.0388347
mQualVolume=0.00195733
new_planned_energy=24.1206
