gpsEpsilon=4.2292e-320
gpsVolume=2.37152e-322
mQualEpsilon=0.0265552
mQualVolume=0.0015851
new_planned_energy=32.9164
