gpsEpsilon=6.91692e-320
gpsVolume=2.37152e-322
mQualEpsilon=-1
mQualVolume=0.000771114
new_planned_energy=27.0596
