gpsEpsilon=6.91692e-320
gpsVolume=2.37152e-322
mQualEpsilon=1.41789
mQualVolume=45.2952
new_planned_energy=-1.41789
