gpsEpsilon=5.11611e-317
gpsVolume=6.95335e-310
mQualEpsilon=-1
mQualVolume=0.000508699
new_planned_energy=26.3812
