gpsEpsilon=0
gpsVolume=2.42092e-322
mQualEpsilon=0.0121497
mQualVolume=0.000165783
new_planned_energy=32.0081
