epsilon_quality=0.130576
volume_quality=0.39735
