epsilon_quality=0.120243
volume_quality=0.353167
