epsilon_quality=0.102564
volume_quality=0.158819
