epsilon_quality=0.195992
volume_quality=0.664685
