epsilon_quality=0.0961467
volume_quality=0.407073
