epsilon_quality=0.0955019
volume_quality=0.567792
