epsilon_quality=0.0585607
volume_quality=0.0652488
