epsilon_quality=0.0680314
volume_quality=0.141983
