epsilon_quality=0.127338
volume_quality=0.864409
