epsilon_quality=0.0923244
volume_quality=0.0489212
