epsilon_quality=0.339042
volume_quality=2.29107
