epsilon_quality=0.177634
volume_quality=0.645442
