epsilon_quality=0.0247268
volume_quality=0.138645
