epsilon_quality=0.241483
volume_quality=0.979417
