epsilon_quality=0.0498554
volume_quality=0.00659561
