epsilon_quality=0.127304
volume_quality=0.112666
