epsilon_quality=0.0634405
volume_quality=0.0786195
