epsilon_quality=0.0904669
volume_quality=0.0821878
