epsilon_quality=0.0912176
volume_quality=0.086828
