gpsEpsilon=9.38462e-316
gpsVolume=9.38462e-316
mQualEpsilon=-1
mQualVolume=0.00480998
new_planned_energy=50.7019
