gpsEpsilon=226.911
gpsVolume=104.078
mQualEpsilon=0.0835219
mQualVolume=0.0135174
new_planned_energy=73.7314
