gpsEpsilon=1.96836e-315
gpsVolume=-0.0576852
mQualEpsilon=-1
mQualVolume=0.00260949
new_planned_energy=76.253
