gpsEpsilon=135.782
gpsVolume=109.036
mQualEpsilon=0.0427603
mQualVolume=0.00516096
new_planned_energy=68.8455
