gpsEpsilon=216.048
gpsVolume=113.631
mQualEpsilon=0.0394003
mQualVolume=0.0115405
new_planned_energy=58.2793
