gpsEpsilon=1.26214e-315
gpsVolume=1.26214e-315
mQualEpsilon=0.0473369
mQualVolume=0.0145279
new_planned_energy=78.758
