gpsEpsilon=204.262
gpsVolume=18.2383
mQualEpsilon=0.065661
mQualVolume=0.0171964
new_planned_energy=37.441
