gpsEpsilon=1.13623e-316
gpsVolume=13.7143
mQualEpsilon=0.0397927
mQualVolume=0.0217898
new_planned_energy=72.4154
