gpsEpsilon=1.50641e-315
gpsVolume=1.90955e-315
mQualEpsilon=-1
mQualVolume=0.00497001
new_planned_energy=53.5846
