gpsEpsilon=71.2285
gpsVolume=25.3007
mQualEpsilon=0.0323372
mQualVolume=0.0070521
new_planned_energy=79.8612
