gpsEpsilon=2.00259e-315
gpsVolume=-0.526356
mQualEpsilon=-1
mQualVolume=0.0161736
new_planned_energy=36.1921
