gpsEpsilon=20.793
gpsVolume=15.8031
mQualEpsilon=0.0238031
mQualVolume=0.00297328
new_planned_energy=70.8785
