epsilon_quality=0.0206374
volume_quality=0.0348009
