gpsEpsilon=41.355
gpsVolume=127
mQualEpsilon=0.0591343
mQualVolume=0.0100622
new_planned_energy=84.8329
