gpsEpsilon=50.9019
gpsVolume=130.459
mQualEpsilon=0.0436681
mQualVolume=0.00341325
new_planned_energy=23.9462
