gpsEpsilon=0
gpsVolume=6.95325e-310
mQualEpsilon=0.0126886
mQualVolume=0.00298091
new_planned_energy=48.4315
