gpsEpsilon=0
gpsVolume=71.3003
mQualEpsilon=0.0271241
mQualVolume=0.00543659
new_planned_energy=14.9484
