gpsEpsilon=-4.64268
gpsVolume=8.06192e-316
mQualEpsilon=0.0281237
mQualVolume=0.00778811
new_planned_energy=18.6458
