gpsEpsilon=-4.64268
gpsVolume=8.06192e-316
mQualEpsilon=1.60322
mQualVolume=57.5387
new_planned_energy=21.9056
