gpsEpsilon=87.4489
gpsVolume=64.4352
mQualEpsilon=0.0396438
mQualVolume=0.00387586
new_planned_energy=12.9605
