gpsEpsilon=98.4755
gpsVolume=64.0738
mQualEpsilon=0.0100856
mQualVolume=0.000245655
new_planned_energy=55.9304
