gpsEpsilon=132.899
gpsVolume=58.6303
mQualEpsilon=0.000551636
mQualVolume=0.00203462
new_planned_energy=75.4286
