gpsEpsilon=174.925
gpsVolume=64.7149
mQualEpsilon=0.0815177
mQualVolume=0.0151816
new_planned_energy=42.3166
