gpsEpsilon=16.8533
gpsVolume=126.309
mQualEpsilon=0.0282286
mQualVolume=0.00313406
new_planned_energy=25.4404
