gpsEpsilon=0
gpsVolume=0
mQualEpsilon=0.024544
mQualVolume=0.00296909
new_planned_energy=39.717
