gpsEpsilon=1.31594e-315
gpsVolume=0
mQualEpsilon=0.00302711
mQualVolume=0.00224322
new_planned_energy=22.1975
