gpsEpsilon=140.283
gpsVolume=97.5294
mQualEpsilon=0.0155631
mQualVolume=0.00184905
new_planned_energy=66.5044
