gpsEpsilon=87.7057
gpsVolume=158.131
mQualEpsilon=0.00494756
mQualVolume=0.00183797
new_planned_energy=50.1766
