gpsEpsilon=6.35
gpsVolume=124.233
mQualEpsilon=0.029004
mQualVolume=0.00289589
new_planned_energy=35.3143
