epsilon_quality=0.0369883
volume_quality=0.0394226
