epsilon_quality=0.0414308
volume_quality=0.0338243
