epsilon_quality=0.166511
volume_quality=0.547578
