epsilon_quality=0.0644277
volume_quality=0.055254
