epsilon_quality=0.00544031
volume_quality=0.00112319
