epsilon_quality=0.0682256
volume_quality=0.0718289
