epsilon_quality=0.00934869
volume_quality=0.0190082
