epsilon_quality=0.0995946
volume_quality=0.114466
