epsilon_quality=0.0797195
volume_quality=0.0560623
