epsilon_quality=0.0391872
volume_quality=0.0857349
