epsilon_quality=0.0743043
volume_quality=0.041894
