epsilon_quality=0.0204094
volume_quality=0.00992687
