epsilon_quality=0.0389744
volume_quality=0.065092
