epsilon_quality=0.0112496
volume_quality=0.00874488
