epsilon_quality=0.113808
volume_quality=0.130705
