epsilon_quality=0.0640431
volume_quality=0.0356374
