epsilon_quality=0.0349786
volume_quality=0.140997
