epsilon_quality=0.128826
volume_quality=0.371888
