epsilon_quality=0.0496091
volume_quality=0.0895123
