epsilon_quality=0.0950554
volume_quality=0.0981142
