epsilon_quality=0.0651106
volume_quality=0.0349201
