epsilon_quality=0.0586291
volume_quality=0.0259401
