epsilon_quality=0.0659563
volume_quality=0.0138625
