epsilon_quality=0.0404281
volume_quality=0.0231831
