epsilon_quality=0.0478447
volume_quality=0.108334
