epsilon_quality=0.217514
volume_quality=0.38015
