epsilon_quality=0.102376
volume_quality=0.117856
