epsilon_quality=0.0741254
volume_quality=0.172535
