epsilon_quality=0.14569
volume_quality=0.917529
