epsilon_quality=0.157418
volume_quality=0.394452
