epsilon_quality=0.0965425
volume_quality=0.0347435
