epsilon_quality=0.191107
volume_quality=0.30273
