epsilon_quality=0.0878955
volume_quality=0.326385
