epsilon_quality=0.0319669
volume_quality=0.0102544
