epsilon_quality=0.0710846
volume_quality=0.286771
