epsilon_quality=0.0714635
volume_quality=0.0309162
