epsilon_quality=0.0245532
volume_quality=0.0196548
