epsilon_quality=0.0706455
volume_quality=0.0843747
