epsilon_quality=0.0852639
volume_quality=0.0898899
