epsilon_quality=0.135156
volume_quality=0.215179
