epsilon_quality=0.021498
volume_quality=0.00193714
