epsilon_quality=0.0358995
volume_quality=0.00442818
