epsilon_quality=0.0611274
volume_quality=0.0281232
