epsilon_quality=0.0302882
volume_quality=0.027159
