epsilon_quality=0.0137101
volume_quality=0.160837
