epsilon_quality=0.0589706
volume_quality=0.0196386
