epsilon_quality=0.0117032
volume_quality=0.127235
