epsilon_quality=0.0364614
volume_quality=0.112751
