epsilon_quality=0.12065
volume_quality=0.139172
