epsilon_quality=0.053436
volume_quality=0.0765116
