epsilon_quality=0.046856
volume_quality=0.078316
