epsilon_quality=0.0416825
volume_quality=0.0458995
