epsilon_quality=0.0610154
volume_quality=0.0824902
