epsilon_quality=0.178092
volume_quality=0.813729
