epsilon_quality=0.0371948
volume_quality=0.123364
