epsilon_quality=0.160675
volume_quality=0.478496
