epsilon_quality=0.0492359
volume_quality=0.291174
