epsilon_quality=0.102019
volume_quality=0.0541044
