epsilon_quality=0.33703
volume_quality=2.35945
