epsilon_quality=0.08381
volume_quality=0.297818
