epsilon_quality=0.0981337
volume_quality=0.0639486
