epsilon_quality=0.299576
volume_quality=2.23922
