epsilon_quality=0.154608
volume_quality=0.670113
