epsilon_quality=0.137755
volume_quality=0.244016
