epsilon_quality=0.144402
volume_quality=0.66695
