epsilon_quality=0.0380611
volume_quality=0.165484
