epsilon_quality=0.206315
volume_quality=0.955954
