epsilon_quality=0.0476604
volume_quality=0.106857
