epsilon_quality=0.0686596
volume_quality=0.189022
