epsilon_quality=0.023425
volume_quality=0.0237307
