epsilon_quality=0.104886
volume_quality=0.332185
