epsilon_quality=0.071965
volume_quality=0.673052
