epsilon_quality=0.0497308
volume_quality=0.822322
