epsilon_quality=0.0806151
volume_quality=0.0593882
