epsilon_quality=0.00317649
volume_quality=0.0586303
