epsilon_quality=0.0831229
volume_quality=0.242148
