epsilon_quality=0.0166498
volume_quality=0.0132561
