epsilon_quality=0.10256
volume_quality=0.139461
