epsilon_quality=0.120999
volume_quality=0.160489
