epsilon_quality=0.00105726
volume_quality=0.00596166
