epsilon_quality=0.0975514
volume_quality=0.124302
