epsilon_quality=0.140348
volume_quality=0.13453
