epsilon_quality=0.0951975
volume_quality=0.567479
