epsilon_quality=0.0605283
volume_quality=0.0396194
