epsilon_quality=0.0913574
volume_quality=0.0578833
