epsilon_quality=0.158678
volume_quality=0.440567
