epsilon_quality=0.103012
volume_quality=0.0791806
