epsilon_quality=0.114907
volume_quality=0.328999
