epsilon_quality=0.259565
volume_quality=1.08782
