epsilon_quality=0.0494424
volume_quality=0.0526162
