epsilon_quality=0.159586
volume_quality=0.589532
