epsilon_quality=0.0266951
volume_quality=0.00256725
