epsilon_quality=0.0534792
volume_quality=0.0830248
