epsilon_quality=0.0488416
volume_quality=0.221749
