epsilon_quality=0.228343
volume_quality=0.777255
