epsilon_quality=0.14613
volume_quality=0.209704
