epsilon_quality=0.0385016
volume_quality=0.0237857
