epsilon_quality=0.124706
volume_quality=0.107685
