epsilon_quality=0.210856
volume_quality=0.236744
