epsilon_quality=0.122858
volume_quality=0.40569
