epsilon_quality=0.161841
volume_quality=0.46936
