epsilon_quality=0.0475012
volume_quality=0.209972
