epsilon_quality=0.174952
volume_quality=0.243847
