epsilon_quality=0.0731539
volume_quality=0.0486966
