epsilon_quality=0.232686
volume_quality=0.577839
