epsilon_quality=0.181425
volume_quality=0.250621
