epsilon_quality=0.0822891
volume_quality=0.029583
