epsilon_quality=0.0449169
volume_quality=0.0210268
