epsilon_quality=0.166111
volume_quality=0.433497
