epsilon_quality=0.179729
volume_quality=0.523482
