epsilon_quality=0.0494161
volume_quality=0.157675
