epsilon_quality=0.00939358
volume_quality=0.0449216
