epsilon_quality=0.102915
volume_quality=0.0830228
