epsilon_quality=0.00579015
volume_quality=0.010283
