epsilon_quality=0.0235126
volume_quality=0.0156957
