epsilon_quality=0.0247209
volume_quality=0.0086837
