epsilon_quality=0.0182914
volume_quality=0.0156895
