epsilon_quality=0.0126605
volume_quality=0.0131129
