epsilon_quality=0.0629591
volume_quality=0.0109399
