epsilon_quality=0.112843
volume_quality=0.038028
