epsilon_quality=0.16643
volume_quality=0.161096
