epsilon_quality=0.0521324
volume_quality=0.102739
