epsilon_quality=0.0803708
volume_quality=0.0395729
