epsilon_quality=0.0442414
volume_quality=0.0442897
