epsilon_quality=0.0419106
volume_quality=0.0278652
