epsilon_quality=0.10099
volume_quality=0.247666
