epsilon_quality=0.0502962
volume_quality=0.0217345
