epsilon_quality=0.0379905
volume_quality=0.0316663
