gpsEpsilon=0
gpsVolume=48.5638
mQualEpsilon=0.0143653
mQualVolume=0.00585942
new_planned_energy=46.4768
