gpsEpsilon=21.178
gpsVolume=83.2185
mQualEpsilon=0.000772011
mQualVolume=0.00434279
new_planned_energy=49.3087
