gpsEpsilon=7.72305
gpsVolume=83.2185
mQualEpsilon=-1
mQualVolume=3.18626
new_planned_energy=32.4563
