gpsEpsilon=7.72305
gpsVolume=83.2185
mQualEpsilon=0.0104861
mQualVolume=0.00106159
new_planned_energy=29.706
