gpsEpsilon=15.4503
gpsVolume=49.1706
mQualEpsilon=0.116738
mQualVolume=0.0587403
new_planned_energy=48.5483
