gpsEpsilon=4.7263e-316
gpsVolume=0
mQualEpsilon=0.0395025
mQualVolume=0.00617195
new_planned_energy=64.0752
