gpsEpsilon=4.78818e-316
gpsVolume=0
mQualEpsilon=-1
mQualVolume=0.00370303
new_planned_energy=66.5349
