gpsEpsilon=50.0238
gpsVolume=9.19983
mQualEpsilon=-1
mQualVolume=0.00193027
new_planned_energy=80.7058
