gpsEpsilon=43.8988
gpsVolume=6.35
mQualEpsilon=0.0252159
mQualVolume=0.0168166
new_planned_energy=37.9837
