gpsEpsilon=16.4076
gpsVolume=8.21441
mQualEpsilon=0.0474672
mQualVolume=0.0161609
new_planned_energy=77.033
