gpsEpsilon=3.84408e-316
gpsVolume=0
mQualEpsilon=-1
mQualVolume=0.0012291
new_planned_energy=50.7325
