gpsEpsilon=7.94357e-316
gpsVolume=0
mQualEpsilon=0.0406296
mQualVolume=0.00747694
new_planned_energy=29.5584
