gpsEpsilon=9.18992
gpsVolume=45.7624
mQualEpsilon=0.0376033
mQualVolume=0.000894414
new_planned_energy=66.8488
