epsilon_quality=0.069726
volume_quality=0.117471
