epsilon_quality=0.0137829
volume_quality=0.00278547
