epsilon_quality=0.213542
volume_quality=0.870467
