epsilon_quality=0.20587
volume_quality=0.997667
