epsilon_quality=0.269442
volume_quality=0.558522
