epsilon_quality=0.0318029
volume_quality=0.0246939
