epsilon_quality=0.0728886
volume_quality=0.17276
