epsilon_quality=0.0987096
volume_quality=0.0631491
