epsilon_quality=0.00338655
volume_quality=0.0413799
