epsilon_quality=0.144474
volume_quality=0.180544
