epsilon_quality=0.21329
volume_quality=0.890081
