epsilon_quality=0.099865
volume_quality=0.0847298
