epsilon_quality=0.0229647
volume_quality=0.00720755
