epsilon_quality=0.0330954
volume_quality=0.244198
