epsilon_quality=0.0309095
volume_quality=0.00274982
