epsilon_quality=0.043144
volume_quality=0.00244313
