epsilon_quality=0.0379098
volume_quality=0.00209454
