epsilon_quality=0.181755
volume_quality=0.500938
