epsilon_quality=0.0620127
volume_quality=0.13202
