epsilon_quality=0.0386821
volume_quality=0.0820266
