epsilon_quality=0.123192
volume_quality=0.340633
