epsilon_quality=0.0346294
volume_quality=0.0588296
