epsilon_quality=0.261455
volume_quality=1.71593
