epsilon_quality=0.279348
volume_quality=2.50177
