epsilon_quality=0.0973565
volume_quality=0.0605021
