epsilon_quality=0.117128
volume_quality=0.352544
