epsilon_quality=0.186943
volume_quality=0.25769
