epsilon_quality=0.0586927
volume_quality=0.0773857
