epsilon_quality=0.128794
volume_quality=0.191479
