epsilon_quality=0.10447
volume_quality=0.0808184
