epsilon_quality=0.0722341
volume_quality=0.0831613
