epsilon_quality=0.310445
volume_quality=2.26496
