epsilon_quality=0.304067
volume_quality=0.948015
