epsilon_quality=0.207764
volume_quality=1.23417
