gpsEpsilon=190.692
gpsVolume=93.8728
mQualEpsilon=0.0706459
mQualVolume=0.00958092
new_planned_energy=39.9106
