gpsEpsilon=1.40461e-315
gpsVolume=0
mQualEpsilon=-1
mQualVolume=0.00127719
new_planned_energy=38.9507
