gpsEpsilon=143.656
gpsVolume=76.5426
mQualEpsilon=0.0368846
mQualVolume=0.00787257
new_planned_energy=51.153
