gpsEpsilon=1.10445e-315
gpsVolume=0
mQualEpsilon=-1
mQualVolume=0.00624766
new_planned_energy=30.3952
