gpsEpsilon=1.10445e-315
gpsVolume=0
mQualEpsilon=1.42046
mQualVolume=50.006
new_planned_energy=-1.42046
