gpsEpsilon=205.65
gpsVolume=82.4794
mQualEpsilon=0.0171022
mQualVolume=0.00330958
new_planned_energy=34.859
