gpsEpsilon=123.542
gpsVolume=89.7877
mQualEpsilon=0.00770679
mQualVolume=0.000495862
new_planned_energy=58.6856
