epsilon_quality=0.0395179
volume_quality=0.00268405
