epsilon_quality=0.00535699
volume_quality=0.00168511
