epsilon_quality=0.0369116
volume_quality=0.00484438
