epsilon_quality=0.0984453
volume_quality=0.099402
