epsilon_quality=0.0853516
volume_quality=0.0224574
