epsilon_quality=0.0561267
volume_quality=0.0418048
