epsilon_quality=0.153734
volume_quality=0.726121
