epsilon_quality=0.133084
volume_quality=0.49655
