epsilon_quality=0.029848
volume_quality=0.131205
