epsilon_quality=0.0457935
volume_quality=0.0179337
