epsilon_quality=0.03714
volume_quality=0.0513022
