epsilon_quality=0.0513428
volume_quality=0.0324666
