epsilon_quality=0.105032
volume_quality=0.084951
