epsilon_quality=0.0288559
volume_quality=0.175603
