epsilon_quality=0.155438
volume_quality=0.137144
