epsilon_quality=0.0836358
volume_quality=0.102316
