epsilon_quality=0.14908
volume_quality=0.137501
