epsilon_quality=0.0882079
volume_quality=0.389785
