epsilon_quality=0.107145
volume_quality=0.25538
