epsilon_quality=0.218153
volume_quality=0.211267
