epsilon_quality=0.326373
volume_quality=2.16829
