epsilon_quality=0.218505
volume_quality=0.943392
