epsilon_quality=0.0958735
volume_quality=0.0729832
