epsilon_quality=0.294508
volume_quality=0.94557
