epsilon_quality=0.0486483
volume_quality=0.00817957
