epsilon_quality=0.0397887
volume_quality=0.00567807
