epsilon_quality=0.0866553
volume_quality=0.106086
