epsilon_quality=0.161218
volume_quality=0.13477
