epsilon_quality=0.0250949
volume_quality=0.00593238
