epsilon_quality=0.00248235
volume_quality=0.0901352
