epsilon_quality=0.0086668
volume_quality=0.347836
