epsilon_quality=0.0580768
volume_quality=0.103937
