epsilon_quality=0.163658
volume_quality=0.385118
