epsilon_quality=0.0584095
volume_quality=0.076237
