epsilon_quality=0.140688
volume_quality=0.314708
