epsilon_quality=0.242021
volume_quality=0.451198
