epsilon_quality=0.105707
volume_quality=0.178639
