epsilon_quality=0.18279
volume_quality=0.433628
