epsilon_quality=0.136161
volume_quality=0.324172
