epsilon_quality=0.238901
volume_quality=0.431392
