epsilon_quality=0.0235052
volume_quality=0.320728
