epsilon_quality=0.184671
volume_quality=0.575163
