epsilon_quality=0.0662526
volume_quality=0.0590365
