epsilon_quality=0.164036
volume_quality=0.385698
