epsilon_quality=0.0245343
volume_quality=0.0233933
