epsilon_quality=0.0736108
volume_quality=0.211778
