epsilon_quality=0.0783452
volume_quality=0.060616
