epsilon_quality=0.118867
volume_quality=0.124078
