epsilon_quality=0.0239359
volume_quality=0.00376097
