epsilon_quality=0.0534824
volume_quality=0.055788
