epsilon_quality=0.351448
volume_quality=0.861449
