epsilon_quality=0.0133195
volume_quality=0.0263155
