epsilon_quality=0.138238
volume_quality=0.367726
