epsilon_quality=0.0449733
volume_quality=0.0309939
