epsilon_quality=0.120188
volume_quality=0.30921
