epsilon_quality=0.0344542
volume_quality=0.0236409
