epsilon_quality=0.0554478
volume_quality=0.110769
