epsilon_quality=0.053683
volume_quality=0.0332793
