epsilon_quality=0.179634
volume_quality=0.602823
