epsilon_quality=0.268949
volume_quality=0.964021
