epsilon_quality=0.20645
volume_quality=0.465199
