epsilon_quality=0.0224667
volume_quality=0.00805597
