epsilon_quality=0.0185371
volume_quality=0.0021479
