epsilon_quality=0.138737
volume_quality=0.290009
