epsilon_quality=0.261197
volume_quality=0.611079
