epsilon_quality=0.0589528
volume_quality=0.0300106
