epsilon_quality=0.153255
volume_quality=0.735483
