epsilon_quality=0.174598
volume_quality=0.571727
