epsilon_quality=0.0259845
volume_quality=0.0189448
