epsilon_quality=0.0454129
volume_quality=0.0352155
