epsilon_quality=0.0168368
volume_quality=0.0149117
