epsilon_quality=0.131739
volume_quality=0.519896
