epsilon_quality=0.0173381
volume_quality=0.141627
