epsilon_quality=0.334023
volume_quality=2.12209
