epsilon_quality=0.217076
volume_quality=1.78998
