epsilon_quality=0.066183
volume_quality=0.00535923
