epsilon_quality=0.162413
volume_quality=0.900453
