epsilon_quality=0.0031862
volume_quality=0.000886133
