epsilon_quality=0.0604853
volume_quality=0.00878257
