epsilon_quality=0.0499735
volume_quality=0.0568181
