epsilon_quality=0.249957
volume_quality=0.332953
