epsilon_quality=0.070903
volume_quality=0.101387
