epsilon_quality=0.156636
volume_quality=0.153412
