epsilon_quality=0.125246
volume_quality=0.230884
