epsilon_quality=0.278521
volume_quality=1.27961
