epsilon_quality=0.0799258
volume_quality=0.341815
