epsilon_quality=0.0460082
volume_quality=0.0175758
