epsilon_quality=0.0778345
volume_quality=0.0479392
