epsilon_quality=0.101318
volume_quality=0.0624368
