epsilon_quality=0.0719857
volume_quality=0.0354389
