epsilon_quality=0.0455499
volume_quality=0.0430441
