epsilon_quality=0.0544904
volume_quality=0.0628626
