epsilon_quality=0.0467074
volume_quality=0.00823773
