epsilon_quality=0.0961641
volume_quality=0.0277909
