epsilon_quality=0.317268
volume_quality=1.06146
