epsilon_quality=0.0854311
volume_quality=0.230248
