epsilon_quality=0.329213
volume_quality=0.876163
