epsilon_quality=0.0383786
volume_quality=0.0151548
