epsilon_quality=0.150749
volume_quality=0.292648
