epsilon_quality=0.164365
volume_quality=0.24176
