epsilon_quality=0.0449394
volume_quality=0.0160019
