epsilon_quality=0.188815
volume_quality=0.218458
