epsilon_quality=0.059307
volume_quality=0.157684
