epsilon_quality=0.0877135
volume_quality=0.0717796
