epsilon_quality=0.202544
volume_quality=0.647048
