epsilon_quality=0.0337363
volume_quality=0.0803444
