epsilon_quality=0.164749
volume_quality=0.755026
