epsilon_quality=0.101674
volume_quality=0.522109
