epsilon_quality=0.135198
volume_quality=0.195182
