epsilon_quality=0.0667118
volume_quality=0.0402697
