epsilon_quality=0.102958
volume_quality=0.101946
