epsilon_quality=0.123868
volume_quality=0.235927
