epsilon_quality=0.0452286
volume_quality=0.0912106
