epsilon_quality=0.0430706
volume_quality=0.0481354
