epsilon_quality=0.12375
volume_quality=0.134666
