epsilon_quality=0.131845
volume_quality=0.188831
