epsilon_quality=0.0177857
volume_quality=0.0930315
