epsilon_quality=0.135518
volume_quality=0.469366
