epsilon_quality=0.0948177
volume_quality=0.280365
