epsilon_quality=0.11939
volume_quality=0.363973
