epsilon_quality=0.0169063
volume_quality=0.00612301
