epsilon_quality=0.0412912
volume_quality=0.0305256
