epsilon_quality=0.142396
volume_quality=0.236743
