epsilon_quality=0.110767
volume_quality=0.306419
