epsilon_quality=0.0794427
volume_quality=0.0936433
