epsilon_quality=0.290137
volume_quality=0.776483
