epsilon_quality=0.017076
volume_quality=0.0014632
