epsilon_quality=0.158849
volume_quality=0.318783
