epsilon_quality=0.138705
volume_quality=0.336688
