epsilon_quality=0.00251549
volume_quality=0.00597676
