epsilon_quality=0.0567536
volume_quality=0.178996
