epsilon_quality=0.139096
volume_quality=0.084347
