epsilon_quality=0.155718
volume_quality=0.413955
