epsilon_quality=0.080324
volume_quality=0.13571
