epsilon_quality=0.0333166
volume_quality=0.00838488
