epsilon_quality=0.0431219
volume_quality=0.051428
