epsilon_quality=0.0107817
volume_quality=0.041312
