epsilon_quality=0.073228
volume_quality=0.556712
