epsilon_quality=0.00351764
volume_quality=0.00982323
