epsilon_quality=0.0116911
volume_quality=0.00900385
