epsilon_quality=0.0852013
volume_quality=0.0378492
