epsilon_quality=0.0361954
volume_quality=0.0221552
