epsilon_quality=0.0694712
volume_quality=0.011929
