epsilon_quality=0.0536529
volume_quality=0.00561448
