epsilon_quality=0.024221
volume_quality=0.0263355
