epsilon_quality=0.0628572
volume_quality=0.0443642
