epsilon_quality=0.152167
volume_quality=0.601832
