epsilon_quality=0.0756828
volume_quality=0.0963215
