epsilon_quality=0.0625452
volume_quality=0.0142186
