epsilon_quality=0.116837
volume_quality=0.22865
