epsilon_quality=0.0158115
volume_quality=0.0237205
