epsilon_quality=0.000494162
volume_quality=0.185952
