epsilon_quality=0.0267121
volume_quality=0.0362895
