epsilon_quality=0.146222
volume_quality=0.463339
