epsilon_quality=0.0668115
volume_quality=0.0134829
