epsilon_quality=0.0680729
volume_quality=0.108706
