epsilon_quality=0.0369709
volume_quality=0.00412008
