epsilon_quality=0.137025
volume_quality=0.360005
