epsilon_quality=0.0825402
volume_quality=0.106267
