epsilon_quality=0.0323642
volume_quality=0.00338905
