epsilon_quality=0.000470314
volume_quality=0.00332034
