epsilon_quality=0.0187521
volume_quality=0.00439758
