epsilon_quality=0.0578901
volume_quality=0.280432
