epsilon_quality=0.063363
volume_quality=0.0920876
