epsilon_quality=0.104609
volume_quality=0.354767
