epsilon_quality=0.127887
volume_quality=0.306732
