epsilon_quality=0.0258307
volume_quality=0.0228932
