epsilon_quality=0.0962896
volume_quality=0.0398457
