gpsEpsilon=1.11937e-315
gpsVolume=0
mQualEpsilon=0.0197427
mQualVolume=0.000838953
new_planned_energy=79.9694
