gpsEpsilon=1.28022e-315
gpsVolume=0
mQualEpsilon=0.026151
mQualVolume=0.010074
new_planned_energy=79.9314
