gpsEpsilon=1.39072e-307
gpsVolume=8.90071e-308
mQualEpsilon=0.00595711
mQualVolume=0.0112873
new_planned_energy=15.9837
