gpsEpsilon=1.74283e-76
gpsVolume=7.12744e-67
mQualEpsilon=-1
mQualVolume=0.00305262
new_planned_energy=49.2833
