gpsEpsilon=31.8409
gpsVolume=214.093
mQualEpsilon=0.00179693
mQualVolume=0.000106049
new_planned_energy=94.049
