gpsEpsilon=7.8981e-316
gpsVolume=0
mQualEpsilon=0.0697686
mQualVolume=0.0124539
new_planned_energy=68.3921
