gpsEpsilon=89.6173
gpsVolume=81.5203
mQualEpsilon=0.0183618
mQualVolume=0.00291671
new_planned_energy=62.3603
