gpsEpsilon=55.7967
gpsVolume=106.232
mQualEpsilon=0.0244544
mQualVolume=0.00125897
new_planned_energy=51.7919
