gpsEpsilon=1.93835e-316
gpsVolume=0
mQualEpsilon=0.0293279
mQualVolume=0.000699141
new_planned_energy=52.9323
