gpsEpsilon=1.17717e-315
gpsVolume=0
mQualEpsilon=0.0105314
mQualVolume=0.00848895
new_planned_energy=27.5726
