gpsEpsilon=7.89842e-316
gpsVolume=0
mQualEpsilon=-1
mQualVolume=0.00083512
new_planned_energy=94.0561
