gpsEpsilon=1.39961e-316
gpsVolume=0
mQualEpsilon=-1
mQualVolume=0.000831435
new_planned_energy=41.0464
