gpsEpsilon=9.33743e-316
gpsVolume=0
mQualEpsilon=0.010082
mQualVolume=0.00608968
new_planned_energy=28.6289
