epsilon_quality=0.161591
volume_quality=0.236188
