epsilon_quality=0.0417362
volume_quality=0.0161797
