epsilon_quality=0.19748
volume_quality=0.561234
