epsilon_quality=0.196554
volume_quality=0.254482
