epsilon_quality=0.0119544
volume_quality=0.0450097
