epsilon_quality=0.0425451
volume_quality=0.0196665
