epsilon_quality=0.039645
volume_quality=0.0115858
