epsilon_quality=0.113987
volume_quality=0.0786227
