epsilon_quality=0.157512
volume_quality=0.188117
