epsilon_quality=0.124086
volume_quality=0.649416
