epsilon_quality=0.108929
volume_quality=0.299577
