epsilon_quality=0.118638
volume_quality=0.230058
