epsilon_quality=0.0710494
volume_quality=0.0747334
