epsilon_quality=0.112876
volume_quality=0.0670393
