epsilon_quality=0.0977159
volume_quality=0.254671
