epsilon_quality=0.117678
volume_quality=0.166433
