epsilon_quality=0.0167561
volume_quality=0.121028
