epsilon_quality=0.0167264
volume_quality=0.0124613
