epsilon_quality=0.0463022
volume_quality=0.00585785
