epsilon_quality=0.0848695
volume_quality=0.0617945
