epsilon_quality=0.117015
volume_quality=0.208653
