epsilon_quality=0.0407991
volume_quality=0.0222087
