epsilon_quality=0.250844
volume_quality=0.240217
