epsilon_quality=0.026305
volume_quality=0.0315514
