epsilon_quality=0.0407052
volume_quality=0.0765335
