epsilon_quality=0.188896
volume_quality=0.325156
