epsilon_quality=0.0282667
volume_quality=0.0383362
