epsilon_quality=0.0483451
volume_quality=0.0296936
