epsilon_quality=0.0589496
volume_quality=0.0252498
