epsilon_quality=0.0890053
volume_quality=0.0572407
