epsilon_quality=0.0797559
volume_quality=0.236932
