epsilon_quality=0.0941647
volume_quality=0.100628
