epsilon_quality=0.078544
volume_quality=0.317006
