epsilon_quality=0.225044
volume_quality=0.556292
