epsilon_quality=0.265745
volume_quality=0.65003
