epsilon_quality=0.140822
volume_quality=0.334351
