epsilon_quality=0.136193
volume_quality=0.227745
