epsilon_quality=0.159134
volume_quality=0.33863
