epsilon_quality=0.0303717
volume_quality=0.00152144
