epsilon_quality=0.030131
volume_quality=0.00438829
