epsilon_quality=0.0673015
volume_quality=0.0435279
