epsilon_quality=0.0443494
volume_quality=0.0663059
