epsilon_quality=0.0318812
volume_quality=0.228674
