epsilon_quality=0.12703
volume_quality=0.452679
