gpsEpsilon=90.407
gpsVolume=36.7325
mQualEpsilon=0.00286778
mQualVolume=0.000540229
new_planned_energy=59.458
