gpsEpsilon=90.3003
gpsVolume=43.9433
mQualEpsilon=0.0202043
mQualVolume=0.00155704
new_planned_energy=73.2463
