gpsEpsilon=86.8898
gpsVolume=53.2282
mQualEpsilon=0.0324912
mQualVolume=0.0104312
new_planned_energy=55.053
