gpsEpsilon=0
gpsVolume=2.42092e-322
mQualEpsilon=0.0137994
mQualVolume=0.00148615
new_planned_energy=26.807
