gpsEpsilon=3.10431e-316
gpsVolume=6.95335e-310
mQualEpsilon=0.0205709
mQualVolume=0.00129728
new_planned_energy=33.7785
