gpsEpsilon=128.131
gpsVolume=115.136
mQualEpsilon=0.0097913
mQualVolume=0.000186995
new_planned_energy=63.4381
