gpsEpsilon=112.04
gpsVolume=111.184
mQualEpsilon=0.0192811
mQualVolume=0.000798443
new_planned_energy=55.3492
