gpsEpsilon=125.823
gpsVolume=120.542
mQualEpsilon=0.0125162
mQualVolume=0.000325292
new_planned_energy=29.1601
