gpsEpsilon=77.7136
gpsVolume=65.6407
mQualEpsilon=1.43565
mQualVolume=44.5298
new_planned_energy=-1.43565
