gpsEpsilon=77.7136
gpsVolume=65.6407
mQualEpsilon=1.41692
mQualVolume=43.7037
new_planned_energy=-1.41692
