gpsEpsilon=90.3818
gpsVolume=36.7325
mQualEpsilon=0.0525845
mQualVolume=0.00823539
new_planned_energy=13.7797
