gpsEpsilon=91.4563
gpsVolume=57.0791
mQualEpsilon=0.0335817
mQualVolume=0.00885505
new_planned_energy=44.2409
