epsilon_quality=0.00638248
volume_quality=0.023934
