epsilon_quality=0.058807
volume_quality=0.537262
