epsilon_quality=0.0177536
volume_quality=0.0524812
