epsilon_quality=0.176265
volume_quality=0.126684
