epsilon_quality=0.107636
volume_quality=0.0827333
