epsilon_quality=0.158952
volume_quality=1.37667
