epsilon_quality=0.151595
volume_quality=0.939989
