epsilon_quality=0.147623
volume_quality=1.93227
