epsilon_quality=0.0178065
volume_quality=0.00645121
