epsilon_quality=0.245891
volume_quality=0.970705
