epsilon_quality=0.201153
volume_quality=0.635958
