epsilon_quality=0.139914
volume_quality=0.218464
