epsilon_quality=0.0633914
volume_quality=0.312035
