epsilon_quality=0.007103
volume_quality=0.00421006
