epsilon_quality=0.230823
volume_quality=0.907329
