epsilon_quality=0.0553032
volume_quality=0.236223
