epsilon_quality=0.126592
volume_quality=0.119063
