epsilon_quality=0.0242106
volume_quality=0.070761
