epsilon_quality=0.178273
volume_quality=0.249836
