epsilon_quality=0.144765
volume_quality=0.168492
