epsilon_quality=0.0501967
volume_quality=0.0246527
