epsilon_quality=0.0722008
volume_quality=0.128776
