epsilon_quality=0.103568
volume_quality=0.103942
