epsilon_quality=0.0583051
volume_quality=0.0394404
