epsilon_quality=0.0414746
volume_quality=0.0181601
