epsilon_quality=0.0401254
volume_quality=0.0253243
