epsilon_quality=0.0699691
volume_quality=0.0618205
