epsilon_quality=0.208032
volume_quality=1.08606
