epsilon_quality=0.111106
volume_quality=0.0894107
