epsilon_quality=0.240862
volume_quality=1.20453
