epsilon_quality=0.200594
volume_quality=0.727963
