epsilon_quality=0.452769
volume_quality=3.76389
