epsilon_quality=0.104704
volume_quality=1.05134
