epsilon_quality=0.313609
volume_quality=3.70583
