epsilon_quality=0.380717
volume_quality=4.73056
