epsilon_quality=0.104385
volume_quality=0.404545
