epsilon_quality=0.000564124
volume_quality=0.0421298
