epsilon_quality=0.0899817
volume_quality=0.270572
