epsilon_quality=0.046527
volume_quality=0.018374
