epsilon_quality=0.0363155
volume_quality=0.00453506
