epsilon_quality=0.0859067
volume_quality=0.0320994
