epsilon_quality=0.0375307
volume_quality=0.0032365
