epsilon_quality=0.0936182
volume_quality=0.0201149
