epsilon_quality=0.0708731
volume_quality=0.0139351
