epsilon_quality=0.0547868
volume_quality=0.0287842
