epsilon_quality=0.0104373
volume_quality=0.332916
