epsilon_quality=0.31409
volume_quality=0.980938
