epsilon_quality=0.367768
volume_quality=1.72739
