epsilon_quality=0.143444
volume_quality=0.12435
