epsilon_quality=0.147213
volume_quality=0.391451
