epsilon_quality=0.0760157
volume_quality=0.0406107
