epsilon_quality=0.175892
volume_quality=0.410599
