epsilon_quality=0.0369537
volume_quality=0.0110743
