epsilon_quality=0.0300754
volume_quality=0.0135929
