epsilon_quality=0.192598
volume_quality=0.554786
