epsilon_quality=0.0962492
volume_quality=0.243559
