gpsEpsilon=13.4393
gpsVolume=0
mQualEpsilon=0.0206785
mQualVolume=0.00168282
new_planned_energy=41.7269
