gpsEpsilon=2.61005e-312
gpsVolume=-nan
mQualEpsilon=0.0069234
mQualVolume=0.0037449
new_planned_energy=19.3381
