gpsEpsilon=249.713
gpsVolume=0.0640297
mQualEpsilon=0.00377223
mQualVolume=0.000746838
new_planned_energy=51.9865
