gpsEpsilon=0.313654
gpsVolume=-0.945016
mQualEpsilon=1.46007
mQualVolume=55.5129
new_planned_energy=67.5847
