gpsEpsilon=-39.9332
gpsVolume=-0.367484
mQualEpsilon=-1
mQualVolume=0.0026602
new_planned_energy=65.5254
