gpsEpsilon=0.952727
gpsVolume=-0.0699954
mQualEpsilon=1.43651
mQualVolume=55.1875
new_planned_energy=-1.43651
