gpsEpsilon=224.976
gpsVolume=152.614
mQualEpsilon=1.61771
mQualVolume=48.7525
new_planned_energy=-1.61771
