gpsEpsilon=44.0007
gpsVolume=128.26
mQualEpsilon=1.49374
mQualVolume=55.9105
new_planned_energy=-1.49374
