gpsEpsilon=44.0007
gpsVolume=128.26
mQualEpsilon=1.46201
mQualVolume=53.8429
new_planned_energy=-1.46201
