gpsEpsilon=44.0007
gpsVolume=128.26
mQualEpsilon=1.48995
mQualVolume=56.05
new_planned_energy=-1.48995
