gpsEpsilon=2.67962
gpsVolume=0.995328
mQualEpsilon=0.00968264
mQualVolume=0.00263437
new_planned_energy=95.0062
