gpsEpsilon=0.0794062
gpsVolume=6.10811
mQualEpsilon=-1
mQualVolume=0.000144131
new_planned_energy=86.95
