gpsEpsilon=21.7231
gpsVolume=0.667964
mQualEpsilon=-1
mQualVolume=0.00139053
new_planned_energy=73.2241
