gpsEpsilon=1.23076e-312
gpsVolume=1.00285e-315
mQualEpsilon=0.0363274
mQualVolume=0.00218752
new_planned_energy=28.5905
