gpsEpsilon=0.118841
gpsVolume=-0.0136664
mQualEpsilon=1.51338
mQualVolume=45.7133
new_planned_energy=70.6913
