gpsEpsilon=0.118841
gpsVolume=-0.0136664
mQualEpsilon=0.0452411
mQualVolume=0.00208711
new_planned_energy=29.3814
