gpsEpsilon=4.26123e-86
gpsVolume=4.32915e-91
mQualEpsilon=0.035055
mQualVolume=0.00186265
new_planned_energy=62.9965
