epsilon_quality=0.133258
volume_quality=0.473714
