epsilon_quality=0.116678
volume_quality=0.586898
