epsilon_quality=0.134516
volume_quality=0.146995
