epsilon_quality=0.0901974
volume_quality=0.510463
