epsilon_quality=0.107901
volume_quality=0.165522
