epsilon_quality=0.0293772
volume_quality=0.60361
