epsilon_quality=0.0573258
volume_quality=0.132209
