epsilon_quality=0.00278792
volume_quality=0.0879256
