epsilon_quality=0.0437836
volume_quality=0.00788912
