epsilon_quality=0.164668
volume_quality=0.383161
