epsilon_quality=0.116796
volume_quality=0.402199
