epsilon_quality=0.0105099
volume_quality=0.0928791
