epsilon_quality=0.0913355
volume_quality=0.0891367
