epsilon_quality=0.0763724
volume_quality=0.40168
