epsilon_quality=0.00804312
volume_quality=0.0111502
