epsilon_quality=0.0463171
volume_quality=0.00319765
