epsilon_quality=0.0418479
volume_quality=0.00252102
