epsilon_quality=0.0140312
volume_quality=0.00280143
