epsilon_quality=0.0213863
volume_quality=0.0106277
