epsilon_quality=0.00586964
volume_quality=0.0027391
