epsilon_quality=0.0251363
volume_quality=0.006189
