epsilon_quality=0.0348881
volume_quality=0.00877778
