epsilon_quality=0.195019
volume_quality=0.385822
