epsilon_quality=0.0744387
volume_quality=0.290866
