gpsEpsilon=7.22668e-316
gpsVolume=0
mQualEpsilon=0.00386602
mQualVolume=0.000479673
new_planned_energy=43.1362
