gpsEpsilon=80.8817
gpsVolume=20.0366
mQualEpsilon=0.0401643
mQualVolume=0.00838815
new_planned_energy=47.7526
