gpsEpsilon=80.8817
gpsVolume=28.5664
mQualEpsilon=0.000628786
mQualVolume=0.00487169
new_planned_energy=74.0362
