gpsEpsilon=82.7928
gpsVolume=14.9388
mQualEpsilon=0.0165358
mQualVolume=0.000760168
new_planned_energy=55.1453
