gpsEpsilon=37.4965
gpsVolume=98.5357
mQualEpsilon=0.017146
mQualVolume=8.99444e-05
new_planned_energy=18.1918
