gpsEpsilon=18.2105
gpsVolume=26.1523
mQualEpsilon=0.016932
mQualVolume=0.0016825
new_planned_energy=72.1536
