gpsEpsilon=34.4261
gpsVolume=51.0055
mQualEpsilon=0.0219943
mQualVolume=0.00190757
new_planned_energy=77.4674
