gpsEpsilon=30.0426
gpsVolume=40.8087
mQualEpsilon=0.00563031
mQualVolume=0.000710898
new_planned_energy=80.0204
