gpsEpsilon=10.8398
gpsVolume=41.7731
mQualEpsilon=0.00039665
mQualVolume=0.0016021
new_planned_energy=51.0799
