gpsEpsilon=11.5089
gpsVolume=60.3362
mQualEpsilon=0.0170495
mQualVolume=0.00368003
new_planned_energy=76.5676
