gpsEpsilon=12.7854
gpsVolume=60.5787
mQualEpsilon=0.0227635
mQualVolume=0.00131929
new_planned_energy=40.8465
