gpsEpsilon=10.6768
gpsVolume=44.9595
mQualEpsilon=0.00121323
mQualVolume=0.000641587
new_planned_energy=60.2903
