epsilon_quality=0.175136
volume_quality=0.70196
