epsilon_quality=0.0245195
volume_quality=0.104718
