epsilon_quality=0.0557995
volume_quality=0.0890703
