epsilon_quality=0.0820928
volume_quality=0.0672349
