epsilon_quality=0.0762481
volume_quality=0.0329594
