epsilon_quality=0.0515594
volume_quality=0.0288559
