epsilon_quality=0.0576653
volume_quality=0.249422
