gpsEpsilon=7.80766
gpsVolume=82.7562
mQualEpsilon=0.0128298
mQualVolume=0.000931472
new_planned_energy=79.684
