gpsEpsilon=26.8818
gpsVolume=82.7562
mQualEpsilon=0.0268268
mQualVolume=0.00162872
new_planned_energy=77.6518
