gpsEpsilon=7.10679
gpsVolume=75.3021
mQualEpsilon=-1
mQualVolume=0.00130043
new_planned_energy=74.7139
