gpsEpsilon=7.43184
gpsVolume=69.5681
mQualEpsilon=-1
mQualVolume=0.00806748
new_planned_energy=29.2235
