gpsEpsilon=31.0736
gpsVolume=32.1259
mQualEpsilon=0.0218208
mQualVolume=0.000283548
new_planned_energy=62.6128
