gpsEpsilon=23.545
gpsVolume=26.398
mQualEpsilon=0.00914991
mQualVolume=0.00591932
new_planned_energy=47.6119
