gpsEpsilon=10.7274
gpsVolume=23.6797
mQualEpsilon=0.00763954
mQualVolume=0.001914
new_planned_energy=63.7574
