gpsEpsilon=36.4957
gpsVolume=87.917
mQualEpsilon=0.0759075
mQualVolume=0.0219585
new_planned_energy=93.7713
