epsilon_quality=0.119944
volume_quality=0.397036
