epsilon_quality=0.000756726
volume_quality=0.301467
