epsilon_quality=0.00183682
volume_quality=0.198616
