epsilon_quality=0.0417082
volume_quality=0.0239882
