epsilon_quality=0.143632
volume_quality=0.194687
