epsilon_quality=0.0554458
volume_quality=0.0221182
