epsilon_quality=0.0444795
volume_quality=0.10089
