epsilon_quality=0.18162
volume_quality=1.23726
