epsilon_quality=0.0102162
volume_quality=0.0452589
