epsilon_quality=0.0907041
volume_quality=0.0369627
