gpsEpsilon=240.225
gpsVolume=40.2173
mQualEpsilon=0.0496296
mQualVolume=0.00632556
new_planned_energy=54.3724
