gpsEpsilon=236.693
gpsVolume=41.32
mQualEpsilon=0.0157053
mQualVolume=0.000316995
new_planned_energy=92.9764
