gpsEpsilon=239.017
gpsVolume=44.0266
mQualEpsilon=0.0512751
mQualVolume=0.00418317
new_planned_energy=80.1221
