gpsEpsilon=239.017
gpsVolume=41.5658
mQualEpsilon=0.0149238
mQualVolume=0.00125807
new_planned_energy=45.5204
