gpsEpsilon=244.22
gpsVolume=36.6306
mQualEpsilon=0.0320161
mQualVolume=0.00220828
new_planned_energy=28.4767
