gpsEpsilon=241.319
gpsVolume=41.9826
mQualEpsilon=0.0332928
mQualVolume=0.00376072
new_planned_energy=46.5503
