gpsEpsilon=237.363
gpsVolume=44.626
mQualEpsilon=0.046624
mQualVolume=0.00805822
new_planned_energy=52.9544
