gpsEpsilon=237.31
gpsVolume=44.435
mQualEpsilon=0.00405007
mQualVolume=0.000329981
new_planned_energy=69.6043
