gpsEpsilon=237.31
gpsVolume=44.2067
mQualEpsilon=5.13525e-05
mQualVolume=0.0028788
new_planned_energy=19.6775
