gpsEpsilon=238.923
gpsVolume=45.1376
mQualEpsilon=0.0354947
mQualVolume=0.00634836
new_planned_energy=73.6833
