gpsEpsilon=240.093
gpsVolume=44.3426
mQualEpsilon=0.029876
mQualVolume=0.0027845
new_planned_energy=45.4972
