gpsEpsilon=13.3986
gpsVolume=4.63013
mQualEpsilon=0.0449202
mQualVolume=0.00535241
new_planned_energy=43.2226
