gpsEpsilon=240.181
gpsVolume=41.9826
mQualEpsilon=0.0621281
mQualVolume=0.0248644
new_planned_energy=47.6534
