gpsEpsilon=0.750493
gpsVolume=2.42092e-322
mQualEpsilon=0.014717
mQualVolume=0.00427982
new_planned_energy=63.3268
