gpsEpsilon=126.593
gpsVolume=95.1586
mQualEpsilon=0.0121024
mQualVolume=0.00360988
new_planned_energy=69.3275
