gpsEpsilon=121.033
gpsVolume=58.6334
mQualEpsilon=0.0600807
mQualVolume=0.00790791
new_planned_energy=50.8814
