gpsEpsilon=127.349
gpsVolume=95.1586
mQualEpsilon=0.0243521
mQualVolume=0.00139861
new_planned_energy=44.7975
