gpsEpsilon=3.00928e-316
gpsVolume=0
mQualEpsilon=0.0418183
mQualVolume=0.00266779
new_planned_energy=44.8207
