gpsEpsilon=0.826811
gpsVolume=2.42092e-322
mQualEpsilon=0.0355907
mQualVolume=0.00844104
new_planned_energy=67.1274
