gpsEpsilon=0.736596
gpsVolume=-0.287801
mQualEpsilon=-1
mQualVolume=0.00039335
new_planned_energy=40.625
