gpsEpsilon=0.826811
gpsVolume=-0.356167
mQualEpsilon=0.0314117
mQualVolume=0.00238457
new_planned_energy=62.8568
