gpsEpsilon=-0.284457
gpsVolume=-0.260471
mQualEpsilon=0.0394713
mQualVolume=0.0165253
new_planned_energy=57.2583
