gpsEpsilon=-0.623644
gpsVolume=-0.0860215
mQualEpsilon=0.0956019
mQualVolume=0.023823
new_planned_energy=55.4201
