gpsEpsilon=-0.183651
gpsVolume=-0.891712
mQualEpsilon=-1
mQualVolume=0.000733958
new_planned_energy=20.4885
