gpsEpsilon=0.0584489
gpsVolume=0.69895
mQualEpsilon=0.0342883
mQualVolume=0.0121799
new_planned_energy=52.6841
