gpsEpsilon=0.308414
gpsVolume=0.866275
mQualEpsilon=0.037341
mQualVolume=0.0348469
new_planned_energy=97.9513
