epsilon_quality=0.0538156
volume_quality=0.0464974
