epsilon_quality=0.0735232
volume_quality=0.0815086
