epsilon_quality=0.0429278
volume_quality=0.0104797
