epsilon_quality=0.0758649
volume_quality=0.0147004
