epsilon_quality=0.0993575
volume_quality=0.0509353
