epsilon_quality=0.252547
volume_quality=0.508752
