epsilon_quality=0.0248684
volume_quality=0.026004
