epsilon_quality=0.140558
volume_quality=0.278071
