epsilon_quality=0.106364
volume_quality=0.103102
