gpsEpsilon=-0.550109
gpsVolume=-0.807519
mQualEpsilon=0.00789494
mQualVolume=0.0199156
new_planned_energy=89.1472
