gpsEpsilon=11.3116
gpsVolume=26.2156
mQualEpsilon=0.034861
mQualVolume=0.00642762
new_planned_energy=48.6957
