gpsEpsilon=0
gpsVolume=0
mQualEpsilon=0.0337459
mQualVolume=0.00712307
new_planned_energy=76.917
