gpsEpsilon=27.2677
gpsVolume=30.0972
mQualEpsilon=0.0734672
mQualVolume=0.0196086
new_planned_energy=60.9872
