gpsEpsilon=-0.233867
gpsVolume=0.882642
mQualEpsilon=0.0066616
mQualVolume=0.00563075
new_planned_energy=21.4581
