gpsEpsilon=2.37781e-315
gpsVolume=0
mQualEpsilon=-1
mQualVolume=0.00607979
new_planned_energy=59.3772
