gpsEpsilon=0
gpsVolume=-nan
mQualEpsilon=0.00602885
mQualVolume=0.00206597
new_planned_energy=72.8161
