gpsEpsilon=0.159881
gpsVolume=2.42092e-322
mQualEpsilon=-1
mQualVolume=0.00854498
new_planned_energy=55.8931
