gpsEpsilon=11.3116
gpsVolume=28.5194
mQualEpsilon=1.87158
mQualVolume=57.5646
new_planned_energy=-1.87158
