gpsEpsilon=55.3044
gpsVolume=43.1864
mQualEpsilon=0.0229635
mQualVolume=0.00196018
new_planned_energy=57.6884
