gpsEpsilon=0
gpsVolume=0
mQualEpsilon=0.0371396
mQualVolume=0.00153061
new_planned_energy=53.5411
