gpsEpsilon=0.587227
gpsVolume=-0.504896
mQualEpsilon=-1
mQualVolume=0.00110799
new_planned_energy=61.8884
