epsilon_quality=0.119492
volume_quality=0.0984307
