epsilon_quality=0.217107
volume_quality=0.441969
