epsilon_quality=0.170275
volume_quality=0.202654
