epsilon_quality=0.0691821
volume_quality=0.203442
