epsilon_quality=0.111527
volume_quality=0.307792
