epsilon_quality=0.283106
volume_quality=1.29849
