epsilon_quality=0.212232
volume_quality=0.401055
