epsilon_quality=0.125849
volume_quality=0.145152
