epsilon_quality=0.0627718
volume_quality=0.0739933
