epsilon_quality=0.0247092
volume_quality=0.239029
