epsilon_quality=0.0158397
volume_quality=0.0610395
