epsilon_quality=0.100339
volume_quality=0.117685
