epsilon_quality=0.0793779
volume_quality=0.174269
