epsilon_quality=0.0817978
volume_quality=0.735588
