epsilon_quality=0.0312463
volume_quality=0.00423831
