epsilon_quality=0.0289414
volume_quality=0.0350166
