epsilon_quality=0.140817
volume_quality=0.397137
