epsilon_quality=0.0384312
volume_quality=0.0977957
