epsilon_quality=0.05039
volume_quality=0.164677
