epsilon_quality=0.309337
volume_quality=1.80196
