epsilon_quality=0.0958016
volume_quality=0.561186
