epsilon_quality=0.0216731
volume_quality=0.625171
