epsilon_quality=0.0446982
volume_quality=0.0588644
