epsilon_quality=0.0915017
volume_quality=0.0358506
