epsilon_quality=0.150054
volume_quality=0.188131
