epsilon_quality=0.119922
volume_quality=0.513712
