epsilon_quality=0.0267482
volume_quality=0.0156881
