epsilon_quality=0.0229302
volume_quality=0.0379607
