epsilon_quality=0.0144352
volume_quality=0.03553
