epsilon_quality=0.0663412
volume_quality=0.0412669
