epsilon_quality=0.0416145
volume_quality=0.0770965
