epsilon_quality=0.00401397
volume_quality=0.000883805
