epsilon_quality=0.0222835
volume_quality=0.00375038
