epsilon_quality=0.0922928
volume_quality=0.0426318
