epsilon_quality=0.155505
volume_quality=0.31846
