epsilon_quality=0.0694481
volume_quality=0.0192688
