epsilon_quality=0.0635109
volume_quality=0.0395659
