epsilon_quality=0.121054
volume_quality=0.235216
