epsilon_quality=0.132871
volume_quality=0.263326
