epsilon_quality=0.111702
volume_quality=0.107636
