epsilon_quality=0.165428
volume_quality=0.18353
