epsilon_quality=0.174467
volume_quality=0.654737
