epsilon_quality=0.0224844
volume_quality=0.040168
