epsilon_quality=0.0191657
volume_quality=0.0043352
