epsilon_quality=0.0277997
volume_quality=0.00117456
