epsilon_quality=0.103454
volume_quality=0.184651
