epsilon_quality=0.0394448
volume_quality=0.00653988
