epsilon_quality=0.172155
volume_quality=0.402933
