epsilon_quality=0.0624394
volume_quality=0.0164593
