epsilon_quality=0.0635272
volume_quality=0.0445714
