epsilon_quality=0.0649211
volume_quality=0.0763525
