epsilon_quality=0.0489783
volume_quality=0.190091
