epsilon_quality=0.158406
volume_quality=0.168339
