epsilon_quality=0.0907269
volume_quality=0.0540975
