epsilon_quality=0.0952419
volume_quality=0.0697797
