epsilon_quality=0.0312502
volume_quality=0.0551437
