epsilon_quality=0.0400025
volume_quality=0.0961525
