epsilon_quality=0.103502
volume_quality=0.0645634
