epsilon_quality=0.132393
volume_quality=0.214693
