epsilon_quality=0.0315504
volume_quality=0.0182548
