epsilon_quality=0.067257
volume_quality=0.0169577
