epsilon_quality=0.142456
volume_quality=0.415625
