epsilon_quality=0.150869
volume_quality=0.666239
