epsilon_quality=0.0654534
volume_quality=0.0109213
