epsilon_quality=0.104435
volume_quality=0.156957
