epsilon_quality=0.00760213
volume_quality=0.0108754
