epsilon_quality=0.0158546
volume_quality=0.11794
