epsilon_quality=0.109845
volume_quality=0.489004
