epsilon_quality=0.391458
volume_quality=2.31342
