epsilon_quality=0.137037
volume_quality=0.989083
