epsilon_quality=0.14461
volume_quality=1.19425
