epsilon_quality=0.149393
volume_quality=0.169492
