epsilon_quality=0.0132562
volume_quality=0.0274943
