epsilon_quality=0.101109
volume_quality=0.039671
