epsilon_quality=0.0524238
volume_quality=0.403316
