epsilon_quality=0.0758995
volume_quality=0.344424
