epsilon_quality=0.028953
volume_quality=0.0110477
