epsilon_quality=0.00708633
volume_quality=0.00216325
