epsilon_quality=0.0100934
volume_quality=0.00271149
