epsilon_quality=0.021017
volume_quality=0.0016158
