epsilon_quality=0.0239929
volume_quality=0.00873491
