epsilon_quality=0.0833221
volume_quality=0.0886988
