epsilon_quality=0.117591
volume_quality=0.145776
