epsilon_quality=0.104116
volume_quality=0.129087
