epsilon_quality=0.103776
volume_quality=0.0710417
