epsilon_quality=0.165262
volume_quality=0.730685
