epsilon_quality=0.0174444
volume_quality=0.0326957
