epsilon_quality=0.0582853
volume_quality=0.0124672
