epsilon_quality=0.0894894
volume_quality=0.144813
