epsilon_quality=0.0496412
volume_quality=0.022456
