epsilon_quality=0.0139093
volume_quality=0.149679
