epsilon_quality=0.0565312
volume_quality=0.0239815
