epsilon_quality=0.0626032
volume_quality=0.103476
