epsilon_quality=0.0822961
volume_quality=0.035046
