epsilon_quality=0.0424226
volume_quality=0.0398527
