epsilon_quality=0.0482548
volume_quality=0.0500717
