epsilon_quality=0.280291
volume_quality=1.09628
