epsilon_quality=0.373058
volume_quality=2.52256
