epsilon_quality=0.246542
volume_quality=0.874001
