epsilon_quality=0.0637087
volume_quality=0.0388271
