epsilon_quality=0.0657405
volume_quality=0.15731
