epsilon_quality=0.047073
volume_quality=0.065236
