epsilon_quality=0.0590973
volume_quality=0.0566721
