epsilon_quality=0.00624288
volume_quality=0.0322101
