epsilon_quality=0.0574109
volume_quality=0.026444
