epsilon_quality=0.0499166
volume_quality=0.0556796
