epsilon_quality=0.0326103
volume_quality=0.0233205
