epsilon_quality=0.193137
volume_quality=2.52148
