epsilon_quality=0.0906573
volume_quality=0.158583
