epsilon_quality=0.0216703
volume_quality=0.0402677
