gpsEpsilon=6.1289e-316
gpsVolume=0
mQualEpsilon=5.55112e-17
mQualVolume=0.00047603
new_planned_energy=78.1496
