gpsEpsilon=8.60693e-316
gpsVolume=2.47033e-323
mQualEpsilon=0.000417178
mQualVolume=0.00299663
new_planned_energy=32.2673
