gpsEpsilon=6.79163
gpsVolume=121.706
mQualEpsilon=0.022322
mQualVolume=0.00542514
new_planned_energy=32.2604
