gpsEpsilon=6.79163
gpsVolume=121.706
mQualEpsilon=1.47229
mQualVolume=50.0065
new_planned_energy=-1.47229
