gpsEpsilon=1.18576e-321
gpsVolume=3.16202e-322
mQualEpsilon=0.0319774
mQualVolume=0.00885216
new_planned_energy=50.8845
