gpsEpsilon=34.0009
gpsVolume=8.23303
mQualEpsilon=-1
mQualVolume=0.00101609
new_planned_energy=67.1988
