gpsEpsilon=5.7293e-316
gpsVolume=0
mQualEpsilon=1.57791
mQualVolume=44.557
new_planned_energy=-1.57791
