gpsEpsilon=5.7293e-316
gpsVolume=0
mQualEpsilon=0.0573431
mQualVolume=0.00784737
new_planned_energy=20.2105
