gpsEpsilon=7.51677e-316
gpsVolume=0
mQualEpsilon=-1
mQualVolume=0.00217988
new_planned_energy=70.35
