gpsEpsilon=7.53916e-316
gpsVolume=0
mQualEpsilon=-1
mQualVolume=0.000285279
new_planned_energy=59.4297
