gpsEpsilon=9.74174
gpsVolume=67.0796
mQualEpsilon=0.0527726
mQualVolume=0.00945941
new_planned_energy=49.6243
