epsilon_quality=0.0910289
volume_quality=0.0249562
