epsilon_quality=0.0228546
volume_quality=0.0189349
