epsilon_quality=0.0917361
volume_quality=0.0368583
