epsilon_quality=0.0884514
volume_quality=0.0238852
