epsilon_quality=0.0160907
volume_quality=0.0358766
