epsilon_quality=0.0186975
volume_quality=0.00849196
