epsilon_quality=0.00899512
volume_quality=0.0196682
