epsilon_quality=0.117372
volume_quality=0.24945
