epsilon_quality=0.00474406
volume_quality=0.0848551
