epsilon_quality=0.104529
volume_quality=0.0978128
