epsilon_quality=0.0201901
volume_quality=0.058302
