epsilon_quality=0.0718081
volume_quality=0.0593058
