epsilon_quality=0.117185
volume_quality=0.186456
