epsilon_quality=0.127953
volume_quality=0.295875
