epsilon_quality=0.0726263
volume_quality=0.052683
