epsilon_quality=0.133221
volume_quality=0.0466174
