epsilon_quality=0.065961
volume_quality=0.15071
