epsilon_quality=0.0970033
volume_quality=0.333535
