epsilon_quality=0.0920685
volume_quality=0.164123
