epsilon_quality=0.210731
volume_quality=0.457354
