epsilon_quality=0.115594
volume_quality=0.195136
