epsilon_quality=0.0690276
volume_quality=0.504732
