epsilon_quality=0.127646
volume_quality=0.304315
