epsilon_quality=0.13851
volume_quality=0.420411
