epsilon_quality=0.316002
volume_quality=1.03196
