epsilon_quality=0.0891896
volume_quality=0.341485
