epsilon_quality=0.0777337
volume_quality=0.115527
