epsilon_quality=0.0299515
volume_quality=0.118094
