epsilon_quality=0.102795
volume_quality=0.111648
