epsilon_quality=0.0992632
volume_quality=0.0417743
