epsilon_quality=0.0868712
volume_quality=0.0577085
