gpsEpsilon=58.7116
gpsVolume=52.9519
mQualEpsilon=0.0630636
mQualVolume=0.00642741
new_planned_energy=21.8845
