gpsEpsilon=1.54271e-315
gpsVolume=1.54271e-315
mQualEpsilon=0.0715736
mQualVolume=0.00560945
new_planned_energy=28.2278
