gpsEpsilon=90.379
gpsVolume=85.8444
mQualEpsilon=0.0514115
mQualVolume=0.00352374
new_planned_energy=36.4485
