gpsEpsilon=43.0032
gpsVolume=34.1018
mQualEpsilon=0.00851314
mQualVolume=0.000343187
new_planned_energy=71.9269
