gpsEpsilon=57.4027
gpsVolume=39.0761
mQualEpsilon=0.0563168
mQualVolume=0.00376141
new_planned_energy=21.8277
