gpsEpsilon=14.2583
gpsVolume=-2.62259
mQualEpsilon=-1
mQualVolume=0.00420296
new_planned_energy=28.064
