gpsEpsilon=0.191882
gpsVolume=-0.674698
mQualEpsilon=0.0249898
mQualVolume=0.000886277
new_planned_energy=36.0365
