gpsEpsilon=0.557685
gpsVolume=2.42092e-322
mQualEpsilon=0.00361374
mQualVolume=0.0035069
new_planned_energy=25.5763
