gpsEpsilon=1.92681e-315
gpsVolume=0
mQualEpsilon=0.058744
mQualVolume=0.00394613
new_planned_energy=30.5007
