gpsEpsilon=1.86356e-315
gpsVolume=0
mQualEpsilon=-1
mQualVolume=0.000527067
new_planned_energy=23.4705
