gpsEpsilon=39.1117
gpsVolume=26.0353
mQualEpsilon=0.0588347
mQualVolume=0.00674308
new_planned_energy=19.3589
