gpsEpsilon=39.1117
gpsVolume=26.0353
mQualEpsilon=1.70571
mQualVolume=57.5616
new_planned_energy=-1.70571
