gpsEpsilon=39.1117
gpsVolume=26.0353
mQualEpsilon=1.70554
mQualVolume=58.5918
new_planned_energy=-1.70554
