gpsEpsilon=33.578
gpsVolume=46.6684
mQualEpsilon=0.0486991
mQualVolume=0.00415308
new_planned_energy=21.591
