gpsEpsilon=0
gpsVolume=57.6644
mQualEpsilon=0.00878771
mQualVolume=0.000229671
new_planned_energy=89.0174
