gpsEpsilon=0
gpsVolume=45.9395
mQualEpsilon=0.0630636
mQualVolume=0.00642741
new_planned_energy=18.1323
