gpsEpsilon=0
gpsVolume=45.9395
mQualEpsilon=1.89087
mQualVolume=53.2254
new_planned_energy=-1.89087
