epsilon_quality=0.0194219
volume_quality=0.062994
