epsilon_quality=0.0985239
volume_quality=0.262118
