epsilon_quality=0.060742
volume_quality=0.122746
