epsilon_quality=0.0969481
volume_quality=0.406726
