epsilon_quality=0.0495695
volume_quality=0.0257993
