epsilon_quality=0.0542196
volume_quality=0.0376758
