epsilon_quality=0.15655
volume_quality=0.202925
