epsilon_quality=0.0411465
volume_quality=0.0440793
