epsilon_quality=0.119525
volume_quality=0.179164
