epsilon_quality=0.0699575
volume_quality=0.147213
