epsilon_quality=0.0697637
volume_quality=0.0617851
