epsilon_quality=0.165488
volume_quality=0.140982
