epsilon_quality=0.140995
volume_quality=0.343982
