epsilon_quality=0.112063
volume_quality=0.10872
