epsilon_quality=0.0595169
volume_quality=0.181902
