epsilon_quality=0.060359
volume_quality=0.145227
