epsilon_quality=0.110216
volume_quality=0.146103
