epsilon_quality=0.04478
volume_quality=0.0630929
