epsilon_quality=0.102293
volume_quality=0.0941635
