epsilon_quality=0.118761
volume_quality=0.13047
