epsilon_quality=0.126167
volume_quality=0.0553665
