epsilon_quality=0.0570401
volume_quality=0.0515273
