epsilon_quality=0.073706
volume_quality=0.117554
