epsilon_quality=0.0149109
volume_quality=0.00237354
