epsilon_quality=0.01043
volume_quality=0.0246409
