epsilon_quality=0.0914734
volume_quality=0.072237
