epsilon_quality=0.0938585
volume_quality=0.16712
