epsilon_quality=0.0587088
volume_quality=0.0387151
