epsilon_quality=0.243516
volume_quality=1.46533
