epsilon_quality=0.105372
volume_quality=0.144297
