epsilon_quality=0.0892662
volume_quality=0.0696182
