epsilon_quality=0.0656175
volume_quality=0.172886
