epsilon_quality=0.194063
volume_quality=0.379804
