epsilon_quality=0.0804851
volume_quality=0.578258
