epsilon_quality=0.0698537
volume_quality=0.0974501
