epsilon_quality=0.0745751
volume_quality=0.105572
