epsilon_quality=0.129313
volume_quality=0.136178
