epsilon_quality=0.0515166
volume_quality=0.0602267
