epsilon_quality=0.102311
volume_quality=0.218474
