epsilon_quality=0.0980725
volume_quality=0.425303
