epsilon_quality=0.266575
volume_quality=0.566385
