epsilon_quality=0.167344
volume_quality=0.436661
