epsilon_quality=0.256805
volume_quality=1.07165
