epsilon_quality=0.215613
volume_quality=0.618441
