epsilon_quality=0.0187401
volume_quality=0.0823375
