epsilon_quality=0.156768
volume_quality=0.773936
