epsilon_quality=0.206284
volume_quality=1.03431
