epsilon_quality=0.104023
volume_quality=0.0619191
