epsilon_quality=0.00139219
volume_quality=0.228069
