epsilon_quality=0.0163488
volume_quality=0.0168273
