epsilon_quality=0.14059
volume_quality=0.148463
