epsilon_quality=0.0294222
volume_quality=0.0442116
