epsilon_quality=0.399768
volume_quality=4.01484
