epsilon_quality=0.0303734
volume_quality=0.71355
