epsilon_quality=0.0490939
volume_quality=0.0104219
