epsilon_quality=0.148141
volume_quality=0.276788
