epsilon_quality=0.130366
volume_quality=0.46071
