epsilon_quality=0.243524
volume_quality=0.700574
