epsilon_quality=0.243141
volume_quality=0.643802
