epsilon_quality=0.193681
volume_quality=0.983094
