epsilon_quality=0.14901
volume_quality=0.435768
