gpsEpsilon=105.747
gpsVolume=237.607
mQualEpsilon=0.00959134
mQualVolume=0.00231519
new_planned_energy=76.162
