gpsEpsilon=210.409
gpsVolume=130.181
mQualEpsilon=0.023385
mQualVolume=0.00635032
new_planned_energy=65.1685
