gpsEpsilon=107.727
gpsVolume=237.607
mQualEpsilon=0.0205999
mQualVolume=0.000563197
new_planned_energy=51.4889
