gpsEpsilon=106.579
gpsVolume=247.156
mQualEpsilon=0.0123834
mQualVolume=0.0140118
new_planned_energy=111.335
