gpsEpsilon=202.141
gpsVolume=98.5683
mQualEpsilon=1.39789
mQualVolume=44.4255
new_planned_energy=-1.39789
