gpsEpsilon=93.0915
gpsVolume=26.6339
mQualEpsilon=0.0135705
mQualVolume=0.0110937
new_planned_energy=13.8094
