gpsEpsilon=93.0915
gpsVolume=26.6339
mQualEpsilon=1.36206
mQualVolume=42.1581
new_planned_energy=-1.36206
