gpsEpsilon=217.944
gpsVolume=102.835
mQualEpsilon=0.0554321
mQualVolume=0.00611303
new_planned_energy=75.398
