epsilon_quality=3.81639e-17
volume_quality=0.0726474
