epsilon_quality=0.161438
volume_quality=0.120745
