epsilon_quality=0.0529373
volume_quality=0.0587735
