epsilon_quality=0.0599417
volume_quality=0.048437
