epsilon_quality=0.174094
volume_quality=0.494226
