epsilon_quality=0.165222
volume_quality=0.230033
