epsilon_quality=0.216912
volume_quality=0.57481
