epsilon_quality=0.0747305
volume_quality=0.176977
