epsilon_quality=0.0558505
volume_quality=0.0282344
