epsilon_quality=0.105337
volume_quality=0.0738191
