epsilon_quality=0.0640312
volume_quality=0.0319573
