epsilon_quality=0.0116507
volume_quality=0.00346776
