epsilon_quality=0.0332047
volume_quality=0.0268486
