epsilon_quality=0.124254
volume_quality=0.0616445
