epsilon_quality=0.22472
volume_quality=0.729149
