epsilon_quality=0.10414
volume_quality=0.101408
