epsilon_quality=0.0136842
volume_quality=0.0479259
