epsilon_quality=0.0741588
volume_quality=0.0464695
