epsilon_quality=0.109425
volume_quality=0.224726
