epsilon_quality=0.0605678
volume_quality=0.0583932
