epsilon_quality=0.142535
volume_quality=1.07716
