epsilon_quality=0.100227
volume_quality=0.0892313
