epsilon_quality=0.0962048
volume_quality=0.133563
