epsilon_quality=0.265383
volume_quality=1.57057
