epsilon_quality=0.185639
volume_quality=1.79699
