epsilon_quality=0.0612992
volume_quality=0.235731
