epsilon_quality=0.163914
volume_quality=0.116601
