epsilon_quality=0.0112883
volume_quality=0.0667512
