epsilon_quality=0.231459
volume_quality=0.726427
