epsilon_quality=0.0751483
volume_quality=0.202717
