epsilon_quality=0.0502578
volume_quality=0.157146
