epsilon_quality=0.00868822
volume_quality=0.00816929
