epsilon_quality=0.061505
volume_quality=0.0503937
