epsilon_quality=0.172836
volume_quality=0.69288
