epsilon_quality=0.255935
volume_quality=0.296652
