epsilon_quality=0.179382
volume_quality=0.916621
