epsilon_quality=0.0271707
volume_quality=0.0207743
