epsilon_quality=0.0590828
volume_quality=0.245166
