epsilon_quality=0.335954
volume_quality=0.950355
