epsilon_quality=0.160368
volume_quality=0.279884
