epsilon_quality=0.0954676
volume_quality=0.208357
