epsilon_quality=0.11104
volume_quality=0.342962
