epsilon_quality=0.0624533
volume_quality=0.094467
