epsilon_quality=0.155418
volume_quality=0.0816829
