epsilon_quality=0.065734
volume_quality=0.034213
