epsilon_quality=0.0354261
volume_quality=0.0358497
