epsilon_quality=0.0648547
volume_quality=0.0348019
