epsilon_quality=0.0686553
volume_quality=0.0171082
