epsilon_quality=0.140659
volume_quality=0.220624
