epsilon_quality=0.113405
volume_quality=0.0499523
