epsilon_quality=0.106653
volume_quality=0.0806201
