epsilon_quality=0.139554
volume_quality=0.182165
