epsilon_quality=0.163793
volume_quality=0.119915
