epsilon_quality=0.0206694
volume_quality=0.00644033
