epsilon_quality=0.0288113
volume_quality=0.0105746
