epsilon_quality=0.0700415
volume_quality=0.0226445
