epsilon_quality=0.0588556
volume_quality=0.0206443
