epsilon_quality=0.000414754
volume_quality=0.0049298
