epsilon_quality=0.0547362
volume_quality=0.0433508
