gpsEpsilon=0.236763
gpsVolume=-0.356334
mQualEpsilon=1.5462
mQualVolume=46.8707
new_planned_energy=14.1534
