gpsEpsilon=0.236763
gpsVolume=-0.356334
mQualEpsilon=1.57168
mQualVolume=47.1616
new_planned_energy=-1.57168
