gpsEpsilon=0.236763
gpsVolume=-0.356334
mQualEpsilon=1.35434
mQualVolume=43.0264
new_planned_energy=-1.35434
