gpsEpsilon=0.236763
gpsVolume=-0.356334
mQualEpsilon=1.63199
mQualVolume=47.8924
new_planned_energy=11.8348
