gpsEpsilon=1.8945e-315
gpsVolume=1.58327e-315
mQualEpsilon=1.80628
mQualVolume=49.1855
new_planned_energy=-1.80628
