gpsEpsilon=1.8945e-315
gpsVolume=1.58327e-315
mQualEpsilon=-1
mQualVolume=0.00712176
new_planned_energy=17.1309
