gpsEpsilon=0.265267
gpsVolume=7.23344
mQualEpsilon=0.137997
mQualVolume=0.026059
new_planned_energy=101.519
