gpsEpsilon=7.51898
gpsVolume=102.013
mQualEpsilon=0.0712571
mQualVolume=0.122885
new_planned_energy=92.5975
