gpsEpsilon=1.85673e-315
gpsVolume=-0.28158
mQualEpsilon=-1
mQualVolume=0.0120775
new_planned_energy=97.5043
