gpsEpsilon=32.1653
gpsVolume=150.136
mQualEpsilon=0.0490779
mQualVolume=0.0143344
new_planned_energy=46.3544
