gpsEpsilon=-0.251258
gpsVolume=-0.820248
mQualEpsilon=-1
mQualVolume=0.0143494
new_planned_energy=49.5255
