gpsEpsilon=1.76865e-315
gpsVolume=6.95335e-310
mQualEpsilon=0.0211557
mQualVolume=0.00214684
new_planned_energy=66.8573
