gpsEpsilon=6.14349e-316
gpsVolume=6.95335e-310
mQualEpsilon=-1
mQualVolume=0.0416089
new_planned_energy=41.3913
