gpsEpsilon=5.26255e-312
gpsVolume=-nan
mQualEpsilon=0.165788
mQualVolume=0.119513
new_planned_energy=64.8816
