gpsEpsilon=5.48588e-18
gpsVolume=2.42092e-322
mQualEpsilon=-1
mQualVolume=0.00568927
new_planned_energy=66.5334
