gpsEpsilon=45.3979
gpsVolume=79.3072
mQualEpsilon=0.0724131
mQualVolume=0.03086
new_planned_energy=99.7451
