gpsEpsilon=8.58888e-316
gpsVolume=6.95335e-310
mQualEpsilon=-1
mQualVolume=0.00827409
new_planned_energy=21.977
