epsilon_quality=0.0967603
volume_quality=0.211441
