epsilon_quality=0.112927
volume_quality=0.185521
