epsilon_quality=0.0592783
volume_quality=0.0183384
