epsilon_quality=0.169905
volume_quality=0.113092
