epsilon_quality=0.0279473
volume_quality=0.0313639
