epsilon_quality=0.0637102
volume_quality=0.0544692
