epsilon_quality=0.0431957
volume_quality=0.0187358
