epsilon_quality=0.159148
volume_quality=0.209754
