epsilon_quality=0.0891167
volume_quality=0.192136
