epsilon_quality=0.0194287
volume_quality=0.125295
