epsilon_quality=0.132945
volume_quality=0.192438
