epsilon_quality=0.0572926
volume_quality=0.111243
