epsilon_quality=0.0148371
volume_quality=0.0114862
