epsilon_quality=0.000268389
volume_quality=0.00143948
