epsilon_quality=0.033619
volume_quality=0.00324465
