epsilon_quality=0.0243064
volume_quality=0.00250191
