epsilon_quality=0.0742222
volume_quality=0.0471701
