epsilon_quality=0.138738
volume_quality=0.17714
