epsilon_quality=0.0895967
volume_quality=0.0961866
