epsilon_quality=0.173239
volume_quality=0.250277
