gpsEpsilon=99.7745
gpsVolume=55.1277
mQualEpsilon=0.02293
mQualVolume=0.011286
new_planned_energy=69.7227
