gpsEpsilon=169.581
gpsVolume=80.7964
mQualEpsilon=1.81768
mQualVolume=54.1916
new_planned_energy=-1.81768
