gpsEpsilon=169.581
gpsVolume=80.7964
mQualEpsilon=1.60517
mQualVolume=52.0673
new_planned_energy=-1.60517
