gpsEpsilon=169.581
gpsVolume=80.7964
mQualEpsilon=1.80171
mQualVolume=53.2316
new_planned_energy=-1.80171
