gpsEpsilon=101.288
gpsVolume=51.3334
mQualEpsilon=0.979456
mQualVolume=37.2121
new_planned_energy=-0.979456
