gpsEpsilon=163.102
gpsVolume=73.262
mQualEpsilon=0.0410422
mQualVolume=0.0160985
new_planned_energy=32.7337
