gpsEpsilon=100.987
gpsVolume=83.6861
mQualEpsilon=0.00672114
mQualVolume=0.00275155
new_planned_energy=48.8129
