gpsEpsilon=101.735
gpsVolume=111.125
mQualEpsilon=1.69452
mQualVolume=48.8435
new_planned_energy=-1.69452
