gpsEpsilon=102.508
gpsVolume=101.514
mQualEpsilon=1.62965
mQualVolume=48.1237
new_planned_energy=-1.62965
