gpsEpsilon=102.508
gpsVolume=101.514
mQualEpsilon=1.59474
mQualVolume=47.5695
new_planned_energy=-1.59474
