gpsEpsilon=102.508
gpsVolume=101.514
mQualEpsilon=1.62033
mQualVolume=48.0679
new_planned_energy=-1.62033
