gpsEpsilon=102.508
gpsVolume=101.514
mQualEpsilon=1.54891
mQualVolume=46.934
new_planned_energy=-1.54891
