gpsEpsilon=102.508
gpsVolume=101.514
mQualEpsilon=1.59312
mQualVolume=47.5502
new_planned_energy=-1.59312
