gpsEpsilon=102.508
gpsVolume=101.514
mQualEpsilon=1.63029
mQualVolume=48.3258
new_planned_energy=-1.63029
