gpsEpsilon=101.007
gpsVolume=57.7286
mQualEpsilon=1.56588
mQualVolume=47.4948
new_planned_energy=-1.56588
