gpsEpsilon=101.007
gpsVolume=57.7286
mQualEpsilon=1.55438
mQualVolume=46.8201
new_planned_energy=-1.55438
