gpsEpsilon=0.56
gpsVolume=2.42092e-322
mQualEpsilon=0.0145411
mQualVolume=0.00487103
new_planned_energy=41.4297
