gpsEpsilon=161.597
gpsVolume=79.15
mQualEpsilon=0.02293
mQualVolume=0.011286
new_planned_energy=71.3622
