epsilon_quality=0.0623692
volume_quality=0.0324515
