epsilon_quality=0.0151753
volume_quality=0.0183325
