epsilon_quality=0.0277485
volume_quality=0.00384432
