epsilon_quality=0.0453306
volume_quality=0.0809518
