epsilon_quality=0.0829533
volume_quality=0.249256
