epsilon_quality=0.110077
volume_quality=0.427144
