epsilon_quality=0.0784738
volume_quality=0.0519598
