epsilon_quality=0.0453086
volume_quality=0.0146998
