epsilon_quality=0.0652659
volume_quality=0.0906718
