epsilon_quality=0.324864
volume_quality=3.34598
