epsilon_quality=0.483982
volume_quality=5.10304
