epsilon_quality=0.392367
volume_quality=3.74032
