epsilon_quality=0.0439981
volume_quality=0.0368948
