epsilon_quality=0.0706062
volume_quality=0.174891
