epsilon_quality=0.0761286
volume_quality=0.0477634
