epsilon_quality=0.185527
volume_quality=0.313369
