epsilon_quality=0.12984
volume_quality=0.621052
