epsilon_quality=0.0618638
volume_quality=0.142514
