epsilon_quality=0.0372081
volume_quality=0.0943926
