epsilon_quality=0.0990043
volume_quality=0.230423
