epsilon_quality=0.0672705
volume_quality=0.116548
