epsilon_quality=0.111388
volume_quality=0.12731
