epsilon_quality=0.00141988
volume_quality=0.022865
