epsilon_quality=0.115226
volume_quality=0.282265
