epsilon_quality=0.0339094
volume_quality=0.0146452
