epsilon_quality=0.00206155
volume_quality=0.0144968
