epsilon_quality=0.320198
volume_quality=1.38605
