epsilon_quality=0.177086
volume_quality=0.476811
