epsilon_quality=0.211305
volume_quality=0.619888
