epsilon_quality=0.0322942
volume_quality=0.0425631
