epsilon_quality=0.29621
volume_quality=1.86227
