epsilon_quality=0.029797
volume_quality=0.0593581
