epsilon_quality=0.383399
volume_quality=1.55303
