epsilon_quality=0.0247326
volume_quality=0.0472482
