epsilon_quality=0.117645
volume_quality=0.590946
