epsilon_quality=0.0386241
volume_quality=0.109947
