epsilon_quality=0.0371462
volume_quality=0.0976891
