epsilon_quality=0.0349658
volume_quality=0.0932113
