epsilon_quality=0.00582314
volume_quality=0.0460151
