epsilon_quality=0.0611828
volume_quality=0.0421481
