epsilon_quality=0.0680601
volume_quality=0.0316453
