epsilon_quality=0.113233
volume_quality=0.132007
