epsilon_quality=0.0078912
volume_quality=0.0334195
