epsilon_quality=0.00789135
volume_quality=0.0334194
