epsilon_quality=0.109645
volume_quality=0.166306
