epsilon_quality=0.0496924
volume_quality=0.0121266
