epsilon_quality=0.187813
volume_quality=0.715324
