epsilon_quality=0.20565
volume_quality=1.02329
