epsilon_quality=0.0883642
volume_quality=0.020377
