epsilon_quality=0.0536023
volume_quality=0.0223226
