epsilon_quality=0.0373935
volume_quality=0.0194218
