epsilon_quality=0.0369162
volume_quality=0.00509497
