epsilon_quality=0.0400234
volume_quality=0.00724258
