epsilon_quality=0.0415641
volume_quality=0.0024526
