epsilon_quality=0.170678
volume_quality=0.498722
