epsilon_quality=0.0771932
volume_quality=0.031756
