epsilon_quality=0.230199
volume_quality=0.533179
