epsilon_quality=0.287185
volume_quality=0.842507
