epsilon_quality=0.010679
volume_quality=0.0202215
