epsilon_quality=0.126033
volume_quality=0.069368
