epsilon_quality=0.10569
volume_quality=0.157881
