epsilon_quality=0.075962
volume_quality=0.0352532
