epsilon_quality=0.0502696
volume_quality=0.0213612
