epsilon_quality=0.0539947
volume_quality=0.057283
