epsilon_quality=0.0198838
volume_quality=0.00291427
