epsilon_quality=0.124893
volume_quality=0.104732
