epsilon_quality=0.0461521
volume_quality=0.0395855
