epsilon_quality=0.161216
volume_quality=0.35117
