epsilon_quality=0.0437714
volume_quality=0.0928803
