epsilon_quality=0.120132
volume_quality=0.229505
