epsilon_quality=0.137494
volume_quality=0.726702
