epsilon_quality=0.0622077
volume_quality=0.205402
