epsilon_quality=0.0283365
volume_quality=0.0147631
