epsilon_quality=0.0526295
volume_quality=0.106316
