epsilon_quality=0.0491443
volume_quality=0.0661824
