epsilon_quality=0.0301803
volume_quality=0.0202991
