epsilon_quality=0.00361113
volume_quality=0.0124362
