epsilon_quality=0.033427
volume_quality=0.0494185
