epsilon_quality=0.0206717
volume_quality=0.00566094
