epsilon_quality=0.0275803
volume_quality=0.0498946
