epsilon_quality=0.0496089
volume_quality=0.0255691
