epsilon_quality=0.08031
volume_quality=0.0845723
