epsilon_quality=0.0461366
volume_quality=0.0928664
