epsilon_quality=0.0518583
volume_quality=0.415803
