epsilon_quality=0.168938
volume_quality=0.306522
