epsilon_quality=0.160996
volume_quality=0.513827
