epsilon_quality=0.0233306
volume_quality=0.00872847
