epsilon_quality=0.0473844
volume_quality=0.045771
