epsilon_quality=0.0169202
volume_quality=0.000110066
