epsilon_quality=0.00413536
volume_quality=0.0323149
