epsilon_quality=0.00562112
volume_quality=0.104821
