epsilon_quality=0.0973635
volume_quality=0.0543351
