epsilon_quality=0.13331
volume_quality=0.221022
