epsilon_quality=0.0484653
volume_quality=0.0197364
