epsilon_quality=0.0523627
volume_quality=0.0191129
