epsilon_quality=0.0254998
volume_quality=0.0699214
