epsilon_quality=0.0227953
volume_quality=0.0442707
