epsilon_quality=0.0791734
volume_quality=0.153724
