epsilon_quality=0.0937902
volume_quality=0.215039
