epsilon_quality=0.031776
volume_quality=0.111935
