epsilon_quality=0.136544
volume_quality=0.278702
