epsilon_quality=0.0730594
volume_quality=0.0936182
