epsilon_quality=0.083605
volume_quality=0.0585814
