epsilon_quality=0.0527578
volume_quality=0.115174
