epsilon_quality=0.0745976
volume_quality=0.0566272
