epsilon_quality=0.0986729
volume_quality=0.0327185
