epsilon_quality=0.329915
volume_quality=3.82187
