epsilon_quality=0.55206
volume_quality=8.20157
