epsilon_quality=0.36673
volume_quality=4.31633
