epsilon_quality=0.166975
volume_quality=0.275522
