epsilon_quality=0.137711
volume_quality=0.488722
