epsilon_quality=0.0259191
volume_quality=0.0304274
