epsilon_quality=0.10976
volume_quality=0.117792
