epsilon_quality=0.0407555
volume_quality=0.0411387
