epsilon_quality=0.0840003
volume_quality=0.131992
