epsilon_quality=0.00841534
volume_quality=0.240782
