epsilon_quality=0.0943678
volume_quality=0.199712
