epsilon_quality=0.17294
volume_quality=0.19662
