epsilon_quality=0.0166837
volume_quality=0.0246354
