epsilon_quality=0.0820291
volume_quality=0.0935536
