epsilon_quality=0.0826769
volume_quality=0.16243
