epsilon_quality=0.0713408
volume_quality=0.10861
