epsilon_quality=0.0511034
volume_quality=0.0223597
