epsilon_quality=0.0948971
volume_quality=0.0679619
