epsilon_quality=0.0383017
volume_quality=0.08253
