epsilon_quality=0.0949544
volume_quality=0.900896
