epsilon_quality=0.077762
volume_quality=0.0485751
