epsilon_quality=0.133278
volume_quality=0.106521
