epsilon_quality=0.120208
volume_quality=0.114849
