epsilon_quality=0.0599707
volume_quality=0.0106345
