epsilon_quality=0.127091
volume_quality=0.267552
