epsilon_quality=0.139077
volume_quality=0.259656
