epsilon_quality=0.0653837
volume_quality=0.0973059
