epsilon_quality=0.131714
volume_quality=0.0600653
