epsilon_quality=0.100088
volume_quality=0.154936
