epsilon_quality=0.00623029
volume_quality=0.0412471
