epsilon_quality=0.0536705
volume_quality=0.660789
