epsilon_quality=0.242751
volume_quality=0.772978
