epsilon_quality=0.119054
volume_quality=0.249772
