epsilon_quality=0.0779669
volume_quality=0.0453832
