epsilon_quality=0.12687
volume_quality=0.424113
