epsilon_quality=0.0597238
volume_quality=0.00569024
