epsilon_quality=0.0225259
volume_quality=0.180838
