epsilon_quality=0.0435531
volume_quality=0.0170669
