epsilon_quality=0.0369862
volume_quality=0.0209366
