epsilon_quality=0.045132
volume_quality=0.105191
