gpsEpsilon=20.255
gpsVolume=176.609
mQualEpsilon=0.00434466
mQualVolume=0.00388562
new_planned_energy=55.3706
