gpsEpsilon=46.5176
gpsVolume=176.609
mQualEpsilon=0.0214989
mQualVolume=0.065695
new_planned_energy=49.3744
