gpsEpsilon=22.4759
gpsVolume=172.162
mQualEpsilon=1.83745
mQualVolume=46.3797
new_planned_energy=-1.83745
