gpsEpsilon=22.4759
gpsVolume=172.162
mQualEpsilon=0.0168638
mQualVolume=0.0105778
new_planned_energy=16.2722
