gpsEpsilon=22.4759
gpsVolume=172.162
mQualEpsilon=1.71148
mQualVolume=43.5066
new_planned_energy=-1.71148
