gpsEpsilon=22.4759
gpsVolume=172.162
mQualEpsilon=1.73921
mQualVolume=43.2718
new_planned_energy=-1.73921
