gpsEpsilon=27.2887
gpsVolume=167.926
mQualEpsilon=0.00630732
mQualVolume=0.014957
new_planned_energy=50.688
