gpsEpsilon=30.5808
gpsVolume=167.926
mQualEpsilon=0.00739532
mQualVolume=0.00495873
new_planned_energy=79.8001
