gpsEpsilon=0.0134807
gpsVolume=10.0513
mQualEpsilon=-1
mQualVolume=0.00159499
new_planned_energy=38.6877
