gpsEpsilon=-0.215923
gpsVolume=0.305189
mQualEpsilon=0.0713751
mQualVolume=0.0237651
new_planned_energy=97.4161
