gpsEpsilon=26.72
gpsVolume=86.8771
mQualEpsilon=0.0943173
mQualVolume=0.030566
new_planned_energy=95.7701
