gpsEpsilon=26.0769
gpsVolume=183.379
mQualEpsilon=0.0698906
mQualVolume=0.0211731
new_planned_energy=60.4263
