gpsEpsilon=22.4985
gpsVolume=179.574
mQualEpsilon=0.0630942
mQualVolume=0.0175337
new_planned_energy=91.9164
