epsilon_quality=0.193157
volume_quality=0.467891
