epsilon_quality=0.10091
volume_quality=0.179033
