epsilon_quality=0.088827
volume_quality=0.265223
