gpsEpsilon=67.5147
gpsVolume=103.44
mQualEpsilon=0.046065
mQualVolume=0.00392097
new_planned_energy=31.4059
