gpsEpsilon=109.805
gpsVolume=108.742
mQualEpsilon=0.0797896
mQualVolume=0.045385
new_planned_energy=55.2882
