gpsEpsilon=0
gpsVolume=0.0078125
mQualEpsilon=0.107647
mQualVolume=0.0186142
new_planned_energy=18.0527
