gpsEpsilon=75.8835
gpsVolume=47.8246
mQualEpsilon=0.10138
mQualVolume=0.0195689
new_planned_energy=55.8445
