gpsEpsilon=99.5032
gpsVolume=55.5282
mQualEpsilon=0.00663774
mQualVolume=0.00871989
new_planned_energy=56.8561
