gpsEpsilon=2.4448e-316
gpsVolume=6.06098e-316
mQualEpsilon=-1
mQualVolume=0.0236045
new_planned_energy=46.6707
