gpsEpsilon=125.375
gpsVolume=84.3841
mQualEpsilon=0.099701
mQualVolume=0.0238522
new_planned_energy=81.836
