gpsEpsilon=168.865
gpsVolume=76.0179
mQualEpsilon=0.0586974
mQualVolume=0.00995701
new_planned_energy=54.0803
