gpsEpsilon=101.465
gpsVolume=101.052
mQualEpsilon=0.0301889
mQualVolume=0.00835485
new_planned_energy=53.066
