epsilon_quality=0.0420624
volume_quality=0.0153003
