epsilon_quality=0.0499206
volume_quality=0.0783528
