epsilon_quality=0.0396945
volume_quality=0.0291193
