epsilon_quality=0.0949429
volume_quality=0.770101
