epsilon_quality=0.068584
volume_quality=0.496277
