epsilon_quality=0.0641139
volume_quality=0.0562521
