epsilon_quality=0.00546911
volume_quality=0.00380251
