epsilon_quality=0.0914537
volume_quality=0.369151
