epsilon_quality=0.0717224
volume_quality=0.215687
