epsilon_quality=0.197412
volume_quality=0.511909
