epsilon_quality=0.190164
volume_quality=0.951788
