epsilon_quality=0.0777143
volume_quality=0.0215321
