epsilon_quality=0.143322
volume_quality=0.396527
