epsilon_quality=0.0320908
volume_quality=0.0102856
