epsilon_quality=0.0762959
volume_quality=0.0686052
