epsilon_quality=0.17152
volume_quality=0.221541
