epsilon_quality=0.119634
volume_quality=0.543216
