epsilon_quality=0.240971
volume_quality=1.05213
