epsilon_quality=0.0359029
volume_quality=0.152384
