epsilon_quality=0.0696016
volume_quality=0.0152038
