epsilon_quality=0.0311236
volume_quality=0.00288685
