epsilon_quality=0.0714529
volume_quality=0.395166
