epsilon_quality=0.288058
volume_quality=1.37972
