epsilon_quality=0.0690935
volume_quality=0.136843
