epsilon_quality=0.0675313
volume_quality=0.0505746
