epsilon_quality=0.095292
volume_quality=0.479594
