epsilon_quality=0.0525981
volume_quality=0.836654
