epsilon_quality=0.0513709
volume_quality=0.0253688
