epsilon_quality=0.114143
volume_quality=0.716866
