epsilon_quality=0.0948984
volume_quality=0.0588693
