epsilon_quality=0.0672207
volume_quality=0.00674492
