epsilon_quality=0.0434615
volume_quality=0.00952174
