epsilon_quality=0.0190016
volume_quality=0.0626787
