epsilon_quality=0.0992137
volume_quality=0.216639
