epsilon_quality=0.0889577
volume_quality=0.113483
