epsilon_quality=0.073463
volume_quality=0.210996
