epsilon_quality=0.0960663
volume_quality=0.0342247
