epsilon_quality=0.222852
volume_quality=0.526215
