epsilon_quality=0.0245187
volume_quality=0.15589
