epsilon_quality=0.0192303
volume_quality=0.00334638
