epsilon_quality=0.0754249
volume_quality=0.0496404
