epsilon_quality=0.157639
volume_quality=0.363701
