epsilon_quality=0.0668108
volume_quality=0.139259
