epsilon_quality=0.0944848
volume_quality=0.106789
