epsilon_quality=0.0181751
volume_quality=0.060544
