epsilon_quality=0.0274765
volume_quality=0.000493618
