epsilon_quality=0.0248499
volume_quality=0.0022455
