epsilon_quality=0.0907321
volume_quality=0.0570297
