epsilon_quality=0.136669
volume_quality=0.125727
