epsilon_quality=0.109496
volume_quality=0.0326127
