epsilon_quality=0.134721
volume_quality=0.129928
