epsilon_quality=0.00722316
volume_quality=0.00500062
