epsilon_quality=0.0343869
volume_quality=0.00455757
