epsilon_quality=0.0891427
volume_quality=0.202019
