epsilon_quality=0.127341
volume_quality=0.0921157
