epsilon_quality=0.0129826
volume_quality=0.0424582
