epsilon_quality=0.0431464
volume_quality=0.241512
