epsilon_quality=0.0422022
volume_quality=0.0156281
