epsilon_quality=0.0979668
volume_quality=0.153836
