epsilon_quality=0.0834946
volume_quality=0.0707004
