epsilon_quality=0.0288801
volume_quality=0.0441859
