epsilon_quality=0.0184012
volume_quality=0.0092912
