epsilon_quality=0.0153741
volume_quality=0.0020055
