epsilon_quality=0.101702
volume_quality=0.0634507
