epsilon_quality=0.0655596
volume_quality=0.0167672
