epsilon_quality=0.0124093
volume_quality=0.0449594
