epsilon_quality=0.0544754
volume_quality=0.00531525
