epsilon_quality=0.0465852
volume_quality=0.205078
