epsilon_quality=0.0234914
volume_quality=0.225582
