epsilon_quality=0.108507
volume_quality=0.627122
