epsilon_quality=0.0252631
volume_quality=0.00500975
