epsilon_quality=0.0809106
volume_quality=0.205266
