epsilon_quality=0.0258154
volume_quality=0.778546
