epsilon_quality=0.152001
volume_quality=0.241162
