epsilon_quality=0.0333805
volume_quality=0.192334
