epsilon_quality=0.118629
volume_quality=0.152318
