epsilon_quality=0.00451161
volume_quality=0.042933
