epsilon_quality=0.0779472
volume_quality=0.207889
