epsilon_quality=0.0125365
volume_quality=0.00107395
