epsilon_quality=0.0284496
volume_quality=0.00894198
