epsilon_quality=0.0787227
volume_quality=0.14137
