epsilon_quality=0.125322
volume_quality=0.21019
