epsilon_quality=0.118841
volume_quality=0.0634298
