epsilon_quality=0.0702202
volume_quality=0.0650751
