epsilon_quality=0.141369
volume_quality=0.86324
