epsilon_quality=0.13705
volume_quality=0.83079
