epsilon_quality=0.276939
volume_quality=1.74832
