epsilon_quality=0.0509532
volume_quality=0.233869
