gpsEpsilon=31.924
gpsVolume=110.023
mQualEpsilon=0.0199918
mQualVolume=0.000639752
new_planned_energy=55.4281
