gpsEpsilon=123.542
gpsVolume=89.7877
mQualEpsilon=0.0102707
mQualVolume=0.000555861
new_planned_energy=65.0648
