gpsEpsilon=166.04
gpsVolume=92.995
mQualEpsilon=0.032611
mQualVolume=0.00389181
new_planned_energy=54.4384
