gpsEpsilon=1.0164e-315
gpsVolume=0
mQualEpsilon=0.0605502
mQualVolume=0.00412509
new_planned_energy=35.7694
