gpsEpsilon=190.692
gpsVolume=93.8728
mQualEpsilon=0.00668522
mQualVolume=0.000425503
new_planned_energy=56.0391
