gpsEpsilon=1.0903e-315
gpsVolume=0
mQualEpsilon=0.00914717
mQualVolume=0.000338755
new_planned_energy=73.77
