gpsEpsilon=35.5989
gpsVolume=88.7362
mQualEpsilon=0.0109347
mQualVolume=0.000118183
new_planned_energy=59.3604
