gpsEpsilon=36.1036
gpsVolume=151.974
mQualEpsilon=0.0112019
mQualVolume=0.000273006
new_planned_energy=86.2223
