gpsEpsilon=47.6326
gpsVolume=72.234
mQualEpsilon=0.00234132
mQualVolume=0.00561063
new_planned_energy=47.6081
