gpsEpsilon=22.0719
gpsVolume=171.396
mQualEpsilon=0.0492211
mQualVolume=0.0027361
new_planned_energy=37.3562
