gpsEpsilon=7.35284e-316
gpsVolume=0
mQualEpsilon=0.000241597
mQualVolume=0.00316977
new_planned_energy=59.9103
