gpsEpsilon=8.92376e-316
gpsVolume=0
mQualEpsilon=0.0217986
mQualVolume=0.000286355
new_planned_energy=44.1979
