gpsEpsilon=6.16829e-316
gpsVolume=0
mQualEpsilon=0.0161153
mQualVolume=0.000260672
new_planned_energy=79.341
