gpsEpsilon=1.10156e-315
gpsVolume=0
mQualEpsilon=0.0204907
mQualVolume=0.00258998
new_planned_energy=38.4954
