epsilon_quality=0.0175905
volume_quality=0.121752
