epsilon_quality=0.0295478
volume_quality=0.116057
