epsilon_quality=0.0934386
volume_quality=0.227334
