epsilon_quality=0.182289
volume_quality=0.686698
