epsilon_quality=0.0504529
volume_quality=0.0366329
