gpsEpsilon=6.48835
gpsVolume=125.34
mQualEpsilon=-1
mQualVolume=0.00460128
new_planned_energy=51.5979
