gpsEpsilon=0
gpsVolume=1.061e-314
mQualEpsilon=0.0156553
mQualVolume=0.000819809
new_planned_energy=101.854
