gpsEpsilon=7.63208e-316
gpsVolume=0
mQualEpsilon=-1
mQualVolume=0.00958145
new_planned_energy=56.9693
