gpsEpsilon=29.2992
gpsVolume=111.71
mQualEpsilon=0.00255794
mQualVolume=0.0217334
new_planned_energy=50.7471
