gpsEpsilon=20.7416
gpsVolume=80.5094
mQualEpsilon=0.0188483
mQualVolume=0.0112496
new_planned_energy=91.5924
