gpsEpsilon=36.3063
gpsVolume=80.5094
mQualEpsilon=0.0536408
mQualVolume=0.00588481
new_planned_energy=66.7838
