gpsEpsilon=30.61
gpsVolume=76.1632
mQualEpsilon=0.0559018
mQualVolume=0.0202921
new_planned_energy=36.2635
