gpsEpsilon=8.87349e-316
gpsVolume=0
mQualEpsilon=0.0301969
mQualVolume=0.00881759
new_planned_energy=116.449
