gpsEpsilon=4.78315e-316
gpsVolume=0
mQualEpsilon=-1
mQualVolume=0.0176467
new_planned_energy=93.8437
