gpsEpsilon=100.435
gpsVolume=97.5294
mQualEpsilon=0.0800108
mQualVolume=0.0177819
new_planned_energy=69.6861
