gpsEpsilon=100.435
gpsVolume=166.848
mQualEpsilon=0.0100391
mQualVolume=0.000399548
new_planned_energy=90.2306
