epsilon_quality=0.0606057
volume_quality=0.0131763
