epsilon_quality=0.0188892
volume_quality=0.0477143
