epsilon_quality=0.0618402
volume_quality=0.112943
