epsilon_quality=0.19107
volume_quality=0.41266
