epsilon_quality=0.127377
volume_quality=0.153756
