epsilon_quality=0.0277143
volume_quality=0.00549768
