epsilon_quality=0.363222
volume_quality=5.23383
