epsilon_quality=0.298521
volume_quality=4.11188
