epsilon_quality=0.190695
volume_quality=0.757754
