epsilon_quality=0.0422063
volume_quality=0.104744
