epsilon_quality=0.123101
volume_quality=0.822929
