epsilon_quality=0.0626966
volume_quality=0.124864
