epsilon_quality=0.0384507
volume_quality=0.0510376
