epsilon_quality=0.217242
volume_quality=0.760572
