epsilon_quality=0.0649143
volume_quality=0.0660287
