epsilon_quality=0.060001
volume_quality=3.94043
