epsilon_quality=0.05309
volume_quality=0.048399
