epsilon_quality=0.0278877
volume_quality=0.0408875
