epsilon_quality=0.0711038
volume_quality=0.0352172
