epsilon_quality=0.0637157
volume_quality=0.100865
