epsilon_quality=0.0481467
volume_quality=0.102328
