epsilon_quality=0.0325342
volume_quality=0.0219885
