epsilon_quality=0.0680322
volume_quality=0.0130138
