epsilon_quality=0.069811
volume_quality=0.244356
