epsilon_quality=0.0873919
volume_quality=0.0235247
