epsilon_quality=0.0545742
volume_quality=0.0364837
