epsilon_quality=0.187037
volume_quality=0.236738
