epsilon_quality=0.0529564
volume_quality=0.074549
