epsilon_quality=0.0591958
volume_quality=0.0708673
