epsilon_quality=0.0614273
volume_quality=0.0239876
