epsilon_quality=0.0502942
volume_quality=0.025829
