epsilon_quality=0.177011
volume_quality=0.253136
