epsilon_quality=0.0954777
volume_quality=0.300341
