epsilon_quality=0.070018
volume_quality=0.0906346
