epsilon_quality=0.260964
volume_quality=1.40626
