epsilon_quality=0.127658
volume_quality=0.339349
