epsilon_quality=0.0827487
volume_quality=0.197839
