epsilon_quality=0.160851
volume_quality=0.229363
