epsilon_quality=0.0297873
volume_quality=0.0258593
