epsilon_quality=0.0686357
volume_quality=0.163617
