epsilon_quality=0.102057
volume_quality=0.114254
