epsilon_quality=0.0534475
volume_quality=0.290948
