epsilon_quality=0.117154
volume_quality=0.0635474
