epsilon_quality=0.157427
volume_quality=1.03394
