epsilon_quality=0.0553206
volume_quality=0.0105608
