gpsEpsilon=73.5975
gpsVolume=116.715
mQualEpsilon=0.0158163
mQualVolume=0.00362597
new_planned_energy=45.2413
