gpsEpsilon=1.01139e-315
gpsVolume=0
mQualEpsilon=0.0116633
mQualVolume=0.00139443
new_planned_energy=46.018
