gpsEpsilon=1.21957e-315
gpsVolume=0
mQualEpsilon=-1
mQualVolume=0.0134074
new_planned_energy=41.7776
