gpsEpsilon=1.12008e-315
gpsVolume=0
mQualEpsilon=0.0064115
mQualVolume=0.000253507
new_planned_energy=86.0183
