gpsEpsilon=8.31553e-316
gpsVolume=0
mQualEpsilon=0.000767244
mQualVolume=0.000708994
new_planned_energy=74.9955
