gpsEpsilon=93.0742
gpsVolume=219.084
mQualEpsilon=0.0468368
mQualVolume=0.00611405
new_planned_energy=30.31
