gpsEpsilon=104.494
gpsVolume=214.156
mQualEpsilon=1.52349
mQualVolume=45.8268
new_planned_energy=-1.52349
