gpsEpsilon=104.494
gpsVolume=214.156
mQualEpsilon=1.51905
mQualVolume=45.6933
new_planned_energy=-1.51905
