gpsEpsilon=212.93
gpsVolume=101.118
mQualEpsilon=0.112838
mQualVolume=0.0341159
new_planned_energy=70.8675
