gpsEpsilon=28.8013
gpsVolume=85.1685
mQualEpsilon=0.0507969
mQualVolume=0.00607899
new_planned_energy=11.704
