gpsEpsilon=87.4509
gpsVolume=86.7225
mQualEpsilon=1.82154
mQualVolume=49.1972
new_planned_energy=-1.82154
