gpsEpsilon=87.4509
gpsVolume=86.7225
mQualEpsilon=1.82575
mQualVolume=49.1954
new_planned_energy=-1.82575
