gpsEpsilon=87.4509
gpsVolume=86.7225
mQualEpsilon=1.83127
mQualVolume=49.7647
new_planned_energy=-1.83127
