gpsEpsilon=87.4509
gpsVolume=86.7225
mQualEpsilon=1.82039
mQualVolume=49.3212
new_planned_energy=-1.82039
