gpsEpsilon=145.418
gpsVolume=91.3811
mQualEpsilon=0.00541099
mQualVolume=0.00965773
new_planned_energy=48.3078
