gpsEpsilon=43.3362
gpsVolume=111.573
mQualEpsilon=0.00316852
mQualVolume=0.00160312
new_planned_energy=82.0901
