epsilon_quality=0.0730335
volume_quality=0.0713114
