epsilon_quality=0.153762
volume_quality=0.241673
