epsilon_quality=0.0196643
volume_quality=0.0347706
