epsilon_quality=0.230762
volume_quality=0.669661
