epsilon_quality=0.0711814
volume_quality=0.0119343
