epsilon_quality=0.185726
volume_quality=0.571361
