epsilon_quality=0.14492
volume_quality=1.02036
