epsilon_quality=0.128148
volume_quality=0.122232
