epsilon_quality=0.0658769
volume_quality=0.201886
