epsilon_quality=0.13225
volume_quality=0.126004
