epsilon_quality=0.0818542
volume_quality=0.0737405
