epsilon_quality=0.0217642
volume_quality=0.0129509
