gpsEpsilon=131.605
gpsVolume=136.517
mQualEpsilon=0.0247008
mQualVolume=0.00221098
new_planned_energy=32.4011
