gpsEpsilon=90.4672
gpsVolume=140.692
mQualEpsilon=1.49943
mQualVolume=46.6807
new_planned_energy=-1.49943
