gpsEpsilon=90.4672
gpsVolume=140.692
mQualEpsilon=1.45779
mQualVolume=46.9169
new_planned_energy=-1.45779
