gpsEpsilon=90.4672
gpsVolume=140.692
mQualEpsilon=1.50787
mQualVolume=47.6141
new_planned_energy=-1.50787
