gpsEpsilon=90.4672
gpsVolume=140.692
mQualEpsilon=1.47044
mQualVolume=47.347
new_planned_energy=-1.47044
