gpsEpsilon=90.4672
gpsVolume=140.692
mQualEpsilon=1.50463
mQualVolume=47.4307
new_planned_energy=-1.50463
