gpsEpsilon=90.4672
gpsVolume=140.692
mQualEpsilon=1.52717
mQualVolume=47.0693
new_planned_energy=-1.52717
