gpsEpsilon=3.24851e-316
gpsVolume=0
mQualEpsilon=1.71464
mQualVolume=55.9428
new_planned_energy=-1.71464
