gpsEpsilon=3.24851e-316
gpsVolume=0
mQualEpsilon=1.73155
mQualVolume=57.3002
new_planned_energy=-1.73155
