gpsEpsilon=3.24851e-316
gpsVolume=0
mQualEpsilon=1.66191
mQualVolume=57.2923
new_planned_energy=-1.66191
