gpsEpsilon=3.24851e-316
gpsVolume=0
mQualEpsilon=1.64834
mQualVolume=57.482
new_planned_energy=-1.64834
