gpsEpsilon=3.24851e-316
gpsVolume=0
mQualEpsilon=1.74798
mQualVolume=56.2759
new_planned_energy=-1.74798
