gpsEpsilon=3.24851e-316
gpsVolume=0
mQualEpsilon=1.71533
mQualVolume=56.0754
new_planned_energy=-1.71533
