gpsEpsilon=1.21577e-315
gpsVolume=0
mQualEpsilon=0.0182729
mQualVolume=0.0066317
new_planned_energy=28.4519
