gpsEpsilon=1.57247e-315
gpsVolume=0
mQualEpsilon=0.0289761
mQualVolume=0.00674253
new_planned_energy=40.7378
