gpsEpsilon=123.48
gpsVolume=105.001
mQualEpsilon=0.0171828
mQualVolume=0.00794937
new_planned_energy=9.15504
