gpsEpsilon=104.904
gpsVolume=92.1934
mQualEpsilon=1.42179
mQualVolume=45.8318
new_planned_energy=-1.42179
