gpsEpsilon=104.904
gpsVolume=92.1934
mQualEpsilon=1.44236
mQualVolume=45.7258
new_planned_energy=-1.44236
