gpsEpsilon=104.904
gpsVolume=92.1934
mQualEpsilon=1.46762
mQualVolume=46.0403
new_planned_energy=-1.46762
