gpsEpsilon=104.904
gpsVolume=92.1934
mQualEpsilon=1.44616
mQualVolume=45.9472
new_planned_energy=-1.44616
