gpsEpsilon=125.219
gpsVolume=113.922
mQualEpsilon=0.0427297
mQualVolume=0.0117189
new_planned_energy=29.0088
