gpsEpsilon=1.6235e-315
gpsVolume=0
mQualEpsilon=1.89951
mQualVolume=55.8281
new_planned_energy=-1.89951
