gpsEpsilon=1.2097e-315
gpsVolume=0
mQualEpsilon=1.81423
mQualVolume=52.1524
new_planned_energy=-1.81423
