gpsEpsilon=1.2097e-315
gpsVolume=0
mQualEpsilon=0.0152049
mQualVolume=0.00658756
new_planned_energy=18.5271
