gpsEpsilon=1.60899e-315
gpsVolume=0
mQualEpsilon=0.0411995
mQualVolume=0.00541289
new_planned_energy=40.5603
