gpsEpsilon=1.58949e-315
gpsVolume=0
mQualEpsilon=1.85912
mQualVolume=45.7149
new_planned_energy=-1.85912
