gpsEpsilon=1.58949e-315
gpsVolume=0
mQualEpsilon=1.84032
mQualVolume=45.3626
new_planned_energy=15.0615
