gpsEpsilon=76.9595
gpsVolume=134.552
mQualEpsilon=0.0336973
mQualVolume=0.00880074
new_planned_energy=36.1738
