gpsEpsilon=122.641
gpsVolume=136.517
mQualEpsilon=0.0130026
mQualVolume=0.0104715
new_planned_energy=30.9478
