epsilon_quality=0.0895232
volume_quality=0.0568392
