epsilon_quality=0.0776643
volume_quality=0.036644
