epsilon_quality=0.103554
volume_quality=0.130077
