epsilon_quality=0.069021
volume_quality=0.0341711
