epsilon_quality=0.0854421
volume_quality=0.0737219
