epsilon_quality=0.182734
volume_quality=0.744059
