epsilon_quality=0.0534668
volume_quality=0.18965
