epsilon_quality=0.0584493
volume_quality=0.0523365
