epsilon_quality=0.220475
volume_quality=1.07475
