epsilon_quality=0.263608
volume_quality=1.45719
