epsilon_quality=0.0332886
volume_quality=0.0557512
