epsilon_quality=0.0664784
volume_quality=0.097872
