epsilon_quality=0.187012
volume_quality=0.860568
