epsilon_quality=0.0909081
volume_quality=0.120695
