epsilon_quality=0.0796276
volume_quality=0.0963017
