epsilon_quality=0.0762873
volume_quality=0.0353503
