epsilon_quality=0.0814849
volume_quality=0.0292542
