epsilon_quality=0.119379
volume_quality=0.16317
