epsilon_quality=0.13101
volume_quality=0.275211
