epsilon_quality=0.144097
volume_quality=0.398972
