epsilon_quality=0.0153058
volume_quality=0.0389492
