epsilon_quality=0.0991853
volume_quality=0.153538
