epsilon_quality=0.143271
volume_quality=0.163764
