epsilon_quality=0.00613576
volume_quality=0.00113704
