epsilon_quality=0.0227531
volume_quality=0.000665049
