epsilon_quality=0.0556359
volume_quality=0.646356
