epsilon_quality=0.0130774
volume_quality=0.0263896
