epsilon_quality=0.132447
volume_quality=0.239901
