epsilon_quality=0.022846
volume_quality=0.00503819
