epsilon_quality=0.0522239
volume_quality=0.00523609
