epsilon_quality=0.0700469
volume_quality=0.187318
