epsilon_quality=0.0392035
volume_quality=0.0153612
