epsilon_quality=0.0359012
volume_quality=0.0639649
