epsilon_quality=0.230791
volume_quality=0.429797
