epsilon_quality=0.219349
volume_quality=0.426816
