epsilon_quality=0.21356
volume_quality=0.596905
