epsilon_quality=0.0150446
volume_quality=0.447914
