epsilon_quality=0.0390414
volume_quality=0.127456
