epsilon_quality=0.07942
volume_quality=0.016428
