epsilon_quality=0.150518
volume_quality=0.37558
