epsilon_quality=0.232497
volume_quality=0.602559
