epsilon_quality=0.00621762
volume_quality=0.0031708
