epsilon_quality=0.0425758
volume_quality=0.0793937
