epsilon_quality=0.23107
volume_quality=1.13723
