epsilon_quality=0.0214773
volume_quality=0.590857
