epsilon_quality=0.0479346
volume_quality=0.0954661
