epsilon_quality=0.193261
volume_quality=0.509274
