epsilon_quality=0.167186
volume_quality=0.374616
