epsilon_quality=0.021968
volume_quality=0.0889006
