epsilon_quality=0.0798992
volume_quality=0.141116
