epsilon_quality=0.0915118
volume_quality=0.306458
