epsilon_quality=0.102183
volume_quality=0.146211
