epsilon_quality=0.20876
volume_quality=0.400061
