epsilon_quality=0.0839486
volume_quality=0.0654234
