epsilon_quality=0.155596
volume_quality=0.337935
