epsilon_quality=0.122996
volume_quality=0.131923
