epsilon_quality=0.0804494
volume_quality=0.295721
