epsilon_quality=0.0586708
volume_quality=0.0464348
