epsilon_quality=0.0701572
volume_quality=0.0442422
