epsilon_quality=0.134455
volume_quality=0.301291
