epsilon_quality=0.104573
volume_quality=0.0439959
