epsilon_quality=0.130137
volume_quality=0.310664
