epsilon_quality=0.0303126
volume_quality=0.00317576
