epsilon_quality=0.125706
volume_quality=0.252565
