epsilon_quality=0.0646065
volume_quality=0.0262159
