epsilon_quality=0.0526083
volume_quality=0.0418648
