epsilon_quality=0.149775
volume_quality=0.423588
