epsilon_quality=0.0956213
volume_quality=0.28442
