epsilon_quality=0.0504247
volume_quality=0.00393276
