epsilon_quality=0.0379058
volume_quality=0.0157123
