epsilon_quality=0.0634403
volume_quality=0.0129461
