epsilon_quality=0.0358705
volume_quality=0.00374211
