epsilon_quality=0.0439557
volume_quality=0.0189315
