epsilon_quality=0.0701547
volume_quality=0.0347266
