epsilon_quality=0.0290843
volume_quality=0.0320903
