epsilon_quality=0.114007
volume_quality=0.364547
