epsilon_quality=0.0699283
volume_quality=0.403259
