epsilon_quality=0.0283519
volume_quality=0.00727219
