epsilon_quality=0.120423
volume_quality=1.04087
