epsilon_quality=0.0849481
volume_quality=0.168758
