epsilon_quality=0.0750153
volume_quality=0.603497
