epsilon_quality=0.0736977
volume_quality=0.166461
