epsilon_quality=0.340913
volume_quality=1.33694
