epsilon_quality=0.191884
volume_quality=0.536383
