epsilon_quality=0.268934
volume_quality=1.39073
