epsilon_quality=0.0535326
volume_quality=0.0112879
