epsilon_quality=0.0696742
volume_quality=0.0296016
