epsilon_quality=0.015762
volume_quality=0.0402621
