epsilon_quality=0.154177
volume_quality=0.160836
