epsilon_quality=0.279429
volume_quality=0.686298
