epsilon_quality=0.143012
volume_quality=0.229539
