epsilon_quality=0.0828388
volume_quality=0.171948
