epsilon_quality=0.107319
volume_quality=0.112957
