epsilon_quality=0.0263582
volume_quality=0.0249776
