epsilon_quality=0.0446864
volume_quality=0.0702343
