epsilon_quality=0.0538245
volume_quality=0.0365636
