epsilon_quality=0.0848144
volume_quality=0.134281
