epsilon_quality=0.105898
volume_quality=0.386248
