epsilon_quality=0.0417508
volume_quality=0.016371
