epsilon_quality=0.0213385
volume_quality=0.0290321
