epsilon_quality=0.0405245
volume_quality=0.0524097
