epsilon_quality=0.00219447
volume_quality=0.0175405
