epsilon_quality=0.268366
volume_quality=1.39685
