gpsEpsilon=0
gpsVolume=2.42092e-322
mQualEpsilon=1.36325
mQualVolume=42.101
new_planned_energy=-1.36325
