gpsEpsilon=0
gpsVolume=2.42092e-322
mQualEpsilon=1.81696
mQualVolume=52.3287
new_planned_energy=-1.81696
