gpsEpsilon=0
gpsVolume=2.42092e-322
mQualEpsilon=1.81531
mQualVolume=52.6181
new_planned_energy=-1.81531
