gpsEpsilon=0
gpsVolume=2.42092e-322
mQualEpsilon=1.63658
mQualVolume=47.7743
new_planned_energy=17.3743
