gpsEpsilon=0.75468
gpsVolume=2.42092e-322
mQualEpsilon=1.49267
mQualVolume=54.9995
new_planned_energy=25.4212
