gpsEpsilon=0.75468
gpsVolume=2.42092e-322
mQualEpsilon=-1
mQualVolume=27.8112
new_planned_energy=12.7591
