gpsEpsilon=0
gpsVolume=2.42092e-322
mQualEpsilon=1.42181
mQualVolume=43.7181
new_planned_energy=19.5168
