gpsEpsilon=0
gpsVolume=2.42092e-322
mQualEpsilon=-1
mQualVolume=0.00269261
new_planned_energy=53.3012
