gpsEpsilon=0.755922
gpsVolume=2.42092e-322
mQualEpsilon=0.818989
mQualVolume=36.0905
new_planned_energy=-0.818989
