gpsEpsilon=0.755922
gpsVolume=2.42092e-322
mQualEpsilon=1.45553
mQualVolume=44.2363
new_planned_energy=-1.45553
