gpsEpsilon=0.755922
gpsVolume=2.42092e-322
mQualEpsilon=0.847076
mQualVolume=36.4567
new_planned_energy=-0.847076
