gpsEpsilon=0.755922
gpsVolume=2.42092e-322
mQualEpsilon=0.770338
mQualVolume=35.2031
new_planned_energy=16.0452
