gpsEpsilon=0.755922
gpsVolume=2.42092e-322
mQualEpsilon=0.916056
mQualVolume=37.9804
new_planned_energy=-0.916056
