gpsEpsilon=0
gpsVolume=2.42092e-322
mQualEpsilon=1.34772
mQualVolume=43.2226
new_planned_energy=-1.34772
