gpsEpsilon=0
gpsVolume=2.42092e-322
mQualEpsilon=1.36439
mQualVolume=43.5094
new_planned_energy=-1.36439
