gpsEpsilon=0
gpsVolume=2.42092e-322
mQualEpsilon=1.33077
mQualVolume=42.9936
new_planned_energy=-1.33077
