gpsEpsilon=0
gpsVolume=2.42092e-322
mQualEpsilon=1.39895
mQualVolume=44.0113
new_planned_energy=-1.39895
