gpsEpsilon=0
gpsVolume=2.42092e-322
mQualEpsilon=1.34746
mQualVolume=43.1931
new_planned_energy=-1.34746
