gpsEpsilon=0
gpsVolume=2.42092e-322
mQualEpsilon=1.34224
mQualVolume=43.2265
new_planned_energy=-1.34224
