gpsEpsilon=0
gpsVolume=0
mQualEpsilon=0.0132638
mQualVolume=0.00588078
new_planned_energy=16.768
