gpsEpsilon=0
gpsVolume=0.0078125
mQualEpsilon=-1
mQualVolume=4.39647e-05
new_planned_energy=51.6934
