gpsEpsilon=1.85562e-315
gpsVolume=1.85562e-315
mQualEpsilon=1.67625
mQualVolume=46.9802
new_planned_energy=-1.67625
