gpsEpsilon=1.85562e-315
gpsVolume=1.85562e-315
mQualEpsilon=1.33508
mQualVolume=42.0435
new_planned_energy=-1.33508
