gpsEpsilon=1.85562e-315
gpsVolume=1.85562e-315
mQualEpsilon=1.72442
mQualVolume=47.2096
new_planned_energy=-1.72442
