gpsEpsilon=1.85562e-315
gpsVolume=1.85562e-315
mQualEpsilon=1.5437
mQualVolume=43.5233
new_planned_energy=-1.5437
