gpsEpsilon=1.85562e-315
gpsVolume=1.85562e-315
mQualEpsilon=1.58587
mQualVolume=46.0424
new_planned_energy=-1.58587
