gpsEpsilon=0.755922
gpsVolume=2.42092e-322
mQualEpsilon=1.41803
mQualVolume=40.8659
new_planned_energy=-1.41803
