gpsEpsilon=0.755922
gpsVolume=2.42092e-322
mQualEpsilon=1.77986
mQualVolume=48.1826
new_planned_energy=28.3943
