gpsEpsilon=0.755922
gpsVolume=2.42092e-322
mQualEpsilon=1.40664
mQualVolume=40.7755
new_planned_energy=28.6458
