gpsEpsilon=0.755922
gpsVolume=2.42092e-322
mQualEpsilon=1.41691
mQualVolume=40.8488
new_planned_energy=-1.41691
