gpsEpsilon=0.75468
gpsVolume=2.42092e-322
mQualEpsilon=1.46963
mQualVolume=46.1571
new_planned_energy=16.8488
