gpsEpsilon=0.75468
gpsVolume=2.42092e-322
mQualEpsilon=1.80616
mQualVolume=50.4729
new_planned_energy=-1.80616
