gpsEpsilon=0.75468
gpsVolume=2.42092e-322
mQualEpsilon=-1
mQualVolume=2.30074e-05
new_planned_energy=31.0494
