gpsEpsilon=0.75468
gpsVolume=2.42092e-322
mQualEpsilon=1.80407
mQualVolume=50.1008
new_planned_energy=-1.80407
