gpsEpsilon=0
gpsVolume=2.42092e-322
mQualEpsilon=1.54734
mQualVolume=44.5655
new_planned_energy=-1.54734
