gpsEpsilon=0
gpsVolume=2.42092e-322
mQualEpsilon=1.52405
mQualVolume=44.4552
new_planned_energy=-1.52405
