gpsEpsilon=0
gpsVolume=2.42092e-322
mQualEpsilon=1.44739
mQualVolume=46.6038
new_planned_energy=-1.44739
