gpsEpsilon=0
gpsVolume=2.42092e-322
mQualEpsilon=1.22671
mQualVolume=41.915
new_planned_energy=-1.22671
