gpsEpsilon=0
gpsVolume=2.42092e-322
mQualEpsilon=1.24278
mQualVolume=42.079
new_planned_energy=-1.24278
