gpsEpsilon=0.75468
gpsVolume=2.42092e-322
mQualEpsilon=1.78767
mQualVolume=47.6147
new_planned_energy=-1.78767
