gpsEpsilon=0
gpsVolume=2.42092e-322
mQualEpsilon=1.61722
mQualVolume=48.269
new_planned_energy=18.0179
