epsilon_quality=0.168184
volume_quality=1.44292
