epsilon_quality=0.00445626
volume_quality=0.0785702
