epsilon_quality=0.344618
volume_quality=2.19508
