epsilon_quality=0.286287
volume_quality=0.840228
