epsilon_quality=0.030898
volume_quality=0.0244601
