epsilon_quality=0.0974713
volume_quality=0.37636
