epsilon_quality=0.190453
volume_quality=0.522967
