epsilon_quality=0.00863846
volume_quality=0.0018826
