epsilon_quality=0.193892
volume_quality=0.42333
