epsilon_quality=0.172707
volume_quality=0.411728
