epsilon_quality=0.200844
volume_quality=0.435714
