epsilon_quality=0.196185
volume_quality=0.423165
