epsilon_quality=0.181374
volume_quality=0.498328
