gpsEpsilon=1.57045e-315
gpsVolume=0
mQualEpsilon=0.0279048
mQualVolume=0.00399723
new_planned_energy=38.6558
