gpsEpsilon=11.8267
gpsVolume=34.5211
mQualEpsilon=0.0432385
mQualVolume=0.0165109
new_planned_energy=51.9529
