gpsEpsilon=13.9061
gpsVolume=34.5211
mQualEpsilon=0.0171344
mQualVolume=0.000144386
new_planned_energy=75.7167
