gpsEpsilon=17.2817
gpsVolume=164.199
mQualEpsilon=0.0512616
mQualVolume=0.0714049
new_planned_energy=76.6901
