gpsEpsilon=9.4551
gpsVolume=69.1728
mQualEpsilon=0.00750551
mQualVolume=0.00302033
new_planned_energy=78.4144
