gpsEpsilon=1.07298e-315
gpsVolume=0
mQualEpsilon=0.00450803
mQualVolume=0.00501786
new_planned_energy=59.7717
