gpsEpsilon=1.57301e-315
gpsVolume=0
mQualEpsilon=-1
mQualVolume=0.00534966
new_planned_energy=44.1748
