epsilon_quality=0.133775
volume_quality=0.189484
