epsilon_quality=0.0675351
volume_quality=0.0235762
