epsilon_quality=0.0328551
volume_quality=0.0168561
