epsilon_quality=0.0607366
volume_quality=0.151721
