epsilon_quality=0.131776
volume_quality=0.0983478
