epsilon_quality=0.217507
volume_quality=0.517282
