epsilon_quality=0.00401153
volume_quality=0.00858039
