epsilon_quality=0.0465751
volume_quality=0.0116892
