epsilon_quality=0.0559254
volume_quality=0.0181559
