epsilon_quality=0.271313
volume_quality=0.474898
