epsilon_quality=0.0270889
volume_quality=0.0402419
