epsilon_quality=0.0160468
volume_quality=0.0233085
