epsilon_quality=0.106922
volume_quality=0.146655
