epsilon_quality=0.0540007
volume_quality=0.0536618
