epsilon_quality=0.147954
volume_quality=0.073881
