epsilon_quality=0.0298238
volume_quality=0.0542461
