epsilon_quality=0.0615068
volume_quality=0.139643
