epsilon_quality=0.0153241
volume_quality=0.0549733
