epsilon_quality=0.0487825
volume_quality=0.0198892
