epsilon_quality=0.166556
volume_quality=1.49301
