epsilon_quality=0.0918135
volume_quality=0.642575
