epsilon_quality=0.102554
volume_quality=0.933211
