epsilon_quality=0.0243822
volume_quality=0.639162
