epsilon_quality=0.147251
volume_quality=0.175071
