epsilon_quality=0.0452465
volume_quality=0.0316242
