epsilon_quality=0.0723188
volume_quality=0.0294141
