gpsEpsilon=30.9768
gpsVolume=0.689936
mQualEpsilon=1.72016
mQualVolume=47.6059
new_planned_energy=24.9615
