gpsEpsilon=30.9768
gpsVolume=0.689936
mQualEpsilon=1.86015
mQualVolume=48.5877
new_planned_energy=29.7239
