gpsEpsilon=1.18576e-321
gpsVolume=3.95253e-322
mQualEpsilon=-1
mQualVolume=0.00614623
new_planned_energy=60.3319
