gpsEpsilon=-1
gpsVolume=1
mQualEpsilon=0.0427872
mQualVolume=0.00347406
new_planned_energy=24.8459
