gpsEpsilon=4.96547e-312
gpsVolume=-nan
mQualEpsilon=0.0160729
mQualVolume=0.003306
new_planned_energy=71.1576
