gpsEpsilon=34.3751
gpsVolume=57.7959
mQualEpsilon=0.00304861
mQualVolume=0.00270657
new_planned_energy=32.5695
