gpsEpsilon=8.06287e-316
gpsVolume=0
mQualEpsilon=0.021163
mQualVolume=0.000529542
new_planned_energy=42.4271
