gpsEpsilon=1.28022e-315
gpsVolume=0
mQualEpsilon=0.00997273
mQualVolume=0.00233834
new_planned_energy=32.1847
