gpsEpsilon=1.12008e-315
gpsVolume=0
mQualEpsilon=-1
mQualVolume=0.00161851
new_planned_energy=52.3201
