gpsEpsilon=8.31553e-316
gpsVolume=0
mQualEpsilon=-1
mQualVolume=0.00105382
new_planned_energy=66.697
