gpsEpsilon=1.37623e-315
gpsVolume=0
mQualEpsilon=0.0182204
mQualVolume=0.000573646
new_planned_energy=69.9712
