gpsEpsilon=7.28597e-316
gpsVolume=0
mQualEpsilon=0.0270907
mQualVolume=0.00245571
new_planned_energy=32.9002
