epsilon_quality=0.0429169
volume_quality=0.0147617
