epsilon_quality=0.00982891
volume_quality=0.0362051
