epsilon_quality=0.0478877
volume_quality=0.0988394
