epsilon_quality=0.0471311
volume_quality=0.0777857
