gpsEpsilon=136.993
gpsVolume=179.959
mQualEpsilon=0.0474866
mQualVolume=0.00758203
new_planned_energy=12.8291
