gpsEpsilon=0
gpsVolume=1.19986e-315
mQualEpsilon=0.0514889
mQualVolume=0.00463437
new_planned_energy=22.5228
