gpsEpsilon=75.8505
gpsVolume=125.272
mQualEpsilon=0.0293661
mQualVolume=0.0210877
new_planned_energy=23.1151
