gpsEpsilon=120.156
gpsVolume=147.71
mQualEpsilon=0.0220282
mQualVolume=0.00914821
new_planned_energy=73.7925
