gpsEpsilon=136.039
gpsVolume=99.4773
mQualEpsilon=0.0195611
mQualVolume=0.00458741
new_planned_energy=104.703
