gpsEpsilon=184.285
gpsVolume=236.624
mQualEpsilon=0.0175891
mQualVolume=0.00567967
new_planned_energy=38.8782
