gpsEpsilon=1.3825e-315
gpsVolume=0.00940061
mQualEpsilon=0.0257418
mQualVolume=0.00389137
new_planned_energy=50.1062
