gpsEpsilon=47.212
gpsVolume=127
mQualEpsilon=1.66391
mQualVolume=46.1615
new_planned_energy=-1.66391
