gpsEpsilon=47.212
gpsVolume=127
mQualEpsilon=0.0477804
mQualVolume=0.0029996
new_planned_energy=42.4306
