gpsEpsilon=47.212
gpsVolume=127
mQualEpsilon=1.66776
mQualVolume=47.8304
new_planned_energy=-1.66776
