gpsEpsilon=26.5775
gpsVolume=126.451
mQualEpsilon=0.0544535
mQualVolume=0.00442278
new_planned_energy=33.6865
