gpsEpsilon=24.0464
gpsVolume=126.137
mQualEpsilon=0.0627588
mQualVolume=0.00614665
new_planned_energy=47.8263
