gpsEpsilon=114.493
gpsVolume=151.531
mQualEpsilon=2.15344e-05
mQualVolume=0.000696741
new_planned_energy=71.1739
