gpsEpsilon=136.804
gpsVolume=179.093
mQualEpsilon=1.81694
mQualVolume=48.5797
new_planned_energy=-1.81694
