gpsEpsilon=136.804
gpsVolume=179.093
mQualEpsilon=1.79422
mQualVolume=46.8907
new_planned_energy=-1.79422
