gpsEpsilon=136.804
gpsVolume=179.093
mQualEpsilon=1.84151
mQualVolume=48.6878
new_planned_energy=-1.84151
