gpsEpsilon=136.804
gpsVolume=179.093
mQualEpsilon=1.84085
mQualVolume=48.7954
new_planned_energy=-1.84085
