gpsEpsilon=100.06
gpsVolume=123.143
mQualEpsilon=0.0358382
mQualVolume=0.00406588
new_planned_energy=55.195
