epsilon_quality=0.0469103
volume_quality=0.0280213
