epsilon_quality=0.050377
volume_quality=0.0577989
