epsilon_quality=0.117992
volume_quality=0.0502714
