epsilon_quality=0.11876
volume_quality=0.135793
