epsilon_quality=0.0886956
volume_quality=0.0809786
