epsilon_quality=0.0648482
volume_quality=0.0625196
