epsilon_quality=0.0843535
volume_quality=0.50006
