epsilon_quality=0.104121
volume_quality=0.0752385
