epsilon_quality=0.209843
volume_quality=0.782882
