epsilon_quality=0.0851622
volume_quality=0.0602826
