epsilon_quality=0.11249
volume_quality=0.217094
