epsilon_quality=0.0655346
volume_quality=0.0721807
