epsilon_quality=0.00860056
volume_quality=0.59262
