epsilon_quality=0.0730158
volume_quality=0.0885153
