epsilon_quality=0.108223
volume_quality=0.0701667
