epsilon_quality=0.065643
volume_quality=0.0199782
