epsilon_quality=0.104291
volume_quality=0.103024
