epsilon_quality=0.0409796
volume_quality=0.0414163
