epsilon_quality=0.016621
volume_quality=0.0248282
