epsilon_quality=0.0462445
volume_quality=0.0368907
