epsilon_quality=0.0507217
volume_quality=0.010757
