epsilon_quality=0.0426217
volume_quality=0.0393746
