epsilon_quality=0.0923756
volume_quality=0.115388
