epsilon_quality=0.0691815
volume_quality=0.0605865
