epsilon_quality=0.250922
volume_quality=0.572889
