epsilon_quality=0.120591
volume_quality=0.306066
