epsilon_quality=0.14912
volume_quality=0.304198
