epsilon_quality=0.0962118
volume_quality=0.333439
