epsilon_quality=0.0191575
volume_quality=0.131245
