epsilon_quality=0.019036
volume_quality=0.018408
