epsilon_quality=0.110394
volume_quality=0.0862199
