epsilon_quality=0.0475415
volume_quality=0.0777407
