epsilon_quality=0.0952042
volume_quality=0.533642
