epsilon_quality=0.0301096
volume_quality=0.0203511
