epsilon_quality=0.11344
volume_quality=0.264371
