epsilon_quality=0.139609
volume_quality=0.784039
