epsilon_quality=0.0803271
volume_quality=0.0639182
