epsilon_quality=0.156447
volume_quality=0.303282
