epsilon_quality=0.00553263
volume_quality=0.0221825
