epsilon_quality=0.048749
volume_quality=0.0711481
