epsilon_quality=0.0585551
volume_quality=0.0424456
