epsilon_quality=0.0919964
volume_quality=0.0623149
