epsilon_quality=0.0260664
volume_quality=0.00537345
