epsilon_quality=0.0312438
volume_quality=0.00287657
