epsilon_quality=0.0815894
volume_quality=0.174706
