epsilon_quality=0.294888
volume_quality=0.907634
