epsilon_quality=0.319719
volume_quality=0.600674
