epsilon_quality=0.259519
volume_quality=0.620285
