epsilon_quality=0.0432637
volume_quality=0.016541
