epsilon_quality=0.168905
volume_quality=0.381023
