epsilon_quality=0.148283
volume_quality=0.131537
