epsilon_quality=0.133191
volume_quality=0.248859
