epsilon_quality=0.101906
volume_quality=0.26744
