epsilon_quality=0.0803729
volume_quality=0.061244
