epsilon_quality=0.0230114
volume_quality=0.00160768
