epsilon_quality=0.021195
volume_quality=0.0670828
