epsilon_quality=0.0236074
volume_quality=0.00372924
