epsilon_quality=0.0984947
volume_quality=0.152933
