epsilon_quality=0.0859432
volume_quality=0.0499371
