epsilon_quality=0.0152132
volume_quality=0.00146169
