epsilon_quality=0.0392482
volume_quality=0.0249986
