epsilon_quality=0.15242
volume_quality=0.36864
