epsilon_quality=0.0274906
volume_quality=0.00907926
