epsilon_quality=0.076426
volume_quality=0.00914358
