epsilon_quality=0.0965876
volume_quality=0.123108
