epsilon_quality=0.0799152
volume_quality=0.0891437
