epsilon_quality=0.226498
volume_quality=0.344845
