epsilon_quality=0.190185
volume_quality=0.19915
