epsilon_quality=0.122058
volume_quality=0.17142
