epsilon_quality=0.101116
volume_quality=0.0796406
