epsilon_quality=0.207293
volume_quality=0.501695
