epsilon_quality=0.117671
volume_quality=0.137629
