epsilon_quality=0.151175
volume_quality=0.377018
