epsilon_quality=0.0379632
volume_quality=0.278139
