epsilon_quality=0.121185
volume_quality=0.143809
