epsilon_quality=0.217254
volume_quality=0.934015
