epsilon_quality=0.12347
volume_quality=0.435843
