epsilon_quality=0.152111
volume_quality=0.234125
