epsilon_quality=0.200494
volume_quality=0.260013
