epsilon_quality=0.170841
volume_quality=0.41923
