epsilon_quality=0.00549251
volume_quality=0.743717
