epsilon_quality=0.131282
volume_quality=0.829201
