epsilon_quality=0.31892
volume_quality=1.84829
