epsilon_quality=0.0486847
volume_quality=0.174566
