epsilon_quality=0.15749
volume_quality=0.170863
