epsilon_quality=0.0591854
volume_quality=0.0370561
