epsilon_quality=0.073238
volume_quality=0.0349328
