epsilon_quality=0.0470635
volume_quality=0.0154854
