epsilon_quality=0.038462
volume_quality=0.0241629
