epsilon_quality=0.00274093
volume_quality=0.00230275
