epsilon_quality=0.0426829
volume_quality=0.00440697
