epsilon_quality=0.02999
volume_quality=0.0405704
