epsilon_quality=0.0660791
volume_quality=0.0884578
