epsilon_quality=0.113084
volume_quality=0.149641
