gpsEpsilon=2.00057
gpsVolume=-0.230016
mQualEpsilon=0.0868344
mQualVolume=0.0289227
new_planned_energy=30.2203
