gpsEpsilon=197.797
gpsVolume=79.7321
mQualEpsilon=0.0353315
mQualVolume=0.00315316
new_planned_energy=71.9853
