gpsEpsilon=67.911
gpsVolume=140.226
mQualEpsilon=1.84584
mQualVolume=56.9052
new_planned_energy=-1.84584
