gpsEpsilon=67.911
gpsVolume=140.226
mQualEpsilon=1.72869
mQualVolume=56.1498
new_planned_energy=-1.72869
