gpsEpsilon=67.911
gpsVolume=140.226
mQualEpsilon=1.85611
mQualVolume=56.8077
new_planned_energy=-1.85611
