gpsEpsilon=67.911
gpsVolume=140.226
mQualEpsilon=1.70242
mQualVolume=55.9392
new_planned_energy=-1.70242
