gpsEpsilon=67.911
gpsVolume=140.226
mQualEpsilon=1.78618
mQualVolume=57.2193
new_planned_energy=-1.78618
