gpsEpsilon=84.1668
gpsVolume=0.446776
mQualEpsilon=0.00540319
mQualVolume=0.00235416
new_planned_energy=40.5174
