gpsEpsilon=19.9821
gpsVolume=-0.0276792
mQualEpsilon=-1
mQualVolume=0.00355597
new_planned_energy=41.822
