gpsEpsilon=0.450374
gpsVolume=-0.0587886
mQualEpsilon=1.64075
mQualVolume=45.8008
new_planned_energy=10.6426
