gpsEpsilon=0.450374
gpsVolume=-0.0587886
mQualEpsilon=1.64851
mQualVolume=45.7203
new_planned_energy=10.3208
