gpsEpsilon=17.23
gpsVolume=31.8491
mQualEpsilon=0.0227388
mQualVolume=0.00299253
new_planned_energy=35.0211
