gpsEpsilon=1.06107e-315
gpsVolume=0
mQualEpsilon=1.58497
mQualVolume=43.2382
new_planned_energy=-1.58497
