gpsEpsilon=1.06107e-315
gpsVolume=0
mQualEpsilon=1.62091
mQualVolume=46.2468
new_planned_energy=-1.62091
