gpsEpsilon=1.06107e-315
gpsVolume=0
mQualEpsilon=1.67585
mQualVolume=44.811
new_planned_energy=-1.67585
