gpsEpsilon=1.06107e-315
gpsVolume=0
mQualEpsilon=1.66231
mQualVolume=46.0273
new_planned_energy=-1.66231
