gpsEpsilon=1.06107e-315
gpsVolume=0
mQualEpsilon=1.57753
mQualVolume=43.4893
new_planned_energy=-1.57753
