gpsEpsilon=1.06107e-315
gpsVolume=0
mQualEpsilon=1.64246
mQualVolume=47.1914
new_planned_energy=-1.64246
