gpsEpsilon=12.9136
gpsVolume=20.697
mQualEpsilon=0.0658737
mQualVolume=0.0109173
new_planned_energy=36.0413
