gpsEpsilon=13.5595
gpsVolume=19.6356
mQualEpsilon=0.0360062
mQualVolume=0.00363323
new_planned_energy=39.5067
