gpsEpsilon=15.6658
gpsVolume=19.6356
mQualEpsilon=0.055767
mQualVolume=0.00227589
new_planned_energy=66.3724
