gpsEpsilon=13.53
gpsVolume=18.6125
mQualEpsilon=0.0359913
mQualVolume=0.00408249
new_planned_energy=15.8449
