gpsEpsilon=-6.21518
gpsVolume=0
mQualEpsilon=1.78773
mQualVolume=52.0408
new_planned_energy=-1.78773
