gpsEpsilon=-6.21518
gpsVolume=0
mQualEpsilon=1.78071
mQualVolume=52.6082
new_planned_energy=-1.78071
