gpsEpsilon=-6.21518
gpsVolume=0
mQualEpsilon=1.78097
mQualVolume=52.2656
new_planned_energy=-1.78097
