epsilon_quality=0.123304
volume_quality=0.0535482
