epsilon_quality=0.128273
volume_quality=0.089373
