epsilon_quality=0.251765
volume_quality=1.86804
