epsilon_quality=0.0929019
volume_quality=0.245063
