epsilon_quality=0.137501
volume_quality=0.395827
