epsilon_quality=0.13634
volume_quality=0.0940432
