epsilon_quality=0.00767667
volume_quality=0.0801947
