epsilon_quality=0.122245
volume_quality=0.147455
