epsilon_quality=0.0970004
volume_quality=0.26515
