epsilon_quality=0.0538975
volume_quality=0.0800123
