epsilon_quality=0.174954
volume_quality=0.633358
