epsilon_quality=0.132712
volume_quality=0.434584
