epsilon_quality=0.15096
volume_quality=0.122282
