epsilon_quality=0.0722582
volume_quality=0.037182
