epsilon_quality=0.137571
volume_quality=0.27613
