epsilon_quality=0.07345
volume_quality=0.0413575
