epsilon_quality=0.0378688
volume_quality=0.015324
