epsilon_quality=0.188561
volume_quality=0.498136
