epsilon_quality=0.182093
volume_quality=0.404275
