epsilon_quality=0.267152
volume_quality=0.952998
