epsilon_quality=0.190166
volume_quality=0.394511
