epsilon_quality=0.00652204
volume_quality=0.0364584
