epsilon_quality=0.170907
volume_quality=0.38072
