epsilon_quality=0.185039
volume_quality=1.39862
