epsilon_quality=0.149356
volume_quality=0.833366
