epsilon_quality=0.127837
volume_quality=1.39965
