epsilon_quality=0.0880535
volume_quality=2.06844
