epsilon_quality=0.156558
volume_quality=0.274108
