epsilon_quality=0.152195
volume_quality=0.544601
