epsilon_quality=0.167007
volume_quality=0.202595
