epsilon_quality=0.0666488
volume_quality=0.0714394
