epsilon_quality=0.0634936
volume_quality=0.0357211
