epsilon_quality=0.0303744
volume_quality=0.0132515
