epsilon_quality=0.0998275
volume_quality=0.0892497
