epsilon_quality=0.0454478
volume_quality=0.0971607
