epsilon_quality=0.0490258
volume_quality=0.00771476
