epsilon_quality=0.0157732
volume_quality=0.126548
