epsilon_quality=0.0129665
volume_quality=0.0200874
