epsilon_quality=0.0411026
volume_quality=0.0165012
