epsilon_quality=0.168673
volume_quality=0.634047
