epsilon_quality=0.000959425
volume_quality=0.027432
