epsilon_quality=0.0712101
volume_quality=0.0661182
