epsilon_quality=0.0898294
volume_quality=0.0830735
