epsilon_quality=0.0951974
volume_quality=0.0576586
