epsilon_quality=0.197901
volume_quality=0.134999
