epsilon_quality=0.140298
volume_quality=0.447267
