epsilon_quality=0.0657288
volume_quality=0.0554178
