epsilon_quality=0.0452504
volume_quality=0.0198017
