gpsEpsilon=120.415
gpsVolume=246.001
mQualEpsilon=0.0144101
mQualVolume=0.0060853
new_planned_energy=31.6944
