gpsEpsilon=132.189
gpsVolume=246.945
mQualEpsilon=0.0163918
mQualVolume=0.0013611
new_planned_energy=33.938
