gpsEpsilon=157.15
gpsVolume=138.714
mQualEpsilon=0.0225522
mQualVolume=0.0108095
new_planned_energy=25.7791
