gpsEpsilon=25.5265
gpsVolume=47.1251
mQualEpsilon=0.00168741
mQualVolume=0.00271287
new_planned_energy=64.4967
