gpsEpsilon=4.79205e-316
gpsVolume=-0.018974
mQualEpsilon=-1
mQualVolume=0
new_planned_energy=27.0968
