gpsEpsilon=7.51145e-316
gpsVolume=0.26516
mQualEpsilon=0.0355757
mQualVolume=0.00473965
new_planned_energy=84.9777
