gpsEpsilon=0
gpsVolume=2.42092e-322
mQualEpsilon=0.0206332
mQualVolume=0.000989836
new_planned_energy=46.2659
