gpsEpsilon=173.399
gpsVolume=244.779
mQualEpsilon=1.57869
mQualVolume=57.6798
new_planned_energy=-1.57869
