gpsEpsilon=173.399
gpsVolume=244.779
mQualEpsilon=0.0533833
mQualVolume=0.0154787
new_planned_energy=14.215
