gpsEpsilon=173.399
gpsVolume=244.779
mQualEpsilon=1.62928
mQualVolume=57.3909
new_planned_energy=-1.62928
