epsilon_quality=0.27589
volume_quality=3.20478
