epsilon_quality=0.00949731
volume_quality=0.0135071
