epsilon_quality=0.0502519
volume_quality=0.0240101
