epsilon_quality=0.162658
volume_quality=0.620406
