epsilon_quality=0.0209114
volume_quality=0.00115938
