epsilon_quality=0.0216182
volume_quality=0.00137709
