epsilon_quality=0.0838363
volume_quality=0.0389539
