epsilon_quality=0.196853
volume_quality=0.736077
