epsilon_quality=0.181401
volume_quality=0.686239
