epsilon_quality=0.0718776
volume_quality=0.0296646
