epsilon_quality=0.03068
volume_quality=0.00606997
