epsilon_quality=0.0447543
volume_quality=0.0392259
