epsilon_quality=0.0311805
volume_quality=0.0401102
