epsilon_quality=0.0241785
volume_quality=0.011196
