epsilon_quality=0.187955
volume_quality=0.255309
