epsilon_quality=0.0435713
volume_quality=0.0120719
