epsilon_quality=0.0565689
volume_quality=0.0333807
