epsilon_quality=0.0442597
volume_quality=0.0530254
