epsilon_quality=0.048987
volume_quality=0.0289186
