epsilon_quality=0.142531
volume_quality=0.147107
