epsilon_quality=0.110541
volume_quality=0.362777
