epsilon_quality=0.187997
volume_quality=0.294584
