epsilon_quality=0.211171
volume_quality=0.28923
