gpsEpsilon=1.25272e-315
gpsVolume=0
mQualEpsilon=0.0445683
mQualVolume=0.00588801
new_planned_energy=51.7083
