gpsEpsilon=8.83346
gpsVolume=167.063
mQualEpsilon=-1
mQualVolume=0.0022198
new_planned_energy=61.9882
