gpsEpsilon=8.0788
gpsVolume=172.842
mQualEpsilon=0.00695513
mQualVolume=0.0019469
new_planned_energy=61.9835
