gpsEpsilon=8.0788
gpsVolume=172.842
mQualEpsilon=1.28573
mQualVolume=45.4923
new_planned_energy=-1.28573
