gpsEpsilon=1.35464e-315
gpsVolume=0
mQualEpsilon=0.00386211
mQualVolume=0.000219644
new_planned_energy=74.7052
