gpsEpsilon=1.17469e-315
gpsVolume=0
mQualEpsilon=0.0181416
mQualVolume=0.000379322
new_planned_energy=61.1069
