gpsEpsilon=1.40321e-315
gpsVolume=0
mQualEpsilon=0.0180467
mQualVolume=0.0115036
new_planned_energy=36.6885
