gpsEpsilon=18.1713
gpsVolume=60.9285
mQualEpsilon=0.0600077
mQualVolume=0.0031925
new_planned_energy=79.8412
