gpsEpsilon=13.0902
gpsVolume=57.5064
mQualEpsilon=0.0173294
mQualVolume=0.000330917
new_planned_energy=49.8637
