gpsEpsilon=10.4978
gpsVolume=59.4766
mQualEpsilon=0.036599
mQualVolume=0.00288908
new_planned_energy=40.2438
