gpsEpsilon=9.66826
gpsVolume=52.7365
mQualEpsilon=-1
mQualVolume=0.00550777
new_planned_energy=62.9874
