gpsEpsilon=14.542
gpsVolume=45.0629
mQualEpsilon=0.0124144
mQualVolume=0.00309443
new_planned_energy=85.4073
