gpsEpsilon=1.11829e-315
gpsVolume=0
mQualEpsilon=-1
mQualVolume=0.0017764
new_planned_energy=43.988
