epsilon_quality=0.0755946
volume_quality=0.0216847
