epsilon_quality=0.204806
volume_quality=0.364057
