epsilon_quality=0.0603733
volume_quality=0.161258
