epsilon_quality=0.053159
volume_quality=0.0669644
