epsilon_quality=0.0376938
volume_quality=0.00865224
