epsilon_quality=0.04912
volume_quality=0.0149464
