epsilon_quality=0.0480495
volume_quality=0.0100844
