epsilon_quality=1.73472e-17
volume_quality=0.00496205
