epsilon_quality=0.0197324
volume_quality=0.0273879
