epsilon_quality=0.193123
volume_quality=0.847625
