epsilon_quality=0.244218
volume_quality=1.91625
