epsilon_quality=0.0724317
volume_quality=0.0105767
