gpsEpsilon=236.929
gpsVolume=120.244
mQualEpsilon=0.0496125
mQualVolume=0.00957883
new_planned_energy=94.9202
