gpsEpsilon=27.606
gpsVolume=213.456
mQualEpsilon=0.037535
mQualVolume=0.0196216
new_planned_energy=75.5906
