gpsEpsilon=27.3665
gpsVolume=242.42
mQualEpsilon=0.031016
mQualVolume=0.00874534
new_planned_energy=61.691
