gpsEpsilon=7.32662e-316
gpsVolume=-0.123118
mQualEpsilon=0.0182022
mQualVolume=0.00554707
new_planned_energy=58.7122
