gpsEpsilon=1.01655e-315
gpsVolume=0
mQualEpsilon=0.0157856
mQualVolume=0.0225903
new_planned_energy=94.2167
