epsilon_quality=0.127996
volume_quality=0.286241
