epsilon_quality=0.0601166
volume_quality=0.0226988
