epsilon_quality=0.117603
volume_quality=0.113092
