epsilon_quality=0.100199
volume_quality=0.118825
