epsilon_quality=0.00763163
volume_quality=0.0544795
