epsilon_quality=0.0276568
volume_quality=0.00726167
