epsilon_quality=0.120717
volume_quality=0.105263
