epsilon_quality=0.0653704
volume_quality=0.0541372
