epsilon_quality=0.0329447
volume_quality=0.00417881
