epsilon_quality=0.0364034
volume_quality=0.0159272
