epsilon_quality=0.0157356
volume_quality=0.0116533
