epsilon_quality=0.0186821
volume_quality=0.00683148
