epsilon_quality=0.0172301
volume_quality=0.0054051
