epsilon_quality=0.0386488
volume_quality=0.0128416
