epsilon_quality=0.149647
volume_quality=0.617436
