epsilon_quality=0.0210207
volume_quality=0.00303372
