epsilon_quality=0.0395569
volume_quality=0.00195173
