epsilon_quality=0.160794
volume_quality=0.268811
