epsilon_quality=0.197457
volume_quality=0.31125
