epsilon_quality=0.0721278
volume_quality=0.0524659
