epsilon_quality=0.0434463
volume_quality=0.0037562
