epsilon_quality=0.051588
volume_quality=0.0203518
