gpsEpsilon=1.30741e-315
gpsVolume=-0.0289208
mQualEpsilon=0.0230581
mQualVolume=0.0241523
new_planned_energy=72.7946
