gpsEpsilon=0
gpsVolume=63.1264
mQualEpsilon=0.0334885
mQualVolume=0.00723095
new_planned_energy=42.66
