gpsEpsilon=10.73
gpsVolume=-3.17426
mQualEpsilon=-1
mQualVolume=0.00358144
new_planned_energy=41.7619
