gpsEpsilon=2.37152e-322
gpsVolume=3.95253e-322
mQualEpsilon=-1
mQualVolume=0.00395768
new_planned_energy=28.9425
