gpsEpsilon=2.37152e-322
gpsVolume=3.95253e-322
mQualEpsilon=-1
mQualVolume=0.00187216
new_planned_energy=48.8267
