gpsEpsilon=37.1663
gpsVolume=47.2981
mQualEpsilon=1.56317
mQualVolume=57.3485
new_planned_energy=-1.56317
