gpsEpsilon=37.1663
gpsVolume=47.2981
mQualEpsilon=1.48941
mQualVolume=57.2276
new_planned_energy=-1.48941
