gpsEpsilon=1.60312e-315
gpsVolume=0
mQualEpsilon=1.83182
mQualVolume=47.1354
new_planned_energy=-1.83182
