gpsEpsilon=1.60312e-315
gpsVolume=0
mQualEpsilon=1.75729
mQualVolume=46.558
new_planned_energy=-1.75729
