gpsEpsilon=1.60312e-315
gpsVolume=0
mQualEpsilon=1.74413
mQualVolume=46.5939
new_planned_energy=-1.74413
