gpsEpsilon=1.60312e-315
gpsVolume=0
mQualEpsilon=1.68552
mQualVolume=43.2902
new_planned_energy=-1.68552
