gpsEpsilon=1.20453e-315
gpsVolume=0
mQualEpsilon=1.54464
mQualVolume=44.0323
new_planned_energy=-1.54464
