gpsEpsilon=1.20453e-315
gpsVolume=0
mQualEpsilon=1.65411
mQualVolume=48.2136
new_planned_energy=-1.65411
