gpsEpsilon=1.20453e-315
gpsVolume=0
mQualEpsilon=1.55741
mQualVolume=45.6302
new_planned_energy=10.7069
