gpsEpsilon=1.32581e-315
gpsVolume=0
mQualEpsilon=-1
mQualVolume=0.0118883
new_planned_energy=54.3791
