gpsEpsilon=1.29814e-315
gpsVolume=0
mQualEpsilon=0.0395656
mQualVolume=0.00447015
new_planned_energy=19.8535
