gpsEpsilon=1.29814e-315
gpsVolume=0
mQualEpsilon=1.62765
mQualVolume=58.5454
new_planned_energy=11.0104
