gpsEpsilon=1.29814e-315
gpsVolume=0
mQualEpsilon=1.59334
mQualVolume=57.7961
new_planned_energy=-1.59334
