gpsEpsilon=27.035
gpsVolume=40.1724
mQualEpsilon=0.00969902
mQualVolume=0.00530638
new_planned_energy=32.7829
