gpsEpsilon=1.56572e-315
gpsVolume=0
mQualEpsilon=0.0197968
mQualVolume=0.00292308
new_planned_energy=22.1519
