gpsEpsilon=1.56572e-315
gpsVolume=0
mQualEpsilon=1.56504
mQualVolume=58.3886
new_planned_energy=20.4873
