gpsEpsilon=1.56572e-315
gpsVolume=0
mQualEpsilon=1.54425
mQualVolume=58.3931
new_planned_energy=-1.54425
