epsilon_quality=0.0607657
volume_quality=0.0417177
