epsilon_quality=0.00358022
volume_quality=0.0307399
