epsilon_quality=0.0553353
volume_quality=0.194775
