epsilon_quality=0.0939035
volume_quality=0.0353079
