epsilon_quality=0.0758035
volume_quality=0.121826
