epsilon_quality=6.07153e-18
volume_quality=0.140978
