epsilon_quality=0.025333
volume_quality=0.116846
