epsilon_quality=0.132133
volume_quality=0.251323
