epsilon_quality=0.0554268
volume_quality=0.0184209
