epsilon_quality=0.00356981
volume_quality=0.02799
