epsilon_quality=0.0840951
volume_quality=0.0668504
