epsilon_quality=0.0456706
volume_quality=0.00317881
