epsilon_quality=0.0344452
volume_quality=0.0355468
