epsilon_quality=0.139133
volume_quality=0.505269
