epsilon_quality=0.185927
volume_quality=0.165302
