epsilon_quality=0.0749382
volume_quality=0.168541
