epsilon_quality=0.154923
volume_quality=0.30215
