epsilon_quality=0.0471153
volume_quality=0.0126457
