epsilon_quality=0.0264554
volume_quality=0.00566511
