epsilon_quality=0.283129
volume_quality=0.979403
