epsilon_quality=0.063618
volume_quality=0.113016
