epsilon_quality=0.280438
volume_quality=1.14248
