epsilon_quality=0.0506813
volume_quality=0.42081
