epsilon_quality=0.240428
volume_quality=0.679225
