epsilon_quality=0.0700126
volume_quality=0.208586
