epsilon_quality=0.273501
volume_quality=0.533243
