epsilon_quality=0.191434
volume_quality=0.493551
