epsilon_quality=0.0152029
volume_quality=0.0666603
