epsilon_quality=0.0839422
volume_quality=0.164936
