epsilon_quality=0.014958
volume_quality=0.0164978
