epsilon_quality=0.0764699
volume_quality=0.0484764
