epsilon_quality=0.161646
volume_quality=0.339564
