epsilon_quality=0.00125256
volume_quality=0.0922054
