epsilon_quality=0.0709692
volume_quality=0.041451
