epsilon_quality=0.0700376
volume_quality=0.0513753
