epsilon_quality=0.0680138
volume_quality=0.0695783
