epsilon_quality=0.127292
volume_quality=0.11884
