epsilon_quality=0.0881064
volume_quality=0.0528951
