epsilon_quality=0.0310051
volume_quality=0.0123172
