epsilon_quality=0.0313188
volume_quality=0.00648756
