epsilon_quality=0.0675212
volume_quality=2.11165
