epsilon_quality=0.244177
volume_quality=0.339137
