epsilon_quality=0.0195277
volume_quality=0.0163019
