epsilon_quality=0.0453678
volume_quality=0.0110904
