epsilon_quality=0.0327473
volume_quality=0.0127144
