epsilon_quality=0.0857011
volume_quality=0.105942
