epsilon_quality=0.0418588
volume_quality=0.0250267
