epsilon_quality=0.0293814
volume_quality=0.162175
