epsilon_quality=0.0992739
volume_quality=1.26543
