epsilon_quality=0.0210151
volume_quality=0.0820508
