epsilon_quality=0.0734043
volume_quality=0.101483
