epsilon_quality=0.0442418
volume_quality=0.032125
