epsilon_quality=0.163668
volume_quality=0.355127
