epsilon_quality=0.183469
volume_quality=0.268637
