epsilon_quality=0.0162142
volume_quality=0.00651265
