epsilon_quality=0.0906972
volume_quality=0.47905
