epsilon_quality=0.0239957
volume_quality=0.00322815
