epsilon_quality=0.0174539
volume_quality=0.0248255
