epsilon_quality=0.028072
volume_quality=0.0110296
