epsilon_quality=0.0120348
volume_quality=0.00541005
