epsilon_quality=0.0850508
volume_quality=0.021694
