epsilon_quality=0.0497569
volume_quality=0.0424524
