epsilon_quality=0.199343
volume_quality=0.681967
