epsilon_quality=0.0861365
volume_quality=0.934386
