epsilon_quality=0.0782411
volume_quality=0.391616
