epsilon_quality=0.11492
volume_quality=0.072414
