epsilon_quality=0.150858
volume_quality=0.342908
