epsilon_quality=0.0243788
volume_quality=0.018829
