epsilon_quality=0.0801815
volume_quality=0.14147
