epsilon_quality=0.092557
volume_quality=0.312719
