epsilon_quality=0.129747
volume_quality=0.130338
