epsilon_quality=0.118913
volume_quality=0.22456
