epsilon_quality=0.153496
volume_quality=0.100514
