epsilon_quality=0.0138911
volume_quality=0.07627
