epsilon_quality=0.394375
volume_quality=3.65858
