epsilon_quality=0.285643
volume_quality=2.32955
