epsilon_quality=0.123373
volume_quality=0.192284
