epsilon_quality=0.017274
volume_quality=0.205674
