epsilon_quality=0.00310337
volume_quality=0.00811324
