epsilon_quality=0.0355118
volume_quality=0.0534735
