epsilon_quality=0.0686336
volume_quality=0.0795919
