epsilon_quality=0.12825
volume_quality=0.306758
