epsilon_quality=0.124141
volume_quality=0.158237
