gpsEpsilon=1.20309e-315
gpsVolume=0
mQualEpsilon=0.0411473
mQualVolume=0.00421585
new_planned_energy=55.4639
