gpsEpsilon=15.8248
gpsVolume=211.952
mQualEpsilon=0.0571735
mQualVolume=0.0171145
new_planned_energy=22.3792
