gpsEpsilon=1.83032e-315
gpsVolume=0
mQualEpsilon=0.0353561
mQualVolume=0.00205947
new_planned_energy=39.8854
