gpsEpsilon=1.83032e-315
gpsVolume=0
mQualEpsilon=1.45414
mQualVolume=53.3509
new_planned_energy=-1.45414
