gpsEpsilon=1.16502e-315
gpsVolume=0
mQualEpsilon=0.0295291
mQualVolume=0.00302796
new_planned_energy=27.0238
