gpsEpsilon=68.2699
gpsVolume=145.236
mQualEpsilon=0.0424367
mQualVolume=0.00581829
new_planned_energy=95.3522
