gpsEpsilon=0
gpsVolume=0
mQualEpsilon=0.0406663
mQualVolume=0.00506565
new_planned_energy=41.0991
