gpsEpsilon=1.83138e-315
gpsVolume=1.48591e-315
mQualEpsilon=-1
mQualVolume=0.00478961
new_planned_energy=69.4304
