gpsEpsilon=1.81786e-315
gpsVolume=1.60947e-315
mQualEpsilon=0.0428562
mQualVolume=0.00230475
new_planned_energy=24.4949
