gpsEpsilon=1.6223e-315
gpsVolume=1.60947e-315
mQualEpsilon=0.0175848
mQualVolume=0.00159243
new_planned_energy=39.1188
