gpsEpsilon=1.81761e-315
gpsVolume=1.60947e-315
mQualEpsilon=-1
mQualVolume=0.0031846
new_planned_energy=31.0424
