gpsEpsilon=0
gpsVolume=0
mQualEpsilon=0.0285611
mQualVolume=0.014533
new_planned_energy=49.6172
