gpsEpsilon=9.99604e-316
gpsVolume=0
mQualEpsilon=0.0631247
mQualVolume=0.00607428
new_planned_energy=45.097
