gpsEpsilon=1.52867e-315
gpsVolume=1.60947e-315
mQualEpsilon=0.0242596
mQualVolume=0.00188737
new_planned_energy=39.1667
