gpsEpsilon=12.3222
gpsVolume=202.357
mQualEpsilon=0.00569119
mQualVolume=0.00191163
new_planned_energy=59.515
