epsilon_quality=0.0902736
volume_quality=0.74668
