epsilon_quality=0.0621421
volume_quality=0.407277
