epsilon_quality=0.0447134
volume_quality=0.0627442
