epsilon_quality=0.0473152
volume_quality=0.0418126
