epsilon_quality=0.0544327
volume_quality=0.0324654
