epsilon_quality=0.0105115
volume_quality=0.00279328
