epsilon_quality=0.0589008
volume_quality=0.0112412
