epsilon_quality=0.169703
volume_quality=0.126643
