epsilon_quality=0.038434
volume_quality=0.00625705
