epsilon_quality=0.0583436
volume_quality=0.0865665
