epsilon_quality=0.136689
volume_quality=0.105416
