epsilon_quality=0.143858
volume_quality=0.104987
