epsilon_quality=0.0687686
volume_quality=0.0191115
