epsilon_quality=0.0187263
volume_quality=0.316337
