epsilon_quality=0.120993
volume_quality=0.505334
