epsilon_quality=0.219897
volume_quality=0.543349
