epsilon_quality=0.154626
volume_quality=0.289553
