gpsEpsilon=55.3339
gpsVolume=40.9743
mQualEpsilon=0.0598921
mQualVolume=0.00919635
new_planned_energy=17.3552
