gpsEpsilon=122.023
gpsVolume=126.061
mQualEpsilon=0.0309924
mQualVolume=0.011662
new_planned_energy=17.2693
