gpsEpsilon=59.5338
gpsVolume=98.9233
mQualEpsilon=0.0647381
mQualVolume=0.0075677
new_planned_energy=69.6158
