gpsEpsilon=64.5292
gpsVolume=79.1205
mQualEpsilon=0.040701
mQualVolume=0.0115379
new_planned_energy=19.6491
