gpsEpsilon=83.1329
gpsVolume=180.015
mQualEpsilon=0.0941401
mQualVolume=0.00942226
new_planned_energy=40.2133
