gpsEpsilon=0.173824
gpsVolume=3.70079
mQualEpsilon=0.104338
mQualVolume=0.0183084
new_planned_energy=53.0547
