gpsEpsilon=2.22613e-316
gpsVolume=0.523637
mQualEpsilon=0.110799
mQualVolume=0.0182053
new_planned_energy=62.3743
