gpsEpsilon=219.593
gpsVolume=147.974
mQualEpsilon=0.0754072
mQualVolume=0.0137406
new_planned_energy=53.3942
