gpsEpsilon=122.364
gpsVolume=26.3299
mQualEpsilon=0.0664086
mQualVolume=0.0127229
new_planned_energy=36.6201
