gpsEpsilon=85.1248
gpsVolume=30.2976
mQualEpsilon=0.0253217
mQualVolume=0.00101087
new_planned_energy=116.877
