gpsEpsilon=94.2193
gpsVolume=107.612
mQualEpsilon=0.0348562
mQualVolume=0.00620292
new_planned_energy=31.1382
