gpsEpsilon=0.440742
gpsVolume=-0.631498
mQualEpsilon=0.08907
mQualVolume=0.0166755
new_planned_energy=70.6074
