gpsEpsilon=149.713
gpsVolume=129.616
mQualEpsilon=0.0584144
mQualVolume=0.00490076
new_planned_energy=57.1284
