epsilon_quality=0.0981269
volume_quality=0.0444627
