epsilon_quality=0.0482928
volume_quality=0.0136204
