epsilon_quality=0.069219
volume_quality=0.137167
