epsilon_quality=0.0877819
volume_quality=0.158132
