epsilon_quality=0.0582128
volume_quality=0.0194694
