epsilon_quality=0.0636099
volume_quality=0.0697494
