epsilon_quality=0.133071
volume_quality=0.109232
