epsilon_quality=0.193918
volume_quality=0.809948
