epsilon_quality=0.124138
volume_quality=0.133719
