epsilon_quality=0.0204387
volume_quality=0.0435733
