epsilon_quality=0.0829049
volume_quality=0.0337778
