epsilon_quality=0.0792667
volume_quality=0.0453982
