epsilon_quality=0.0258681
volume_quality=0.0345466
