epsilon_quality=0.0797329
volume_quality=0.0588844
