epsilon_quality=0.0617651
volume_quality=0.616059
