epsilon_quality=0.0431705
volume_quality=0.0158945
