epsilon_quality=0.135618
volume_quality=0.0848395
