epsilon_quality=0.077586
volume_quality=0.041017
