epsilon_quality=0.0212547
volume_quality=0.00609295
