epsilon_quality=0.0778002
volume_quality=0.0588936
