epsilon_quality=0.110779
volume_quality=0.192591
