epsilon_quality=0.0727311
volume_quality=0.138433
