epsilon_quality=0.0816136
volume_quality=0.305132
