epsilon_quality=0.107667
volume_quality=0.128421
