epsilon_quality=0.210878
volume_quality=0.394604
