epsilon_quality=0.17376
volume_quality=0.284255
