epsilon_quality=0.204301
volume_quality=1.92168
