epsilon_quality=0.0756541
volume_quality=0.06915
