epsilon_quality=0.0312006
volume_quality=0.0243361
