gpsEpsilon=8.24131
gpsVolume=6.70486
mQualEpsilon=0.0215581
mQualVolume=0.00498777
new_planned_energy=49.9516
