gpsEpsilon=8.09612
gpsVolume=6.70486
mQualEpsilon=0.00493581
mQualVolume=0.00131636
new_planned_energy=50.551
