gpsEpsilon=8.06407
gpsVolume=6.70486
mQualEpsilon=-1
mQualVolume=0.0261636
new_planned_energy=80.7049
