gpsEpsilon=8.16478
gpsVolume=6.70486
mQualEpsilon=-1
mQualVolume=0.00501046
new_planned_energy=30.7164
