gpsEpsilon=8.36491
gpsVolume=6.70486
mQualEpsilon=-1
mQualVolume=7.42456e-05
new_planned_energy=77.068
