gpsEpsilon=8.66201
gpsVolume=6.70486
mQualEpsilon=-1
mQualVolume=0.00367044
new_planned_energy=52.5579
