gpsEpsilon=19.9463
gpsVolume=44.7472
mQualEpsilon=0.00450384
mQualVolume=0.002444
new_planned_energy=103.911
