gpsEpsilon=13.8701
gpsVolume=6.56074
mQualEpsilon=-1
mQualVolume=0.00908969
new_planned_energy=77.871
