gpsEpsilon=13.6733
gpsVolume=6.45536
mQualEpsilon=-1
mQualVolume=0.0152001
new_planned_energy=35.9539
