gpsEpsilon=13.6733
gpsVolume=6.45536
mQualEpsilon=0.0162724
mQualVolume=0.00254785
new_planned_energy=71.8514
