gpsEpsilon=17.9539
gpsVolume=38.1193
mQualEpsilon=0.0044016
mQualVolume=0.000354286
new_planned_energy=62.7149
