gpsEpsilon=9.11934
gpsVolume=6.98873
mQualEpsilon=0.0265302
mQualVolume=0.000265599
new_planned_energy=55.6376
