gpsEpsilon=8.71017
gpsVolume=6.98873
mQualEpsilon=-1
mQualVolume=0.00106048
new_planned_energy=134.979
