epsilon_quality=0.036767
volume_quality=0.038566
