epsilon_quality=0.00331182
volume_quality=0.0663304
