epsilon_quality=0.0188809
volume_quality=0.0104234
