epsilon_quality=0.161806
volume_quality=0.161152
