epsilon_quality=0.142627
volume_quality=0.311427
