epsilon_quality=0.0495543
volume_quality=0.065654
