epsilon_quality=0.0386765
volume_quality=0.0178101
