epsilon_quality=0.109737
volume_quality=0.114861
