epsilon_quality=0.156121
volume_quality=0.291069
