epsilon_quality=0.0322099
volume_quality=0.0198811
