epsilon_quality=0.0840954
volume_quality=0.0513498
