epsilon_quality=0.0276848
volume_quality=0.0347256
