epsilon_quality=0.0695756
volume_quality=0.0440996
