epsilon_quality=0.063956
volume_quality=0.0439995
