epsilon_quality=0.0132475
volume_quality=0.0723394
