epsilon_quality=0.10055
volume_quality=0.0685917
