epsilon_quality=0.0789095
volume_quality=0.0413423
