epsilon_quality=0.0510805
volume_quality=0.0241453
