epsilon_quality=0.0370304
volume_quality=0.0186416
