epsilon_quality=0.167368
volume_quality=0.317817
