epsilon_quality=0.189292
volume_quality=0.962337
