epsilon_quality=0.159954
volume_quality=0.410984
