epsilon_quality=0.307333
volume_quality=1.16205
