epsilon_quality=0.23961
volume_quality=0.412596
