epsilon_quality=0.0905362
volume_quality=0.20938
