epsilon_quality=0.129557
volume_quality=0.0758303
