epsilon_quality=0.00211299
volume_quality=0.0399083
