epsilon_quality=0.0367747
volume_quality=0.00516246
