epsilon_quality=0.0745008
volume_quality=0.0201149
