epsilon_quality=0.0412453
volume_quality=0.0511381
