epsilon_quality=0.0651331
volume_quality=0.063632
