epsilon_quality=0.0776177
volume_quality=0.0634616
