epsilon_quality=0.0420511
volume_quality=0.0407211
