epsilon_quality=0.182111
volume_quality=0.278417
