gpsEpsilon=1.01598e-315
gpsVolume=0
mQualEpsilon=-1
mQualVolume=8.84661e-05
new_planned_energy=51.4778
