gpsEpsilon=7.53778e-316
gpsVolume=1.24492e-315
mQualEpsilon=0.0294104
mQualVolume=0.00497436
new_planned_energy=40.2165
