gpsEpsilon=203.468
gpsVolume=57.4706
mQualEpsilon=0.0101172
mQualVolume=0.00355664
new_planned_energy=53.3234
