gpsEpsilon=146.967
gpsVolume=64.6925
mQualEpsilon=0.0220539
mQualVolume=0.000436768
new_planned_energy=51.5836
