gpsEpsilon=-36.3798
gpsVolume=3.53002
mQualEpsilon=0.00336649
mQualVolume=0.0019387
new_planned_energy=65.3035
