gpsEpsilon=5.03764e-316
gpsVolume=0
mQualEpsilon=0.0296885
mQualVolume=0.00602635
new_planned_energy=51.8661
