gpsEpsilon=1.3924e-315
gpsVolume=0
mQualEpsilon=0.0106586
mQualVolume=0.00311619
new_planned_energy=31.1706
