gpsEpsilon=1.42227e-316
gpsVolume=0
mQualEpsilon=-1
mQualVolume=0.00140735
new_planned_energy=44.4503
