gpsEpsilon=8.87349e-316
gpsVolume=0
mQualEpsilon=0.0342267
mQualVolume=0.000437116
new_planned_energy=58.3773
