gpsEpsilon=1.00561e-315
gpsVolume=0
mQualEpsilon=-1
mQualVolume=0.00159408
new_planned_energy=59.9199
