gpsEpsilon=8.8732e-316
gpsVolume=0
mQualEpsilon=0.031088
mQualVolume=0.00376495
new_planned_energy=65.4606
