gpsEpsilon=7.60538e-316
gpsVolume=0
mQualEpsilon=0.0101553
mQualVolume=0.00210511
new_planned_energy=37.4631
