gpsEpsilon=1.40691e-315
gpsVolume=0
mQualEpsilon=-1
mQualVolume=0.000661244
new_planned_energy=36.8
