epsilon_quality=0.0168498
volume_quality=0.00335082
