epsilon_quality=0.0703795
volume_quality=0.0410741
