epsilon_quality=0.0770451
volume_quality=0.046204
