epsilon_quality=0.0469511
volume_quality=0.00832619
