epsilon_quality=0.359902
volume_quality=1.88841
