epsilon_quality=0.137098
volume_quality=0.303767
