epsilon_quality=0.0890434
volume_quality=0.32865
