epsilon_quality=0.200319
volume_quality=1.04909
