epsilon_quality=0.136096
volume_quality=0.0523601
