epsilon_quality=0.0397725
volume_quality=0.0112454
