epsilon_quality=0.0464435
volume_quality=0.0112098
