epsilon_quality=0.09592
volume_quality=0.0510787
