epsilon_quality=0.16453
volume_quality=0.438862
