gpsEpsilon=4.78315e-316
gpsVolume=0
mQualEpsilon=-1
mQualVolume=0.00375076
new_planned_energy=18.9434
