gpsEpsilon=1.12319e-315
gpsVolume=0
mQualEpsilon=-1
mQualVolume=8.00041e-05
new_planned_energy=92.7757
