gpsEpsilon=5.80353e-316
gpsVolume=0
mQualEpsilon=-1
mQualVolume=0.0019642
new_planned_energy=52.0465
