gpsEpsilon=1.07638e-315
gpsVolume=0
mQualEpsilon=-1
mQualVolume=0.00156869
new_planned_energy=48.0968
