gpsEpsilon=1.27849e-315
gpsVolume=0
mQualEpsilon=-1
mQualVolume=0.00334887
new_planned_energy=54.5328
