gpsEpsilon=26.7668
gpsVolume=1.63042e-322
mQualEpsilon=-1
mQualVolume=0.00954741
new_planned_energy=54.2411
