gpsEpsilon=9.27741e-316
gpsVolume=-0.361126
mQualEpsilon=-1
mQualVolume=0
new_planned_energy=48.0574
