gpsEpsilon=13.6251
gpsVolume=-5.84702
mQualEpsilon=0.0169223
mQualVolume=0.00268096
new_planned_energy=66.4019
