epsilon_quality=0.22632
volume_quality=0.845538
