epsilon_quality=0.311667
volume_quality=1.50679
