epsilon_quality=0.00404163
volume_quality=0.0224809
