gpsEpsilon=1.50196e-321
gpsVolume=2.37152e-322
mQualEpsilon=-1
mQualVolume=0.00551214
new_planned_energy=64.8963
