gpsEpsilon=120.887
gpsVolume=122.223
mQualEpsilon=0.0386273
mQualVolume=0.0113254
new_planned_energy=63.7685
