gpsEpsilon=110.371
gpsVolume=195.308
mQualEpsilon=0.020034
mQualVolume=0.000273345
new_planned_energy=35.6263
