gpsEpsilon=124.967
gpsVolume=122.326
mQualEpsilon=0.00590675
mQualVolume=0.00404499
new_planned_energy=53.3726
