gpsEpsilon=0
gpsVolume=2.42092e-322
mQualEpsilon=0.00168789
mQualVolume=0.00348123
new_planned_energy=19.9657
