gpsEpsilon=119.674
gpsVolume=130.748
mQualEpsilon=0.0655934
mQualVolume=0.0100123
new_planned_energy=58.531
