gpsEpsilon=130.501
gpsVolume=147.005
mQualEpsilon=0.102508
mQualVolume=0.0171526
new_planned_energy=64.9371
