gpsEpsilon=148.124
gpsVolume=131.722
mQualEpsilon=0.00777211
mQualVolume=0.0193792
new_planned_energy=19.1447
