gpsEpsilon=131.65
gpsVolume=123.691
mQualEpsilon=0.027355
mQualVolume=0.00374459
new_planned_energy=22.3389
