epsilon_quality=0.137327
volume_quality=0.252142
