epsilon_quality=0.0875938
volume_quality=0.127816
