epsilon_quality=0.135655
volume_quality=0.222286
