epsilon_quality=0.0205427
volume_quality=0.207742
