epsilon_quality=0.26567
volume_quality=0.690345
