epsilon_quality=0.205732
volume_quality=0.466296
