epsilon_quality=0.0686048
volume_quality=0.119557
