epsilon_quality=0.0498759
volume_quality=0.0103058
