epsilon_quality=0.0849778
volume_quality=0.0709711
