epsilon_quality=0.0763676
volume_quality=0.0970176
