epsilon_quality=0.0915735
volume_quality=0.0342309
