epsilon_quality=0.0909106
volume_quality=0.0490934
