gpsEpsilon=33.9354
gpsVolume=61.5231
mQualEpsilon=0.0207702
mQualVolume=0.00290009
new_planned_energy=69.1529
