gpsEpsilon=23.6805
gpsVolume=56.2524
mQualEpsilon=0.0229856
mQualVolume=0.00186963
new_planned_energy=87.3868
