gpsEpsilon=1.3827e-315
gpsVolume=0
mQualEpsilon=0.0323863
mQualVolume=0.0026117
new_planned_energy=76.1649
