gpsEpsilon=8.92376e-316
gpsVolume=0
mQualEpsilon=-1
mQualVolume=0.00265401
new_planned_energy=83.321
