gpsEpsilon=6.16829e-316
gpsVolume=0
mQualEpsilon=-1
mQualVolume=0.00752278
new_planned_energy=44.2194
