gpsEpsilon=2.54639e-313
gpsVolume=1.63042e-322
mQualEpsilon=-1
mQualVolume=0.00602106
new_planned_energy=64.207
