gpsEpsilon=1.27889e-315
gpsVolume=0
mQualEpsilon=0.00935317
mQualVolume=9.72184e-05
new_planned_energy=21.5351
