gpsEpsilon=7.88465e-316
gpsVolume=6.95335e-310
mQualEpsilon=0.0323669
mQualVolume=0.00270626
new_planned_energy=72.7444
