gpsEpsilon=0.226016
gpsVolume=1.97626e-323
mQualEpsilon=0.0544971
mQualVolume=0.00575366
new_planned_energy=34.2541
