gpsEpsilon=25.0096
gpsVolume=96.0366
mQualEpsilon=0.0209508
mQualVolume=0.00380062
new_planned_energy=61.936
