gpsEpsilon=13.6662
gpsVolume=65.9707
mQualEpsilon=0.0704515
mQualVolume=0.00755915
new_planned_energy=71.6256
