gpsEpsilon=58.7898
gpsVolume=65.979
mQualEpsilon=0.0150005
mQualVolume=0.00102235
new_planned_energy=83.086
