epsilon_quality=0.122093
volume_quality=0.229977
