epsilon_quality=0.106378
volume_quality=0.190154
