epsilon_quality=0.048645
volume_quality=0.14988
