epsilon_quality=0.0996085
volume_quality=0.76056
