epsilon_quality=0.0713985
volume_quality=1.03107
