epsilon_quality=0.0592993
volume_quality=0.191242
