epsilon_quality=0.0681466
volume_quality=0.356678
