gpsEpsilon=39.1132
gpsVolume=39.6908
mQualEpsilon=0.0612177
mQualVolume=0.00900327
new_planned_energy=56.8777
