gpsEpsilon=1.97934e-316
gpsVolume=0.346953
mQualEpsilon=0.0472695
mQualVolume=0.00708407
new_planned_energy=46.4804
