gpsEpsilon=5.38987e-312
gpsVolume=-nan
mQualEpsilon=0.0331672
mQualVolume=0.00691723
new_planned_energy=61.2288
