gpsEpsilon=5.05385e-316
gpsVolume=0.257432
mQualEpsilon=0.0486196
mQualVolume=0.0191298
new_planned_energy=33.2443
