gpsEpsilon=93.5594
gpsVolume=47.7116
mQualEpsilon=0.0450576
mQualVolume=0.0102064
new_planned_energy=36.3474
