gpsEpsilon=-0.570566
gpsVolume=0.590629
mQualEpsilon=0.0410039
mQualVolume=0.0175197
new_planned_energy=67.1012
