gpsEpsilon=7.62637e-316
gpsVolume=0.000437006
mQualEpsilon=-1
mQualVolume=0.000669707
new_planned_energy=56.3668
