gpsEpsilon=0.665045
gpsVolume=2.42092e-322
mQualEpsilon=-1
mQualVolume=0.011733
new_planned_energy=46.744
