gpsEpsilon=0.726212
gpsVolume=2.42092e-322
mQualEpsilon=0.0297429
mQualVolume=0.0147318
new_planned_energy=39.5997
