gpsEpsilon=0
gpsVolume=2.42092e-322
mQualEpsilon=0.0694926
mQualVolume=0.0039288
new_planned_energy=55.4029
