gpsEpsilon=58.8526
gpsVolume=23.9367
mQualEpsilon=0.014702
mQualVolume=0.0112272
new_planned_energy=66.6824
