gpsEpsilon=60.0669
gpsVolume=44.2712
mQualEpsilon=0.0972764
mQualVolume=0.0233825
new_planned_energy=56.2589
