gpsEpsilon=0.320881
gpsVolume=4.19727
mQualEpsilon=0.011785
mQualVolume=0.000180126
new_planned_energy=51.8986
