gpsEpsilon=3.02281e-316
gpsVolume=0.318193
mQualEpsilon=0.0572134
mQualVolume=0.0156775
new_planned_energy=63.1391
