gpsEpsilon=74.6328
gpsVolume=53.5239
mQualEpsilon=0.0331021
mQualVolume=0.0153397
new_planned_energy=52.4817
