epsilon_quality=0.0194573
volume_quality=0.106709
