epsilon_quality=0.0988183
volume_quality=0.347261
