epsilon_quality=0.023723
volume_quality=0.103887
