epsilon_quality=0.195779
volume_quality=0.533237
