epsilon_quality=0.187985
volume_quality=0.346471
