epsilon_quality=0.0240387
volume_quality=0.125124
