epsilon_quality=0.103002
volume_quality=0.306946
