epsilon_quality=0.021734
volume_quality=0.0130447
