epsilon_quality=0.0485126
volume_quality=0.0451674
