epsilon_quality=0.0415524
volume_quality=0.121027
