epsilon_quality=0.0563763
volume_quality=0.0348904
