epsilon_quality=0.100606
volume_quality=0.0692695
