epsilon_quality=0.244924
volume_quality=0.655742
