epsilon_quality=0.311904
volume_quality=0.834888
