epsilon_quality=0.0863306
volume_quality=0.145031
