epsilon_quality=0.0196657
volume_quality=0.0963877
