epsilon_quality=0.212763
volume_quality=0.315038
