epsilon_quality=0.0486896
volume_quality=0.0341772
