epsilon_quality=0.0800941
volume_quality=1.09706
