epsilon_quality=0.154607
volume_quality=0.36506
