epsilon_quality=0.0225729
volume_quality=0.0550952
