epsilon_quality=0.0217576
volume_quality=0.0222952
