gpsEpsilon=24.3433
gpsVolume=102.543
mQualEpsilon=0.00967115
mQualVolume=0.000549536
new_planned_energy=76.3405
