gpsEpsilon=20.0419
gpsVolume=101.084
mQualEpsilon=0.00341401
mQualVolume=0.00273562
new_planned_energy=73.0978
