gpsEpsilon=9.76688
gpsVolume=94.3158
mQualEpsilon=-1
mQualVolume=0.00229976
new_planned_energy=57.1806
