gpsEpsilon=8.68147
gpsVolume=44.2836
mQualEpsilon=0.0311186
mQualVolume=0.00618022
new_planned_energy=21.5546
