gpsEpsilon=17.9408
gpsVolume=108.56
mQualEpsilon=0.0029354
mQualVolume=0.00128717
new_planned_energy=80.5322
