gpsEpsilon=18.0989
gpsVolume=47.4447
mQualEpsilon=0.00181255
mQualVolume=0.000939354
new_planned_energy=70.7668
