gpsEpsilon=16.5837
gpsVolume=40.0688
mQualEpsilon=0.0136341
mQualVolume=0.00712676
new_planned_energy=48.8414
