gpsEpsilon=9.97813e-316
gpsVolume=0
mQualEpsilon=-1
mQualVolume=0.00208067
new_planned_energy=47.3721
