gpsEpsilon=19.0036
gpsVolume=61.1431
mQualEpsilon=0.00567733
mQualVolume=0.00140593
new_planned_energy=84.9825
