epsilon_quality=0.0634718
volume_quality=0.0359587
