epsilon_quality=0.0401511
volume_quality=0.00213794
