epsilon_quality=0.0158021
volume_quality=0.00416368
