epsilon_quality=0.0406879
volume_quality=0.0438712
