epsilon_quality=0.0672821
volume_quality=0.0518807
