epsilon_quality=0.0839916
volume_quality=0.208913
