epsilon_quality=0.0867015
volume_quality=0.0475338
