epsilon_quality=0.0722391
volume_quality=0.0492763
