epsilon_quality=0.120465
volume_quality=0.364079
