epsilon_quality=0.101593
volume_quality=0.0663324
