epsilon_quality=0.127618
volume_quality=0.15039
