epsilon_quality=0.0745276
volume_quality=0.0820882
