epsilon_quality=0.216925
volume_quality=0.407816
