epsilon_quality=0.207203
volume_quality=0.299982
