epsilon_quality=0.234209
volume_quality=0.995713
