epsilon_quality=0.163539
volume_quality=0.399743
