epsilon_quality=0.144195
volume_quality=0.245048
