epsilon_quality=0.0627916
volume_quality=0.229439
