epsilon_quality=0.0551402
volume_quality=0.0248468
