epsilon_quality=0.025058
volume_quality=0.344111
