epsilon_quality=0.0818795
volume_quality=0.133821
