epsilon_quality=0.0476535
volume_quality=0.0387783
