epsilon_quality=0.0184507
volume_quality=0.0262364
