epsilon_quality=0.0272054
volume_quality=0.00161264
