epsilon_quality=0.0386721
volume_quality=0.00207683
