epsilon_quality=0.0261491
volume_quality=0.0178989
