epsilon_quality=0.117168
volume_quality=0.243298
