epsilon_quality=0.0462032
volume_quality=0.385856
