epsilon_quality=0.0412148
volume_quality=0.0311185
