epsilon_quality=0.0295865
volume_quality=0.138741
