epsilon_quality=0.156762
volume_quality=0.184622
