epsilon_quality=0.0785579
volume_quality=0.0451505
