epsilon_quality=0.207032
volume_quality=0.367301
