epsilon_quality=0.142171
volume_quality=0.0779378
