epsilon_quality=0.162891
volume_quality=0.237309
