epsilon_quality=0.20952
volume_quality=0.671707
