epsilon_quality=0.180904
volume_quality=0.451737
