epsilon_quality=0.0200092
volume_quality=0.271189
