epsilon_quality=0.189361
volume_quality=0.413807
