epsilon_quality=0.118232
volume_quality=0.225811
