epsilon_quality=0.0615605
volume_quality=0.365573
