epsilon_quality=0.181141
volume_quality=0.731129
