epsilon_quality=0.0784472
volume_quality=1.07175
