epsilon_quality=0.16561
volume_quality=0.200574
