epsilon_quality=0.188889
volume_quality=0.676717
