epsilon_quality=0.0731571
volume_quality=0.0487443
