epsilon_quality=0.173761
volume_quality=0.306348
