epsilon_quality=0.0239403
volume_quality=0.0512444
