epsilon_quality=0.151049
volume_quality=0.129347
