epsilon_quality=0.0778959
volume_quality=0.0703893
