epsilon_quality=0.0803353
volume_quality=0.0438395
