epsilon_quality=0.0766154
volume_quality=0.191599
