epsilon_quality=0.130353
volume_quality=0.306468
