epsilon_quality=0.204265
volume_quality=0.55511
