epsilon_quality=0.0581193
volume_quality=0.112111
