epsilon_quality=0.0322725
volume_quality=0.000903379
