epsilon_quality=0.0502168
volume_quality=0.0493162
