epsilon_quality=0.0210504
volume_quality=0.0424225
