epsilon_quality=0.0663916
volume_quality=0.0638495
