epsilon_quality=0.0306701
volume_quality=0.0184111
