epsilon_quality=0.0605352
volume_quality=0.0457512
