epsilon_quality=0.0724241
volume_quality=0.173314
