epsilon_quality=0.128509
volume_quality=0.828028
