epsilon_quality=0.0300871
volume_quality=0.170423
