epsilon_quality=0.0864307
volume_quality=0.0814813
