epsilon_quality=0.119087
volume_quality=1.20127
