epsilon_quality=0.361218
volume_quality=3.64645
