epsilon_quality=0.0605161
volume_quality=0.263714
