epsilon_quality=0.125701
volume_quality=0.253099
