epsilon_quality=0.0605922
volume_quality=0.351949
