epsilon_quality=0.203594
volume_quality=0.470939
