epsilon_quality=0.142758
volume_quality=0.360242
