epsilon_quality=0.107624
volume_quality=0.0750189
