epsilon_quality=0.0470962
volume_quality=0.187317
