epsilon_quality=0.207481
volume_quality=0.351544
