epsilon_quality=0.118315
volume_quality=0.252294
