epsilon_quality=0.118979
volume_quality=0.296983
