epsilon_quality=0.0527334
volume_quality=0.0297287
