epsilon_quality=0.0665658
volume_quality=0.0240597
