epsilon_quality=0.0348711
volume_quality=0.0286045
