epsilon_quality=0.0561227
volume_quality=0.0288332
