epsilon_quality=0.0472808
volume_quality=0.0260404
