epsilon_quality=0.0312354
volume_quality=0.0785098
