epsilon_quality=0.0186196
volume_quality=0.00191041
