epsilon_quality=0.0728259
volume_quality=0.982162
