epsilon_quality=0.131913
volume_quality=0.174696
