epsilon_quality=0.259588
volume_quality=1.47669
