epsilon_quality=0.114055
volume_quality=0.128677
