epsilon_quality=0.199851
volume_quality=0.656002
