epsilon_quality=0.0427802
volume_quality=0.162951
