epsilon_quality=0.146424
volume_quality=0.156087
