epsilon_quality=0.0164531
volume_quality=0.0158661
