epsilon_quality=0.156199
volume_quality=0.397679
