epsilon_quality=0.245309
volume_quality=0.714289
