epsilon_quality=0.220484
volume_quality=0.305152
