epsilon_quality=0.0567441
volume_quality=0.0376283
