epsilon_quality=0.0503247
volume_quality=0.0294728
