epsilon_quality=0.076298
volume_quality=0.428674
