gpsEpsilon=0
gpsVolume=0
mQualEpsilon=0.0106429
mQualVolume=0.0117364
new_planned_energy=60.9133
