gpsEpsilon=0.638994
gpsVolume=0.235667
mQualEpsilon=0.0648123
mQualVolume=0.0116321
new_planned_energy=52.1493
