gpsEpsilon=0.507858
gpsVolume=-0.544748
mQualEpsilon=0.0543304
mQualVolume=0.00709832
new_planned_energy=72.4396
