gpsEpsilon=-0.000156812
gpsVolume=1.58541e-314
mQualEpsilon=0.00389511
mQualVolume=0.0252896
new_planned_energy=65.6244
