gpsEpsilon=1.80273e-315
gpsVolume=6.95335e-310
mQualEpsilon=0.0597257
mQualVolume=0.0202012
new_planned_energy=37.9118
