gpsEpsilon=0.674133
gpsVolume=-0.294578
mQualEpsilon=-1
mQualVolume=0.0251967
new_planned_energy=55.5593
