gpsEpsilon=2.36816e-315
gpsVolume=1.43276e-315
mQualEpsilon=-1
mQualVolume=0.00628874
new_planned_energy=63.1945
