gpsEpsilon=2.01036e-315
gpsVolume=2.42092e-322
mQualEpsilon=0.0919137
mQualVolume=0.0172028
new_planned_energy=101.603
