gpsEpsilon=0
gpsVolume=2.42092e-322
mQualEpsilon=0.0133863
mQualVolume=0.0176253
new_planned_energy=49.9289
