gpsEpsilon=1.43241e-315
gpsVolume=2.01036e-315
mQualEpsilon=0.0260701
mQualVolume=0.0294743
new_planned_energy=39.7972
