gpsEpsilon=1.14877e-315
gpsVolume=6.95335e-310
mQualEpsilon=0.0197647
mQualVolume=0.0127624
new_planned_energy=105.039
