gpsEpsilon=1.05126e-315
gpsVolume=6.95335e-310
mQualEpsilon=-1
mQualVolume=0.00498045
new_planned_energy=101.482
