gpsEpsilon=0.563857
gpsVolume=-0.487278
mQualEpsilon=1.13772
mQualVolume=35.1812
new_planned_energy=-1.13772
