gpsEpsilon=0.563857
gpsVolume=-0.487278
mQualEpsilon=-1
mQualVolume=0.0401891
new_planned_energy=45.4533
