gpsEpsilon=0.701982
gpsVolume=-0.184463
mQualEpsilon=-1
mQualVolume=0.00992042
new_planned_energy=61.8133
