gpsEpsilon=0.659477
gpsVolume=-0.332374
mQualEpsilon=0.0365987
mQualVolume=0.00622135
new_planned_energy=37.6309
