epsilon_quality=0.0167576
volume_quality=0.0267904
