epsilon_quality=0.0262353
volume_quality=0.0313294
