epsilon_quality=0.226184
volume_quality=0.889813
