epsilon_quality=0.359393
volume_quality=5.33894
