epsilon_quality=0.311003
volume_quality=1.50199
