epsilon_quality=0.17068
volume_quality=0.291347
