epsilon_quality=0.0754733
volume_quality=0.0652465
