epsilon_quality=0.125779
volume_quality=0.298107
