epsilon_quality=0.0641642
volume_quality=0.185104
