epsilon_quality=0.147835
volume_quality=0.485193
