gpsEpsilon=7.92401
gpsVolume=11.8687
mQualEpsilon=-1
mQualVolume=0.000680607
new_planned_energy=31.265
