gpsEpsilon=8.18002
gpsVolume=10.5019
mQualEpsilon=-1
mQualVolume=0.0012048
new_planned_energy=78.6783
