gpsEpsilon=14.5566
gpsVolume=10.5019
mQualEpsilon=0.00809796
mQualVolume=0.00426604
new_planned_energy=33.2509
