gpsEpsilon=9.26541
gpsVolume=8.92355
mQualEpsilon=-1
mQualVolume=0.00568866
new_planned_energy=36.18
