gpsEpsilon=12.4637
gpsVolume=8.92355
mQualEpsilon=0.00437106
mQualVolume=0.000154984
new_planned_energy=49.5385
