gpsEpsilon=24.1997
gpsVolume=203.259
mQualEpsilon=1.59714
mQualVolume=56.0359
new_planned_energy=-1.59714
