gpsEpsilon=24.1997
gpsVolume=203.259
mQualEpsilon=0.00947661
mQualVolume=0.00474274
new_planned_energy=17.0795
