gpsEpsilon=24.1997
gpsVolume=203.259
mQualEpsilon=1.63255
mQualVolume=56.6777
new_planned_energy=-1.63255
