gpsEpsilon=10.9007
gpsVolume=20.4163
mQualEpsilon=0.0040224
mQualVolume=0.000507945
new_planned_energy=21.7604
