gpsEpsilon=14.8495
gpsVolume=20.4163
mQualEpsilon=0.00702897
mQualVolume=0.010694
new_planned_energy=51.3268
