gpsEpsilon=9.27265
gpsVolume=17.0716
mQualEpsilon=0.0128934
mQualVolume=0.00309377
new_planned_energy=62.7632
