gpsEpsilon=7.66529
gpsVolume=14.303
mQualEpsilon=-1
mQualVolume=0.0043444
new_planned_energy=87.8321
