epsilon_quality=0.0999476
volume_quality=0.264842
