epsilon_quality=0.133639
volume_quality=0.515966
