epsilon_quality=0.261092
volume_quality=0.753506
