epsilon_quality=0.0591181
volume_quality=0.0962755
