epsilon_quality=0.00207049
volume_quality=0.0266813
