epsilon_quality=0.0093056
volume_quality=0.0820376
