gpsEpsilon=196.514
gpsVolume=87.8487
mQualEpsilon=1.70889
mQualVolume=53.9888
new_planned_energy=-1.70889
