gpsEpsilon=196.514
gpsVolume=87.8487
mQualEpsilon=0.0493197
mQualVolume=0.00357263
new_planned_energy=29.1778
