gpsEpsilon=162.955
gpsVolume=76.6625
mQualEpsilon=0.0159751
mQualVolume=0.00116759
new_planned_energy=41.6563
