gpsEpsilon=1.39328e-315
gpsVolume=0
mQualEpsilon=1.46466
mQualVolume=51.9424
new_planned_energy=-1.46466
