gpsEpsilon=1.0838e-315
gpsVolume=0
mQualEpsilon=0.00137682
mQualVolume=7.53381e-05
new_planned_energy=53.625
