gpsEpsilon=43.0027
gpsVolume=65.6692
mQualEpsilon=0.020749
mQualVolume=0.00565244
new_planned_energy=50.4462
