gpsEpsilon=26.8293
gpsVolume=74.0575
mQualEpsilon=0.0274453
mQualVolume=0.000838779
new_planned_energy=35.4187
