gpsEpsilon=6.1938e-316
gpsVolume=0
mQualEpsilon=0.0400692
mQualVolume=0.00446258
new_planned_energy=52.5532
