gpsEpsilon=7.90254e-316
gpsVolume=0
mQualEpsilon=-1
mQualVolume=0.00381255
new_planned_energy=69.3356
