gpsEpsilon=1.19882e-315
gpsVolume=0
mQualEpsilon=-1
mQualVolume=0.0010431
new_planned_energy=110.866
