epsilon_quality=0.0993586
volume_quality=0.0834008
