epsilon_quality=0.100856
volume_quality=0.0599423
