epsilon_quality=0.11369
volume_quality=0.109106
