epsilon_quality=0.108026
volume_quality=0.054911
