epsilon_quality=0.0206081
volume_quality=0.0724454
