epsilon_quality=0.00719918
volume_quality=0.078147
