epsilon_quality=0.0320103
volume_quality=0.00135655
