epsilon_quality=0.0770078
volume_quality=0.044322
