epsilon_quality=0.00645767
volume_quality=0.0154078
