epsilon_quality=0.0102047
volume_quality=0.0422032
