epsilon_quality=0.115782
volume_quality=0.152124
