epsilon_quality=0.121151
volume_quality=0.0655007
