epsilon_quality=0.0438733
volume_quality=0.0300613
