epsilon_quality=0.137401
volume_quality=0.327784
