epsilon_quality=0.167688
volume_quality=0.169608
