epsilon_quality=0.134472
volume_quality=0.12056
