epsilon_quality=0.043466
volume_quality=0.0238096
