epsilon_quality=0.0144241
volume_quality=0.0370256
