epsilon_quality=0.117569
volume_quality=0.0451534
