epsilon_quality=0.0955029
volume_quality=0.24815
