epsilon_quality=0.143304
volume_quality=0.114665
