epsilon_quality=0.0562545
volume_quality=0.216823
