epsilon_quality=0.206722
volume_quality=0.188883
