epsilon_quality=0.296995
volume_quality=0.527698
