epsilon_quality=0.0856748
volume_quality=0.250961
