epsilon_quality=0.00134727
volume_quality=0.0153063
