epsilon_quality=0.0356549
volume_quality=0.00759187
