epsilon_quality=0.149265
volume_quality=0.120009
