epsilon_quality=0.0234209
volume_quality=0.0249711
