epsilon_quality=0.0635282
volume_quality=0.0840606
