epsilon_quality=0.125764
volume_quality=0.0973719
