epsilon_quality=0.091471
volume_quality=0.102405
