epsilon_quality=0.112807
volume_quality=0.0569285
