epsilon_quality=0.164867
volume_quality=0.619531
