epsilon_quality=0.025419
volume_quality=0.019801
