epsilon_quality=0.0677075
volume_quality=0.0143419
