epsilon_quality=0.0363809
volume_quality=0.0246262
