epsilon_quality=0.0697543
volume_quality=0.0236185
