epsilon_quality=0.253648
volume_quality=0.650427
