epsilon_quality=0.10508
volume_quality=0.132769
