epsilon_quality=0.102075
volume_quality=0.0776785
