epsilon_quality=0.0599635
volume_quality=0.139321
