epsilon_quality=0.110514
volume_quality=0.126227
