epsilon_quality=0.135793
volume_quality=0.316808
