epsilon_quality=0.13894
volume_quality=1.00546
