epsilon_quality=0.0461191
volume_quality=0.0451285
