epsilon_quality=0.0497732
volume_quality=0.0595088
