epsilon_quality=0.0790039
volume_quality=0.0823724
