epsilon_quality=0.0511489
volume_quality=0.0155843
