epsilon_quality=0.024064
volume_quality=0.00143794
