epsilon_quality=0.0185597
volume_quality=0.00101651
