epsilon_quality=0.0105223
volume_quality=0.000340633
