epsilon_quality=0.0232572
volume_quality=0.0020841
