epsilon_quality=0.000620992
volume_quality=0.000720253
