epsilon_quality=0.0379696
volume_quality=0.00255427
