epsilon_quality=0.058362
volume_quality=0.0886376
