epsilon_quality=0.0953168
volume_quality=0.392803
