epsilon_quality=0.0778773
volume_quality=0.56055
