epsilon_quality=0.0579571
volume_quality=0.02501
