epsilon_quality=0.110387
volume_quality=0.113092
