epsilon_quality=0.035708
volume_quality=0.181878
