epsilon_quality=0.0757075
volume_quality=0.0192625
