epsilon_quality=0.0560548
volume_quality=0.0213955
