epsilon_quality=0.0126084
volume_quality=0.0292359
