epsilon_quality=0.0807467
volume_quality=0.0237066
