epsilon_quality=0.0600617
volume_quality=0.0278521
