epsilon_quality=0.0400629
volume_quality=0.0256012
