epsilon_quality=0.0525753
volume_quality=0.0447227
