epsilon_quality=0.099786
volume_quality=0.0881942
