epsilon_quality=0.15113
volume_quality=0.349711
