epsilon_quality=0.0474626
volume_quality=0.0361511
