epsilon_quality=0.166767
volume_quality=0.235711
