epsilon_quality=0.035394
volume_quality=0.00458338
