epsilon_quality=0.00972022
volume_quality=0.00181685
