epsilon_quality=0.0274806
volume_quality=0.0016479
