epsilon_quality=0.0684023
volume_quality=0.062302
