epsilon_quality=0.0767324
volume_quality=0.0433199
