epsilon_quality=0.0507509
volume_quality=0.111815
