epsilon_quality=0.00305386
volume_quality=0.00817153
