epsilon_quality=0.17339
volume_quality=0.397414
