epsilon_quality=0.115816
volume_quality=0.134355
