epsilon_quality=0.0641461
volume_quality=0.0194122
