epsilon_quality=0.137768
volume_quality=0.54107
