epsilon_quality=0.0353458
volume_quality=0.00324461
