epsilon_quality=0.146996
volume_quality=0.137477
