epsilon_quality=0.0930942
volume_quality=0.206311
