epsilon_quality=0.0828158
volume_quality=0.0362189
