epsilon_quality=0.0294627
volume_quality=0.0169273
