epsilon_quality=0.19568
volume_quality=0.567976
