epsilon_quality=0.135632
volume_quality=0.213079
