epsilon_quality=0.120192
volume_quality=0.072549
