epsilon_quality=0.200296
volume_quality=0.54022
