epsilon_quality=0.0945528
volume_quality=0.0279044
