epsilon_quality=0.0528139
volume_quality=0.0108212
