epsilon_quality=0.119608
volume_quality=0.160933
