epsilon_quality=0.0430181
volume_quality=0.0291988
