epsilon_quality=0.095021
volume_quality=0.124006
