epsilon_quality=0.0879096
volume_quality=0.278008
