epsilon_quality=0.0276632
volume_quality=0.0460206
