epsilon_quality=0.147508
volume_quality=0.273796
