epsilon_quality=0.125145
volume_quality=0.449521
