epsilon_quality=0.121068
volume_quality=0.0898349
