epsilon_quality=0.0863949
volume_quality=0.0308629
