epsilon_quality=0.0816948
volume_quality=0.137739
