epsilon_quality=0.0801438
volume_quality=0.198346
