epsilon_quality=0.256201
volume_quality=0.677677
