epsilon_quality=0.0124611
volume_quality=0.184714
