epsilon_quality=0.067177
volume_quality=0.0376806
