epsilon_quality=0.126306
volume_quality=0.0502204
