epsilon_quality=0.0863055
volume_quality=0.0933792
