epsilon_quality=0.117583
volume_quality=0.135513
