epsilon_quality=0.0499345
volume_quality=0.0850533
