epsilon_quality=0.0499559
volume_quality=0.0238775
