epsilon_quality=0.0279803
volume_quality=0.342667
