epsilon_quality=0.10972
volume_quality=0.417711
