epsilon_quality=0.0323845
volume_quality=0.0436269
