epsilon_quality=0.158583
volume_quality=0.138237
