epsilon_quality=0.0223079
volume_quality=0.00586194
