epsilon_quality=0.100125
volume_quality=0.0244553
