epsilon_quality=0.0410314
volume_quality=0.154196
