epsilon_quality=0.0309906
volume_quality=0.90457
