epsilon_quality=0.191112
volume_quality=0.809296
