epsilon_quality=0.0689324
volume_quality=0.0338208
