epsilon_quality=0.0672226
volume_quality=0.119479
