epsilon_quality=0.0756368
volume_quality=0.0824565
