epsilon_quality=0.0692512
volume_quality=0.143908
