epsilon_quality=0.0172682
volume_quality=0.0323308
