epsilon_quality=0.16827
volume_quality=0.15479
