epsilon_quality=0.0605165
volume_quality=0.108492
