epsilon_quality=0.154337
volume_quality=0.319723
