gpsEpsilon=4.82079e-316
gpsVolume=0
mQualEpsilon=-1
mQualVolume=0.00310861
new_planned_energy=70.8076
