gpsEpsilon=191.634
gpsVolume=67.9676
mQualEpsilon=0.00688421
mQualVolume=0.000579139
new_planned_energy=55.5943
