gpsEpsilon=180.143
gpsVolume=75.1492
mQualEpsilon=1.65834
mQualVolume=45.5461
new_planned_energy=-1.65834
