gpsEpsilon=180.143
gpsVolume=80.8944
mQualEpsilon=0.0194894
mQualVolume=0.00249742
new_planned_energy=68.6064
