gpsEpsilon=135.618
gpsVolume=53.6047
mQualEpsilon=0.0291374
mQualVolume=0.00203304
new_planned_energy=21.7267
