gpsEpsilon=105.455
gpsVolume=54.3227
mQualEpsilon=0.0111312
mQualVolume=0.0010162
new_planned_energy=71.9848
