gpsEpsilon=47.6326
gpsVolume=72.234
mQualEpsilon=0.0151722
mQualVolume=0.0045807
new_planned_energy=63.5927
