gpsEpsilon=1.39322e-315
gpsVolume=0
mQualEpsilon=0.0171494
mQualVolume=0.00700938
new_planned_energy=68.98
