gpsEpsilon=1.10445e-315
gpsVolume=0
mQualEpsilon=0.0141854
mQualVolume=0.00139128
new_planned_energy=50.0404
