gpsEpsilon=5.88722e-316
gpsVolume=0
mQualEpsilon=0.929262
mQualVolume=43.9232
new_planned_energy=46.5935
