gpsEpsilon=123.542
gpsVolume=89.7877
mQualEpsilon=0.0291374
mQualVolume=0.00203304
new_planned_energy=21.042
