gpsEpsilon=97.6353
gpsVolume=86.595
mQualEpsilon=1.14264
mQualVolume=50.8858
new_planned_energy=-1.14264
