gpsEpsilon=53.0614
gpsVolume=83.5304
mQualEpsilon=0.108584
mQualVolume=0.0278035
new_planned_energy=20.2044
