gpsEpsilon=94.045
gpsVolume=50.3413
mQualEpsilon=0.137133
mQualVolume=0.0271694
new_planned_energy=20.1882
