gpsEpsilon=93.6993
gpsVolume=81.1964
mQualEpsilon=0.976555
mQualVolume=46.5342
new_planned_energy=-0.976555
