gpsEpsilon=93.6993
gpsVolume=81.1964
mQualEpsilon=0.0786222
mQualVolume=0.0159767
new_planned_energy=17.0502
