gpsEpsilon=83.424
gpsVolume=81.6173
mQualEpsilon=0.950371
mQualVolume=45.5019
new_planned_energy=-0.950371
