gpsEpsilon=83.424
gpsVolume=81.6173
mQualEpsilon=0.0757763
mQualVolume=0.0178143
new_planned_energy=18.2813
