gpsEpsilon=83.424
gpsVolume=81.6173
mQualEpsilon=0.966529
mQualVolume=47.3246
new_planned_energy=-0.966529
