gpsEpsilon=1.12844e-315
gpsVolume=6.95335e-310
mQualEpsilon=0.049301
mQualVolume=0.0127472
new_planned_energy=20.2128
