gpsEpsilon=1.35714e-315
gpsVolume=6.95335e-310
mQualEpsilon=0.0994211
mQualVolume=0.017565
new_planned_energy=24.6053
