gpsEpsilon=8.75938e-316
gpsVolume=6.95335e-310
mQualEpsilon=0.104264
mQualVolume=0.0206931
new_planned_energy=18.521
