gpsEpsilon=1.56272e-315
gpsVolume=6.95335e-310
mQualEpsilon=-1
mQualVolume=0.0149942
new_planned_energy=20.3758
