gpsEpsilon=1.60921e-315
gpsVolume=6.95335e-310
mQualEpsilon=0.0102745
mQualVolume=0.00767409
new_planned_energy=24.914
