gpsEpsilon=0.498912
gpsVolume=0.0428062
mQualEpsilon=-1
mQualVolume=0.00200788
new_planned_energy=35.5213
