gpsEpsilon=-0.000156812
gpsVolume=1.58541e-314
mQualEpsilon=0.0814486
mQualVolume=0.0342317
new_planned_energy=22.3196
