gpsEpsilon=-0.000156812
gpsVolume=1.58541e-314
mQualEpsilon=0.704714
mQualVolume=43.0201
new_planned_energy=-0.704714
