gpsEpsilon=98.6935
gpsVolume=161.987
mQualEpsilon=1.23488
mQualVolume=48.8046
new_planned_energy=-1.23488
