gpsEpsilon=98.6935
gpsVolume=161.987
mQualEpsilon=0.0882956
mQualVolume=0.0272443
new_planned_energy=16.4941
