epsilon_quality=0.200917
volume_quality=0.40038
