epsilon_quality=0.115249
volume_quality=0.0710943
