epsilon_quality=0.0592647
volume_quality=0.214686
