epsilon_quality=0.116109
volume_quality=0.207893
