epsilon_quality=0.0775265
volume_quality=0.344457
