epsilon_quality=0.139655
volume_quality=0.185353
