epsilon_quality=0.124497
volume_quality=0.170894
