epsilon_quality=0.0645515
volume_quality=0.0331163
