epsilon_quality=0.126929
volume_quality=0.238632
