epsilon_quality=0.101334
volume_quality=0.0287569
