epsilon_quality=0.0721776
volume_quality=0.0643287
