epsilon_quality=0.0162008
volume_quality=0.301099
