epsilon_quality=0.115205
volume_quality=0.0318557
