epsilon_quality=0.0898155
volume_quality=0.0565244
