epsilon_quality=0.0624338
volume_quality=0.0227239
