epsilon_quality=0.0896111
volume_quality=0.271115
