epsilon_quality=0.0658677
volume_quality=0.0411491
