epsilon_quality=0.101943
volume_quality=0.305163
