epsilon_quality=0.0893649
volume_quality=0.279031
