epsilon_quality=0.203799
volume_quality=0.688337
