epsilon_quality=0.0495327
volume_quality=0.0362307
