epsilon_quality=0.0985548
volume_quality=0.0476008
