epsilon_quality=0.118936
volume_quality=0.0447279
