epsilon_quality=0.0168477
volume_quality=0.0272424
