epsilon_quality=0.118121
volume_quality=0.062701
