epsilon_quality=0.14573
volume_quality=0.225138
