epsilon_quality=0.0249217
volume_quality=0.000909587
