epsilon_quality=0.0797381
volume_quality=0.234234
