epsilon_quality=0.0140584
volume_quality=0.0212152
