epsilon_quality=0.27624
volume_quality=1.62981
