epsilon_quality=0.125843
volume_quality=0.732096
