epsilon_quality=0.118377
volume_quality=0.19325
