epsilon_quality=0.0299971
volume_quality=0.00479697
