epsilon_quality=0.165633
volume_quality=0.540674
