epsilon_quality=0.10245
volume_quality=0.553482
