epsilon_quality=0.0397152
volume_quality=0.105987
