epsilon_quality=0.0294431
volume_quality=0.00352278
