epsilon_quality=0.247814
volume_quality=1.49502
