epsilon_quality=0.224572
volume_quality=1.67515
