epsilon_quality=0.0965166
volume_quality=0.10971
