epsilon_quality=0.101314
volume_quality=0.0901256
