epsilon_quality=0.0801556
volume_quality=0.0940753
