epsilon_quality=0.0218223
volume_quality=0.0118404
