epsilon_quality=0.152725
volume_quality=0.0788302
