epsilon_quality=0.239934
volume_quality=0.31384
