epsilon_quality=0.0342398
volume_quality=0.0789668
