epsilon_quality=0.0484373
volume_quality=0.0925915
