epsilon_quality=0.0324523
volume_quality=0.0105766
