epsilon_quality=0.0337544
volume_quality=0.0541878
