epsilon_quality=0.307005
volume_quality=0.906468
