epsilon_quality=0.134636
volume_quality=0.156611
