epsilon_quality=0.214361
volume_quality=0.490326
