epsilon_quality=0.0965809
volume_quality=0.130216
