epsilon_quality=0.174124
volume_quality=0.175613
