epsilon_quality=0.0832405
volume_quality=0.0521501
