epsilon_quality=0.0506065
volume_quality=0.0380226
