epsilon_quality=0.262273
volume_quality=0.996574
