epsilon_quality=0.17958
volume_quality=0.324545
