epsilon_quality=0.0323877
volume_quality=0.0694684
