epsilon_quality=0.143562
volume_quality=0.618245
