epsilon_quality=0.0163035
volume_quality=0.0129462
