epsilon_quality=0.0187369
volume_quality=0.0462758
