epsilon_quality=0.0763269
volume_quality=0.0648513
