epsilon_quality=0.0311607
volume_quality=0.0350517
