epsilon_quality=0.0320754
volume_quality=0.477424
