epsilon_quality=0.0864545
volume_quality=0.251293
