epsilon_quality=0.145002
volume_quality=0.251442
