epsilon_quality=0.153924
volume_quality=0.19425
