epsilon_quality=0.0272237
volume_quality=0.0394403
