epsilon_quality=0.0129146
volume_quality=0.143424
