epsilon_quality=0.144648
volume_quality=0.0604431
