epsilon_quality=0.13521
volume_quality=0.297966
