epsilon_quality=0.121266
volume_quality=0.253844
