epsilon_quality=0.0316548
volume_quality=0.367479
