epsilon_quality=0.112623
volume_quality=0.249858
