epsilon_quality=0.147697
volume_quality=0.286399
