epsilon_quality=0.0958476
volume_quality=0.115011
