epsilon_quality=0.132839
volume_quality=0.359593
