epsilon_quality=0.174303
volume_quality=0.821521
