epsilon_quality=0.0937643
volume_quality=0.0873443
