epsilon_quality=0.0245543
volume_quality=0.0194361
