epsilon_quality=0.0358985
volume_quality=0.0636678
