epsilon_quality=0.101054
volume_quality=0.162301
