epsilon_quality=0.0410797
volume_quality=0.0130843
