epsilon_quality=0.016558
volume_quality=0.0316692
