epsilon_quality=0.0313714
volume_quality=0.0110491
