gpsEpsilon=1.38299e-315
gpsVolume=0
mQualEpsilon=0.00795902
mQualVolume=0.00344534
new_planned_energy=31.8471
