gpsEpsilon=5.93544e-316
gpsVolume=0
mQualEpsilon=0.0161162
mQualVolume=0.00899134
new_planned_energy=40.853
