gpsEpsilon=224.019
gpsVolume=92.8853
mQualEpsilon=0.0408797
mQualVolume=0.0105523
new_planned_energy=62.7526
