gpsEpsilon=131.16
gpsVolume=62.9308
mQualEpsilon=0.0170018
mQualVolume=0.000801897
new_planned_energy=34.8593
