gpsEpsilon=7.35284e-316
gpsVolume=0
mQualEpsilon=-1
mQualVolume=0.000818571
new_planned_energy=81.8024
