gpsEpsilon=178.366
gpsVolume=80.865
mQualEpsilon=0.0148926
mQualVolume=0.000889829
new_planned_energy=22.3861
