gpsEpsilon=1.10156e-315
gpsVolume=0
mQualEpsilon=1.44422
mQualVolume=54.0561
new_planned_energy=41.0465
