gpsEpsilon=1.10156e-315
gpsVolume=0
mQualEpsilon=0.0205983
mQualVolume=0.00550618
new_planned_energy=14.0771
