gpsEpsilon=1.10156e-315
gpsVolume=0
mQualEpsilon=1.40163
mQualVolume=48.8782
new_planned_energy=-1.40163
