gpsEpsilon=97.6353
gpsVolume=86.595
mQualEpsilon=0.0158948
mQualVolume=0.0016733
new_planned_energy=42.3737
