gpsEpsilon=7.5989e-316
gpsVolume=-0.0123667
mQualEpsilon=-1
mQualVolume=0.000863014
new_planned_energy=70.7033
