gpsEpsilon=180.143
gpsVolume=80.8944
mQualEpsilon=0.0203149
mQualVolume=0.00219871
new_planned_energy=41.6311
