epsilon_quality=0.0964983
volume_quality=0.0563792
