epsilon_quality=0.0589632
volume_quality=0.023343
