epsilon_quality=0.0230746
volume_quality=0.0360749
