epsilon_quality=0.0258005
volume_quality=0.0102696
