epsilon_quality=0.00937861
volume_quality=0.00378191
