epsilon_quality=0.0884536
volume_quality=0.297483
