epsilon_quality=0.127889
volume_quality=0.136888
