epsilon_quality=0.0276696
volume_quality=0.00168634
