epsilon_quality=0.016587
volume_quality=0.00080317
