epsilon_quality=0.0158984
volume_quality=0.00147499
