epsilon_quality=0.0523705
volume_quality=0.0033751
