epsilon_quality=0.0781884
volume_quality=0.0407956
