epsilon_quality=0.080243
volume_quality=0.517027
