epsilon_quality=0.0649116
volume_quality=0.349251
