epsilon_quality=0.317516
volume_quality=1.32508
