epsilon_quality=0.00999727
volume_quality=0.241687
