gpsEpsilon=161.332
gpsVolume=110.751
mQualEpsilon=0.0747554
mQualVolume=0.00830321
new_planned_energy=50.2401
