gpsEpsilon=79.7514
gpsVolume=110.212
mQualEpsilon=0.0490535
mQualVolume=0.00927242
new_planned_energy=43.3348
