gpsEpsilon=140.421
gpsVolume=118.753
mQualEpsilon=0.0853564
mQualVolume=0.0246565
new_planned_energy=51.4319
