gpsEpsilon=153.613
gpsVolume=93.3221
mQualEpsilon=0.00256882
mQualVolume=0.0171583
new_planned_energy=22.7878
