gpsEpsilon=19.2465
gpsVolume=118.482
mQualEpsilon=0.0525751
mQualVolume=0.00774178
new_planned_energy=26.1677
