gpsEpsilon=176.179
gpsVolume=120.434
mQualEpsilon=0.0829994
mQualVolume=0.0190876
new_planned_energy=51.8864
