gpsEpsilon=134.855
gpsVolume=113.115
mQualEpsilon=0.0428576
mQualVolume=0.00580711
new_planned_energy=22.8654
