gpsEpsilon=177.6
gpsVolume=132.127
mQualEpsilon=0.0406889
mQualVolume=0.00750066
new_planned_energy=32.3969
