gpsEpsilon=174.583
gpsVolume=121.41
mQualEpsilon=0.0847929
mQualVolume=0.0260511
new_planned_energy=74.9349
