gpsEpsilon=157.364
gpsVolume=130.946
mQualEpsilon=0.0395926
mQualVolume=0.00661146
new_planned_energy=24.0925
