gpsEpsilon=133.226
gpsVolume=118.287
mQualEpsilon=0.0198263
mQualVolume=0.0022163
new_planned_energy=96.0774
