gpsEpsilon=131.074
gpsVolume=105.118
mQualEpsilon=0.0373244
mQualVolume=0.0125559
new_planned_energy=16.926
