epsilon_quality=0.14557
volume_quality=0.284495
