epsilon_quality=0.0722239
volume_quality=0.615073
