epsilon_quality=0.160965
volume_quality=0.470164
