epsilon_quality=0.0694221
volume_quality=0.0693149
