epsilon_quality=0.0584917
volume_quality=0.0140972
