epsilon_quality=0.0621701
volume_quality=0.256428
