epsilon_quality=0.104455
volume_quality=0.602699
