epsilon_quality=0.0621817
volume_quality=0.376934
