epsilon_quality=0.171835
volume_quality=0.287821
