epsilon_quality=0.0400194
volume_quality=0.396716
