epsilon_quality=0.0572643
volume_quality=0.0900487
