epsilon_quality=0.213354
volume_quality=0.314613
