epsilon_quality=0.138702
volume_quality=2.18767
