epsilon_quality=0.0926742
volume_quality=0.566533
