epsilon_quality=0.0671029
volume_quality=0.203113
