epsilon_quality=0.0670153
volume_quality=0.0739059
