epsilon_quality=0.10696
volume_quality=0.281589
