epsilon_quality=0.138543
volume_quality=0.492007
