epsilon_quality=0.0221126
volume_quality=0.178175
