epsilon_quality=0.0413005
volume_quality=0.0283994
