epsilon_quality=0.108559
volume_quality=0.0453229
