epsilon_quality=0.0507835
volume_quality=0.294499
