epsilon_quality=0.184698
volume_quality=0.421931
