epsilon_quality=0.0757348
volume_quality=0.0565825
