epsilon_quality=0.0584083
volume_quality=0.220232
