epsilon_quality=0.156371
volume_quality=0.310892
