epsilon_quality=0.0788608
volume_quality=0.0616808
