epsilon_quality=0.0490305
volume_quality=0.0409308
