epsilon_quality=0.0520556
volume_quality=0.0484863
