epsilon_quality=0.109798
volume_quality=0.190134
