epsilon_quality=0.0202423
volume_quality=0.0102639
