epsilon_quality=0.0503391
volume_quality=0.00428564
