epsilon_quality=0.0235616
volume_quality=0.016042
