epsilon_quality=0.0789733
volume_quality=0.041829
