epsilon_quality=0.114254
volume_quality=0.173563
