epsilon_quality=0.0558543
volume_quality=0.0980887
