epsilon_quality=0.167733
volume_quality=0.417585
