epsilon_quality=0.099358
volume_quality=0.12501
