epsilon_quality=0.145832
volume_quality=1.13007
