epsilon_quality=0.11923
volume_quality=0.28286
