epsilon_quality=0.229633
volume_quality=0.743174
