epsilon_quality=0.0699759
volume_quality=0.0505638
