epsilon_quality=0.0695089
volume_quality=0.0319073
