epsilon_quality=0.089967
volume_quality=0.0472152
