epsilon_quality=0.0558358
volume_quality=0.0296788
