gpsEpsilon=19.8281
gpsVolume=48.2176
mQualEpsilon=0.0215828
mQualVolume=0.00398952
new_planned_energy=87.2374
