gpsEpsilon=23.5779
gpsVolume=46.2097
mQualEpsilon=0.00609983
mQualVolume=7.58521e-05
new_planned_energy=120.703
