gpsEpsilon=13.5982
gpsVolume=44.704
mQualEpsilon=0.0153732
mQualVolume=0.000529941
new_planned_energy=72.992
