gpsEpsilon=36.2445
gpsVolume=35.4625
mQualEpsilon=0.0466071
mQualVolume=0.00642982
new_planned_energy=40.4448
