gpsEpsilon=13.5391
gpsVolume=44.704
mQualEpsilon=0.0489299
mQualVolume=0.00835335
new_planned_energy=92.9026
