gpsEpsilon=38.0159
gpsVolume=38.1196
mQualEpsilon=0.00873818
mQualVolume=0.0021719
new_planned_energy=66.1273
