gpsEpsilon=26.3238
gpsVolume=27.7561
mQualEpsilon=0.0181181
mQualVolume=0.00692187
new_planned_energy=50.9538
