gpsEpsilon=20.9796
gpsVolume=28.2875
mQualEpsilon=0.00425394
mQualVolume=0.00046889
new_planned_energy=84.0638
