epsilon_quality=0.104705
volume_quality=0.394016
