epsilon_quality=0.155124
volume_quality=0.269013
