epsilon_quality=0.166477
volume_quality=0.195679
