epsilon_quality=0.13124
volume_quality=0.144533
