epsilon_quality=0.0547919
volume_quality=0.0439903
