epsilon_quality=0.00110579
volume_quality=0.0116257
