epsilon_quality=0.0934066
volume_quality=0.418808
