epsilon_quality=0.0978491
volume_quality=0.0595257
