epsilon_quality=0.00279928
volume_quality=0.0739365
