epsilon_quality=0.062709
volume_quality=0.0613826
