epsilon_quality=0.252493
volume_quality=0.655706
