epsilon_quality=0.0926729
volume_quality=0.331973
