epsilon_quality=0.0564974
volume_quality=0.0911975
