epsilon_quality=0.154572
volume_quality=0.286913
