epsilon_quality=0.174585
volume_quality=0.349118
