epsilon_quality=0.162948
volume_quality=0.133461
