epsilon_quality=0.0646168
volume_quality=0.153107
