epsilon_quality=0.162392
volume_quality=0.427081
