epsilon_quality=0.14357
volume_quality=0.181433
