epsilon_quality=0.0730365
volume_quality=0.0271311
