epsilon_quality=0.03557
volume_quality=0.0166581
