epsilon_quality=0.102466
volume_quality=0.0914902
