epsilon_quality=0.0825441
volume_quality=0.0356279
