epsilon_quality=0.232758
volume_quality=0.881306
