epsilon_quality=0.0232294
volume_quality=0.0506853
