epsilon_quality=0.168817
volume_quality=0.484312
