epsilon_quality=0.0126064
volume_quality=0.0203645
