epsilon_quality=0.0221769
volume_quality=0.0108833
