epsilon_quality=0.0508629
volume_quality=0.0170806
