epsilon_quality=0.108596
volume_quality=0.0386552
