epsilon_quality=0.0310541
volume_quality=0.0296032
