epsilon_quality=0.108072
volume_quality=0.161028
