epsilon_quality=0.0835998
volume_quality=0.047691
