epsilon_quality=0.0624146
volume_quality=0.0724934
