epsilon_quality=0.0694491
volume_quality=0.0313452
