epsilon_quality=0.0339634
volume_quality=0.0175484
