epsilon_quality=0.087757
volume_quality=0.064453
