epsilon_quality=0.138857
volume_quality=0.491393
