epsilon_quality=0.133818
volume_quality=0.370328
