epsilon_quality=0.133287
volume_quality=0.163702
