epsilon_quality=0.0391595
volume_quality=0.0741166
