epsilon_quality=0.0915633
volume_quality=0.236275
