epsilon_quality=0.078526
volume_quality=0.285176
