epsilon_quality=0.144224
volume_quality=0.387089
