epsilon_quality=0.12344
volume_quality=0.635155
