epsilon_quality=0.0864231
volume_quality=0.0611934
