epsilon_quality=0.0446261
volume_quality=0.0414998
