epsilon_quality=0.0889485
volume_quality=0.061126
