epsilon_quality=0.0567827
volume_quality=0.0841424
