epsilon_quality=0.168752
volume_quality=0.450596
