epsilon_quality=0.0781573
volume_quality=0.563582
