epsilon_quality=0.197952
volume_quality=0.237655
