epsilon_quality=0.109303
volume_quality=0.167136
