epsilon_quality=0.0807566
volume_quality=0.162342
