epsilon_quality=0.0658137
volume_quality=0.11307
