epsilon_quality=0.252852
volume_quality=0.96628
