epsilon_quality=0.0956049
volume_quality=0.281566
