epsilon_quality=0.0919247
volume_quality=0.104194
