epsilon_quality=0.210223
volume_quality=0.495128
