epsilon_quality=0.162126
volume_quality=0.342595
