epsilon_quality=0.0956252
volume_quality=0.290041
