epsilon_quality=0.0445482
volume_quality=0.347223
