epsilon_quality=0.0481596
volume_quality=0.12232
