epsilon_quality=0.16758
volume_quality=0.270415
