epsilon_quality=0.0336773
volume_quality=0.0521542
