epsilon_quality=0.0483824
volume_quality=0.0449817
