epsilon_quality=0.0140532
volume_quality=0.0102968
