epsilon_quality=0.0934675
volume_quality=0.182464
