epsilon_quality=0.0134732
volume_quality=0.000640501
