epsilon_quality=0.0652572
volume_quality=0.0109213
