epsilon_quality=0.0287276
volume_quality=0.0122608
