epsilon_quality=0.0103949
volume_quality=0.000209194
