epsilon_quality=0.0137765
volume_quality=0.000445099
