epsilon_quality=0.0199275
volume_quality=0.00287843
