epsilon_quality=0.0148844
volume_quality=0.00111742
