epsilon_quality=0.0359363
volume_quality=0.030982
