epsilon_quality=0.123646
volume_quality=0.397407
