epsilon_quality=0.0201587
volume_quality=0.190223
