epsilon_quality=0.0556708
volume_quality=0.0473383
