epsilon_quality=0.0895755
volume_quality=0.0612225
