epsilon_quality=0.0827958
volume_quality=0.0838307
