epsilon_quality=0.0752935
volume_quality=0.193113
