epsilon_quality=0.0955677
volume_quality=0.0814545
