epsilon_quality=0.116151
volume_quality=0.530709
