epsilon_quality=0.123439
volume_quality=0.151436
