epsilon_quality=0.139384
volume_quality=0.628138
