gpsEpsilon=222.394
gpsVolume=74.4804
mQualEpsilon=0.00381061
mQualVolume=0.00261265
new_planned_energy=31.5226
