gpsEpsilon=148.734
gpsVolume=73.9823
mQualEpsilon=0.0494566
mQualVolume=0.00874127
new_planned_energy=30.0964
