gpsEpsilon=206.775
gpsVolume=77.0788
mQualEpsilon=0.042446
mQualVolume=0.00450324
new_planned_energy=53.6592
