gpsEpsilon=170.309
gpsVolume=77.5632
mQualEpsilon=0.0238418
mQualVolume=0.00804738
new_planned_energy=26.2751
