gpsEpsilon=206.775
gpsVolume=86.9744
mQualEpsilon=0.0322555
mQualVolume=0.00378571
new_planned_energy=25.162
