gpsEpsilon=148.734
gpsVolume=77.5686
mQualEpsilon=0.000307639
mQualVolume=0.000256103
new_planned_energy=38.4182
