gpsEpsilon=139.495
gpsVolume=91.4057
mQualEpsilon=1.55418
mQualVolume=49.4232
new_planned_energy=-1.55418
