gpsEpsilon=139.495
gpsVolume=91.4057
mQualEpsilon=1.61137
mQualVolume=49.7805
new_planned_energy=-1.61137
