gpsEpsilon=128.638
gpsVolume=67.3118
mQualEpsilon=0.0652816
mQualVolume=0.00953202
new_planned_energy=46.8617
