gpsEpsilon=172.414
gpsVolume=74.1982
mQualEpsilon=0.0498596
mQualVolume=0.01126
new_planned_energy=29.6863
