gpsEpsilon=206.775
gpsVolume=74.8226
mQualEpsilon=0.0610981
mQualVolume=0.00648315
new_planned_energy=34.9933
