epsilon_quality=0.291506
volume_quality=2.14261
