epsilon_quality=0.305574
volume_quality=3.35839
