epsilon_quality=0.0616428
volume_quality=1.78799
