epsilon_quality=0.354536
volume_quality=2.50062
