epsilon_quality=0.241854
volume_quality=0.741675
