epsilon_quality=0.346858
volume_quality=2.05949
