epsilon_quality=0.0334426
volume_quality=0.00638515
