epsilon_quality=0.211883
volume_quality=1.28455
