epsilon_quality=0.116467
volume_quality=0.241438
