epsilon_quality=0.040519
volume_quality=0.0700671
