epsilon_quality=0.0426178
volume_quality=0.0729021
