epsilon_quality=0.0103822
volume_quality=0.0355584
