epsilon_quality=0.0774899
volume_quality=0.0221463
