epsilon_quality=0.0702332
volume_quality=0.0142117
