epsilon_quality=0.0313403
volume_quality=0.0165398
