epsilon_quality=0.094134
volume_quality=0.232908
