epsilon_quality=0.111025
volume_quality=0.573101
