epsilon_quality=0.136278
volume_quality=0.241138
