epsilon_quality=0.208618
volume_quality=0.306644
