epsilon_quality=0.0800456
volume_quality=0.046478
