epsilon_quality=0.0860344
volume_quality=0.539856
