epsilon_quality=0.0212487
volume_quality=0.0971741
