epsilon_quality=0.0249123
volume_quality=0.0256773
