epsilon_quality=0.186483
volume_quality=1.05133
