epsilon_quality=0.275604
volume_quality=0.795595
