epsilon_quality=0.125765
volume_quality=0.219501
