epsilon_quality=0.02656
volume_quality=0.0379472
