epsilon_quality=0.0308646
volume_quality=0.00874026
