epsilon_quality=0.0583993
volume_quality=0.0590442
