epsilon_quality=0.0283289
volume_quality=0.0358973
