epsilon_quality=0.0434817
volume_quality=0.17648
