epsilon_quality=0.0318923
volume_quality=0.00783246
