epsilon_quality=0.143177
volume_quality=0.435261
