epsilon_quality=0.00562963
volume_quality=0.0805723
