epsilon_quality=0.157317
volume_quality=0.151218
