epsilon_quality=0.215317
volume_quality=0.314817
