epsilon_quality=0.11784
volume_quality=0.326378
