epsilon_quality=0.0222156
volume_quality=0.0932374
