epsilon_quality=0.0386544
volume_quality=0.00602672
