epsilon_quality=0.191763
volume_quality=0.360788
