epsilon_quality=0.0294657
volume_quality=0.024971
