epsilon_quality=0.0173257
volume_quality=0.0400807
