epsilon_quality=0.0182175
volume_quality=0.0006923
