epsilon_quality=0.0207274
volume_quality=0.0051276
