epsilon_quality=0.0350659
volume_quality=0.00556722
