epsilon_quality=0.0403204
volume_quality=0.0210141
