epsilon_quality=0.106213
volume_quality=0.0858038
