epsilon_quality=0.0090377
volume_quality=0.00846296
