epsilon_quality=0.0485383
volume_quality=0.014974
