epsilon_quality=0.0994752
volume_quality=0.0782631
