epsilon_quality=0.0590481
volume_quality=0.00747462
