epsilon_quality=0.109353
volume_quality=0.0774714
