epsilon_quality=0.0671766
volume_quality=0.050918
