epsilon_quality=0.12057
volume_quality=0.155357
