epsilon_quality=0.0919879
volume_quality=0.0370145
