epsilon_quality=0.14323
volume_quality=0.148644
