epsilon_quality=0.0437482
volume_quality=0.0249615
