epsilon_quality=0.0558863
volume_quality=0.201002
