epsilon_quality=0.10965
volume_quality=0.143306
