epsilon_quality=0.125632
volume_quality=0.0901434
