epsilon_quality=0.0377836
volume_quality=0.0406777
