epsilon_quality=0.183996
volume_quality=0.655879
