epsilon_quality=0.0596269
volume_quality=0.0700459
