epsilon_quality=0.197185
volume_quality=0.403425
