epsilon_quality=0.0819426
volume_quality=0.0946607
