epsilon_quality=0.0393693
volume_quality=0.0650015
