epsilon_quality=0.0267167
volume_quality=0.00756834
