epsilon_quality=0.113937
volume_quality=0.149995
