epsilon_quality=0.0696684
volume_quality=0.150458
