epsilon_quality=0.141739
volume_quality=0.322122
