epsilon_quality=0.0499669
volume_quality=0.0269936
