epsilon_quality=0.0667464
volume_quality=0.124428
