epsilon_quality=0.0851971
volume_quality=0.0827805
