epsilon_quality=0.0213511
volume_quality=0.0224772
