epsilon_quality=0.0678894
volume_quality=0.0195014
