epsilon_quality=0.104433
volume_quality=0.031131
