epsilon_quality=0.0281494
volume_quality=0.00997344
