epsilon_quality=0.0130863
volume_quality=0.0839806
