epsilon_quality=0.0172365
volume_quality=0.0174175
