epsilon_quality=0.129605
volume_quality=0.096768
