epsilon_quality=0.112216
volume_quality=0.0556928
