epsilon_quality=0.225461
volume_quality=0.659676
