epsilon_quality=0.12085
volume_quality=0.264608
