epsilon_quality=0.0679359
volume_quality=0.0319029
