epsilon_quality=0.0761215
volume_quality=0.0364299
