epsilon_quality=0.0344386
volume_quality=0.0171186
