epsilon_quality=0.199491
volume_quality=0.703724
