epsilon_quality=0.223523
volume_quality=0.351437
