epsilon_quality=0.107346
volume_quality=0.165874
