epsilon_quality=0.0441908
volume_quality=0.0246875
