epsilon_quality=0.161761
volume_quality=0.156929
