epsilon_quality=0.0623602
volume_quality=0.0229977
