epsilon_quality=0.228254
volume_quality=0.516724
