epsilon_quality=0.0276444
volume_quality=0.0215879
