epsilon_quality=0.0744777
volume_quality=0.134926
