epsilon_quality=0.0793117
volume_quality=0.0558929
