epsilon_quality=0.0987029
volume_quality=0.219413
