epsilon_quality=0.0754783
volume_quality=0.140379
