epsilon_quality=0.0889091
volume_quality=0.146869
