epsilon_quality=0.0698001
volume_quality=0.028572
