epsilon_quality=0.158222
volume_quality=0.659467
