epsilon_quality=0.0198119
volume_quality=0.243871
