epsilon_quality=0.121835
volume_quality=0.0950628
