epsilon_quality=0.191521
volume_quality=0.89943
