epsilon_quality=0.0581087
volume_quality=0.030399
