epsilon_quality=0.157474
volume_quality=0.171371
