epsilon_quality=0.088347
volume_quality=0.102197
