epsilon_quality=0.0765451
volume_quality=0.0344748
