epsilon_quality=0.0222689
volume_quality=0.00919739
