epsilon_quality=0.0288219
volume_quality=0.481821
