epsilon_quality=0.076238
volume_quality=0.112873
