epsilon_quality=0.178059
volume_quality=0.379468
