gpsEpsilon=68.5942
gpsVolume=59.8221
mQualEpsilon=0.0203529
mQualVolume=0.00251986
new_planned_energy=12.5621
