gpsEpsilon=9.25347
gpsVolume=59.2694
mQualEpsilon=-1
mQualVolume=0.00256811
new_planned_energy=24.8734
