gpsEpsilon=12.468
gpsVolume=48.07
mQualEpsilon=0.021776
mQualVolume=0.00953736
new_planned_energy=31.1987
