gpsEpsilon=10.731
gpsVolume=11.49
mQualEpsilon=0.0622711
mQualVolume=0.00612183
new_planned_energy=19.8632
