gpsEpsilon=1.18337e-315
gpsVolume=0
mQualEpsilon=1.61795
mQualVolume=54.15
new_planned_energy=-1.61795
