gpsEpsilon=1.18337e-315
gpsVolume=0
mQualEpsilon=1.59796
mQualVolume=54.6189
new_planned_energy=-1.59796
