gpsEpsilon=1.18337e-315
gpsVolume=0
mQualEpsilon=0.00295088
mQualVolume=0.00393552
new_planned_energy=12.9706
