gpsEpsilon=1.18337e-315
gpsVolume=0
mQualEpsilon=1.58133
mQualVolume=54.9928
new_planned_energy=19.6291
