gpsEpsilon=0
gpsVolume=0
mQualEpsilon=0.043259
mQualVolume=0.00325554
new_planned_energy=18.1114
