gpsEpsilon=0
gpsVolume=0
mQualEpsilon=0.051539
mQualVolume=0.00532469
new_planned_energy=15.1447
