gpsEpsilon=23.4591
gpsVolume=2.42092e-322
mQualEpsilon=1.80986
mQualVolume=51.7618
new_planned_energy=-1.80986
