gpsEpsilon=23.4591
gpsVolume=2.42092e-322
mQualEpsilon=-1
mQualVolume=0.0034724
new_planned_energy=17.3297
