gpsEpsilon=1.24493e-315
gpsVolume=2.42092e-322
mQualEpsilon=1.57361
mQualVolume=52.3669
new_planned_energy=-1.57361
