gpsEpsilon=1.24493e-315
gpsVolume=2.42092e-322
mQualEpsilon=1.52204
mQualVolume=51.4607
new_planned_energy=-1.52204
