gpsEpsilon=1.24493e-315
gpsVolume=2.42092e-322
mQualEpsilon=1.55769
mQualVolume=52.1941
new_planned_energy=11.9806
