gpsEpsilon=8.61004e-316
gpsVolume=0
mQualEpsilon=-1
mQualVolume=0.00484431
new_planned_energy=44.3562
