gpsEpsilon=21.253
gpsVolume=200.614
mQualEpsilon=0.050357
mQualVolume=0.00297778
new_planned_energy=18.7573
