gpsEpsilon=1.28728e-315
gpsVolume=0
mQualEpsilon=-1
mQualVolume=0.000928814
new_planned_energy=63.605
