gpsEpsilon=1.07225e-315
gpsVolume=0
mQualEpsilon=0.00833647
mQualVolume=0.00282284
new_planned_energy=62.081
