epsilon_quality=0.179035
volume_quality=0.491942
