epsilon_quality=0.0698801
volume_quality=0.236155
