epsilon_quality=0.0923415
volume_quality=0.19905
