epsilon_quality=0.269359
volume_quality=0.51233
