epsilon_quality=0.101008
volume_quality=0.170625
