epsilon_quality=0.0763627
volume_quality=0.0411936
