epsilon_quality=0.0609521
volume_quality=0.0491246
