epsilon_quality=0.0796604
volume_quality=0.0395015
