epsilon_quality=0.0647334
volume_quality=0.247046
