epsilon_quality=0.119238
volume_quality=0.230052
