epsilon_quality=0.105364
volume_quality=0.241906
