epsilon_quality=0.119754
volume_quality=0.198785
