epsilon_quality=0.0911923
volume_quality=0.0423568
