epsilon_quality=0.058802
volume_quality=0.0383821
