epsilon_quality=0.0891402
volume_quality=0.0754467
