epsilon_quality=0.109412
volume_quality=0.0639424
