epsilon_quality=0.0248513
volume_quality=0.0573553
