epsilon_quality=0.0544252
volume_quality=0.222787
