epsilon_quality=0.0440229
volume_quality=0.0154285
