epsilon_quality=0.0128756
volume_quality=0.0219027
