epsilon_quality=0.117289
volume_quality=0.0646626
