epsilon_quality=0.0729741
volume_quality=0.0121939
