epsilon_quality=0.118185
volume_quality=0.404321
