epsilon_quality=0.12341
volume_quality=0.263073
