epsilon_quality=0.129044
volume_quality=0.198058
