epsilon_quality=0.00628479
volume_quality=0.147473
