epsilon_quality=0.0931745
volume_quality=0.233563
