epsilon_quality=0.0139113
volume_quality=0.0578171
