epsilon_quality=0.141824
volume_quality=0.749487
