epsilon_quality=0.0331224
volume_quality=0.00240703
