epsilon_quality=0.117632
volume_quality=0.130571
