epsilon_quality=0.145984
volume_quality=0.480907
