epsilon_quality=0.158687
volume_quality=0.269779
