epsilon_quality=0.0934334
volume_quality=0.270539
