epsilon_quality=0.116284
volume_quality=0.407836
