epsilon_quality=0.0157839
volume_quality=0.0585269
