epsilon_quality=0.10104
volume_quality=0.0947186
