epsilon_quality=0.0413452
volume_quality=0.052152
