epsilon_quality=0.0351428
volume_quality=0.0352352
