epsilon_quality=0.304056
volume_quality=0.949089
