epsilon_quality=0.0396779
volume_quality=0.030399
