epsilon_quality=0.0334841
volume_quality=0.0826827
