epsilon_quality=0.0563229
volume_quality=0.0173985
