epsilon_quality=0.0545722
volume_quality=0.0181669
