epsilon_quality=0.0248782
volume_quality=0.00705343
