epsilon_quality=0.0671199
volume_quality=0.0726097
