epsilon_quality=0.0342058
volume_quality=0.0673125
