epsilon_quality=0.302961
volume_quality=0.901655
