epsilon_quality=0.0562503
volume_quality=0.255043
