epsilon_quality=0.0421881
volume_quality=0.196336
