epsilon_quality=0.201197
volume_quality=0.485536
