epsilon_quality=0.145361
volume_quality=0.221618
