epsilon_quality=0.272535
volume_quality=0.723984
