epsilon_quality=0.15493
volume_quality=0.162832
