epsilon_quality=0.129371
volume_quality=0.251589
