epsilon_quality=0.0713201
volume_quality=0.0650329
