epsilon_quality=0.100301
volume_quality=0.212658
