epsilon_quality=0.172886
volume_quality=0.69562
