epsilon_quality=0.0325252
volume_quality=0.00251617
