epsilon_quality=0.0156811
volume_quality=0.00199352
