epsilon_quality=0.0223347
volume_quality=0.00174495
