epsilon_quality=0.0260082
volume_quality=0.00321709
