epsilon_quality=0.0229728
volume_quality=0.0229158
