epsilon_quality=0.155107
volume_quality=0.466641
