epsilon_quality=0.0693416
volume_quality=0.0415061
