epsilon_quality=0.045975
volume_quality=0.0128168
