epsilon_quality=0.0601457
volume_quality=0.0428658
