epsilon_quality=0.0375852
volume_quality=0.0372563
