epsilon_quality=0.073123
volume_quality=0.207477
