epsilon_quality=0.0586965
volume_quality=0.140653
