epsilon_quality=0.0281438
volume_quality=0.438432
