epsilon_quality=0.0949785
volume_quality=0.124127
