epsilon_quality=0.100638
volume_quality=0.149943
