epsilon_quality=0.119692
volume_quality=0.153254
