epsilon_quality=0.10399
volume_quality=0.18976
