epsilon_quality=0.111855
volume_quality=0.082102
