epsilon_quality=0.102089
volume_quality=0.252927
