epsilon_quality=0.0855281
volume_quality=0.0871202
