epsilon_quality=0.154159
volume_quality=0.153822
