epsilon_quality=0.118078
volume_quality=0.0823778
