epsilon_quality=0.0955969
volume_quality=0.181517
