epsilon_quality=0.0570443
volume_quality=0.0189041
