epsilon_quality=0.150329
volume_quality=0.282804
