gpsEpsilon=133.033
gpsVolume=50.1861
mQualEpsilon=0.0496872
mQualVolume=0.00981378
new_planned_energy=88.9321
