gpsEpsilon=193.357
gpsVolume=68.6859
mQualEpsilon=0.0149798
mQualVolume=0.000259918
new_planned_energy=61.7942
