gpsEpsilon=133.033
gpsVolume=74.0481
mQualEpsilon=0.0382888
mQualVolume=0.00540504
new_planned_energy=21.674
