gpsEpsilon=0
gpsVolume=2.42092e-322
mQualEpsilon=0.00671354
mQualVolume=0.00266327
new_planned_energy=18.9384
