gpsEpsilon=0.616189
gpsVolume=-0.491224
mQualEpsilon=-1
mQualVolume=0.000151662
new_planned_energy=62.3319
