gpsEpsilon=168.155
gpsVolume=23.9113
mQualEpsilon=0.00922025
mQualVolume=0.000914148
new_planned_energy=20.0282
