gpsEpsilon=151.13
gpsVolume=116.946
mQualEpsilon=0.00360153
mQualVolume=0.00105583
new_planned_energy=55.647
