gpsEpsilon=151.13
gpsVolume=8.36084
mQualEpsilon=0.0495805
mQualVolume=0.00464202
new_planned_energy=16.2861
