gpsEpsilon=151.13
gpsVolume=8.36084
mQualEpsilon=1.64873
mQualVolume=50.9199
new_planned_energy=-1.64873
