gpsEpsilon=206.763
gpsVolume=56.6209
mQualEpsilon=0.00871729
mQualVolume=0.00270469
new_planned_energy=50.6872
