gpsEpsilon=209.444
gpsVolume=63.9938
mQualEpsilon=0.0383649
mQualVolume=0.00142028
new_planned_energy=20.4257
