epsilon_quality=0.289026
volume_quality=0.617172
