epsilon_quality=0.0897066
volume_quality=0.150924
