epsilon_quality=0.148829
volume_quality=0.304804
