epsilon_quality=0.0609302
volume_quality=0.148809
