epsilon_quality=0.00502762
volume_quality=0.0728272
