epsilon_quality=0.0174736
volume_quality=0.00755085
