epsilon_quality=0.0712219
volume_quality=0.0994713
