epsilon_quality=0.0552999
volume_quality=0.038754
