epsilon_quality=0.0242817
volume_quality=0.0052091
