epsilon_quality=0.0320024
volume_quality=0.0189465
