epsilon_quality=0.0608379
volume_quality=0.0377513
