epsilon_quality=0.0207221
volume_quality=0.00142446
