epsilon_quality=0.00136566
volume_quality=0.0634299
