epsilon_quality=0.0918795
volume_quality=0.184634
