epsilon_quality=0.138122
volume_quality=0.577655
