epsilon_quality=0.0677682
volume_quality=0.357232
