epsilon_quality=0.0780303
volume_quality=0.046863
