epsilon_quality=0.025526
volume_quality=0.0803135
