epsilon_quality=0.0906781
volume_quality=0.0370948
