gpsEpsilon=223.362
gpsVolume=42.3141
mQualEpsilon=0.0141298
mQualVolume=0.0688429
new_planned_energy=55.6625
