gpsEpsilon=217.174
gpsVolume=46.3555
mQualEpsilon=0.67992
mQualVolume=17.6132
new_planned_energy=-0.67992
