gpsEpsilon=217.174
gpsVolume=46.3555
mQualEpsilon=1.08084
mQualVolume=31.415
new_planned_energy=-1.08084
