gpsEpsilon=217.174
gpsVolume=46.3555
mQualEpsilon=0.644401
mQualVolume=17.1721
new_planned_energy=-0.644401
