gpsEpsilon=224.478
gpsVolume=39.45
mQualEpsilon=0.0025869
mQualVolume=0.0730098
new_planned_energy=74.8485
