gpsEpsilon=221.007
gpsVolume=43.084
mQualEpsilon=0.12684
mQualVolume=0.0566177
new_planned_energy=56.1868
