gpsEpsilon=229.42
gpsVolume=45.5087
mQualEpsilon=1.35671
mQualVolume=48.1756
new_planned_energy=8.88481
