gpsEpsilon=229.42
gpsVolume=45.5087
mQualEpsilon=1.34072
mQualVolume=48.259
new_planned_energy=-1.34072
