gpsEpsilon=208.816
gpsVolume=46.1965
mQualEpsilon=0.120986
mQualVolume=0.0314742
new_planned_energy=52.8762
