gpsEpsilon=230.431
gpsVolume=44.8846
mQualEpsilon=0.0665744
mQualVolume=0.0508003
new_planned_energy=80.0848
