gpsEpsilon=232.416
gpsVolume=42.7843
mQualEpsilon=1.83679
mQualVolume=55.367
new_planned_energy=-1.83679
