gpsEpsilon=232.416
gpsVolume=42.7843
mQualEpsilon=1.86061
mQualVolume=55.2985
new_planned_energy=-1.86061
