gpsEpsilon=237.69
gpsVolume=32.289
mQualEpsilon=0.0107284
mQualVolume=0.00521371
new_planned_energy=61.3143
