epsilon_quality=0.0410004
volume_quality=1.02583
