epsilon_quality=0.211323
volume_quality=0.770869
