epsilon_quality=0.0838279
volume_quality=0.0678235
