epsilon_quality=0.0197077
volume_quality=0.0162117
