epsilon_quality=0.118687
volume_quality=0.128651
