epsilon_quality=0.0806603
volume_quality=0.134765
