epsilon_quality=0.269292
volume_quality=0.909101
