epsilon_quality=0.111078
volume_quality=0.173814
