epsilon_quality=0.111031
volume_quality=0.37381
