epsilon_quality=0.326074
volume_quality=1.86513
