epsilon_quality=0.395848
volume_quality=3.08494
