epsilon_quality=0.114128
volume_quality=0.419156
