epsilon_quality=0.0832798
volume_quality=0.0318725
