epsilon_quality=0.117135
volume_quality=0.175683
