epsilon_quality=0.108035
volume_quality=0.121755
