epsilon_quality=0.0504409
volume_quality=0.0734147
