epsilon_quality=0.0776636
volume_quality=0.032466
