epsilon_quality=0.0320611
volume_quality=0.0689696
