epsilon_quality=0.104905
volume_quality=0.074687
