gpsEpsilon=12.7514
gpsVolume=41.1343
mQualEpsilon=0.00633341
mQualVolume=0.00225326
new_planned_energy=58.557
