gpsEpsilon=12.7514
gpsVolume=34.0317
mQualEpsilon=0.0130301
mQualVolume=0.000213201
new_planned_energy=91.7222
