gpsEpsilon=0
gpsVolume=2.42092e-322
mQualEpsilon=0.0450451
mQualVolume=0.00269401
new_planned_energy=39.6843
