epsilon_quality=0.110022
volume_quality=0.142816
