epsilon_quality=0.0973089
volume_quality=0.0532054
