epsilon_quality=0.107623
volume_quality=0.115357
