epsilon_quality=0.305157
volume_quality=0.774457
