epsilon_quality=0.283625
volume_quality=0.632795
