epsilon_quality=0.0483245
volume_quality=0.149469
