epsilon_quality=0.0723297
volume_quality=0.153015
