epsilon_quality=0.0805188
volume_quality=0.155462
