epsilon_quality=0.0671426
volume_quality=0.0401771
