epsilon_quality=0.0565774
volume_quality=0.289268
