epsilon_quality=0.179599
volume_quality=0.667349
