epsilon_quality=0.166248
volume_quality=0.265307
