epsilon_quality=0.0740219
volume_quality=0.0384572
