epsilon_quality=0.0492454
volume_quality=0.0234303
