epsilon_quality=0.0382445
volume_quality=0.0069717
