epsilon_quality=0.00267287
volume_quality=0.000623309
