epsilon_quality=0.00223554
volume_quality=0.0591615
