epsilon_quality=0.0495185
volume_quality=0.0619517
