epsilon_quality=0.244439
volume_quality=0.723738
