epsilon_quality=0.0451166
volume_quality=0.04534
