epsilon_quality=0.109658
volume_quality=0.188347
