epsilon_quality=0.177167
volume_quality=0.549636
