epsilon_quality=0.0391195
volume_quality=0.0909415
