epsilon_quality=0.275866
volume_quality=0.542733
