epsilon_quality=0.0890118
volume_quality=0.0290389
