epsilon_quality=0.0534349
volume_quality=0.143757
