epsilon_quality=0.0899438
volume_quality=0.0857702
