epsilon_quality=0.146056
volume_quality=0.350916
