epsilon_quality=0.113986
volume_quality=0.131983
