epsilon_quality=0.199868
volume_quality=0.710801
