epsilon_quality=0.154379
volume_quality=0.389922
