epsilon_quality=0.130817
volume_quality=0.333279
