epsilon_quality=0.0974297
volume_quality=0.0803294
