epsilon_quality=0.122824
volume_quality=0.105257
