gpsEpsilon=0.355654
gpsVolume=0.782253
mQualEpsilon=0.040222
mQualVolume=0.0102907
new_planned_energy=61.1535
