gpsEpsilon=0.357142
gpsVolume=0.783769
mQualEpsilon=0.04838
mQualVolume=0.00789311
new_planned_energy=65.0104
