gpsEpsilon=0
gpsVolume=0
mQualEpsilon=0.0445787
mQualVolume=0.00247572
new_planned_energy=60.1595
