gpsEpsilon=0
gpsVolume=0
mQualEpsilon=0.0385203
mQualVolume=0.00229921
new_planned_energy=69.5395
