gpsEpsilon=0
gpsVolume=0
mQualEpsilon=0.0604107
mQualVolume=0.00546235
new_planned_energy=37.5736
