gpsEpsilon=0
gpsVolume=0
mQualEpsilon=0.00721292
mQualVolume=0.000147798
new_planned_energy=85.3291
