gpsEpsilon=0.440294
gpsVolume=0.852542
mQualEpsilon=-1
mQualVolume=0.0039207
new_planned_energy=95.6063
