gpsEpsilon=0.431838
gpsVolume=0.847523
mQualEpsilon=0.00307582
mQualVolume=0.00012289
new_planned_energy=115.243
