gpsEpsilon=0.417315
gpsVolume=0.837535
mQualEpsilon=0.00986116
mQualVolume=0.000860276
new_planned_energy=127.727
