gpsEpsilon=0.413978
gpsVolume=0.835032
mQualEpsilon=0.0137344
mQualVolume=0.000115056
new_planned_energy=108.257
