gpsEpsilon=0.400073
gpsVolume=0.823886
mQualEpsilon=-1
mQualVolume=5.88719e-05
new_planned_energy=102.679
