gpsEpsilon=0.387459
gpsVolume=0.812903
mQualEpsilon=0.0266365
mQualVolume=0.00197032
new_planned_energy=50.4582
