gpsEpsilon=0.344048
gpsVolume=-0.899185
mQualEpsilon=0.00986116
mQualVolume=0.000860276
new_planned_energy=131.973
