gpsEpsilon=0.383116
gpsVolume=0.808952
mQualEpsilon=0.0177512
mQualVolume=0.0143537
new_planned_energy=71.4932
