gpsEpsilon=0.371961
gpsVolume=0.798447
mQualEpsilon=0.00766145
mQualVolume=9.43655e-05
new_planned_energy=82.5372
