epsilon_quality=0.330606
volume_quality=1.15157
