epsilon_quality=0.148501
volume_quality=0.235663
