epsilon_quality=0.296158
volume_quality=1.21033
