epsilon_quality=0.0315538
volume_quality=0.0597683
