epsilon_quality=0.0106258
volume_quality=0.0156672
