epsilon_quality=0.0735026
volume_quality=0.163528
