epsilon_quality=0.179174
volume_quality=0.93546
