epsilon_quality=0.00383776
volume_quality=0.0341322
