epsilon_quality=0.142351
volume_quality=0.131811
