epsilon_quality=0.141511
volume_quality=0.0869617
