epsilon_quality=0.114258
volume_quality=0.0835174
