epsilon_quality=0.0157994
volume_quality=0.405295
