epsilon_quality=0.0851511
volume_quality=0.0332403
