epsilon_quality=0.140381
volume_quality=0.172532
