epsilon_quality=0.0150012
volume_quality=0.0883536
