epsilon_quality=0.0400131
volume_quality=0.0342741
