epsilon_quality=0.0506359
volume_quality=0.0406273
