epsilon_quality=0.0587062
volume_quality=0.0709473
