epsilon_quality=0.00752189
volume_quality=0.00127136
