epsilon_quality=0.00668107
volume_quality=0.0336457
