epsilon_quality=0.105214
volume_quality=0.0687416
