epsilon_quality=0.0241414
volume_quality=0.0806704
