epsilon_quality=0.0345488
volume_quality=0.0596078
