epsilon_quality=0.125002
volume_quality=0.197946
