epsilon_quality=0.00893036
volume_quality=0.0248279
