epsilon_quality=0.0781611
volume_quality=0.183395
