epsilon_quality=0.116184
volume_quality=0.300315
