epsilon_quality=0.136239
volume_quality=0.22341
