epsilon_quality=0.177369
volume_quality=0.514422
