epsilon_quality=0.105778
volume_quality=0.167417
