epsilon_quality=0.0468783
volume_quality=0.0489352
