epsilon_quality=0.167869
volume_quality=0.194606
