epsilon_quality=0.140913
volume_quality=0.230291
