epsilon_quality=0.0920366
volume_quality=0.293009
