epsilon_quality=0.155732
volume_quality=0.099788
