epsilon_quality=0.0862363
volume_quality=0.351115
