epsilon_quality=0.142068
volume_quality=0.101459
