epsilon_quality=0.150717
volume_quality=0.250186
