epsilon_quality=0.0485325
volume_quality=0.0502058
