epsilon_quality=0.30013
volume_quality=0.766109
