epsilon_quality=0.0542012
volume_quality=0.0218785
