epsilon_quality=0.0595306
volume_quality=0.0281733
