epsilon_quality=0.143838
volume_quality=0.304595
