epsilon_quality=0.184411
volume_quality=0.284545
