epsilon_quality=0.0459444
volume_quality=0.107334
