epsilon_quality=0.0359649
volume_quality=0.0230677
