epsilon_quality=0.0100202
volume_quality=0.0237934
