epsilon_quality=0.0924479
volume_quality=0.100242
