epsilon_quality=0.137322
volume_quality=0.847502
