epsilon_quality=0.053478
volume_quality=0.140621
