epsilon_quality=0.0134626
volume_quality=0.00278356
