epsilon_quality=0.0824788
volume_quality=0.0247707
