epsilon_quality=0.247303
volume_quality=0.688536
