epsilon_quality=0.0249627
volume_quality=0.0262468
