epsilon_quality=0.00224477
volume_quality=0.00142512
