epsilon_quality=0.0753599
volume_quality=0.178945
