epsilon_quality=0.127826
volume_quality=0.62008
