epsilon_quality=0.103084
volume_quality=0.432415
