gpsEpsilon=180.961
gpsVolume=112.73
mQualEpsilon=0.0328876
mQualVolume=0.00489529
new_planned_energy=13.1807
