gpsEpsilon=181.377
gpsVolume=108.427
mQualEpsilon=1.55653
mQualVolume=55.0459
new_planned_energy=-1.55653
