gpsEpsilon=164.962
gpsVolume=93.9528
mQualEpsilon=0.0327612
mQualVolume=0.0095518
new_planned_energy=12.0543
