gpsEpsilon=0
gpsVolume=0
mQualEpsilon=0.0150852
mQualVolume=0.0272631
new_planned_energy=46.358
