gpsEpsilon=1.81971e-315
gpsVolume=0.149501
mQualEpsilon=-1
mQualVolume=0.00467724
new_planned_energy=18.2224
