gpsEpsilon=179.212
gpsVolume=112.141
mQualEpsilon=0.0323026
mQualVolume=0.00745005
new_planned_energy=71.5662
