gpsEpsilon=180.165
gpsVolume=112.73
mQualEpsilon=1.07437
mQualVolume=39.128
new_planned_energy=-1.07437
