gpsEpsilon=180.165
gpsVolume=112.73
mQualEpsilon=0.111215
mQualVolume=0.019212
new_planned_energy=22.683
