gpsEpsilon=178.103
gpsVolume=113.937
mQualEpsilon=0.0866606
mQualVolume=0.0118491
new_planned_energy=27.9619
