gpsEpsilon=174.938
gpsVolume=113.255
mQualEpsilon=0.0861708
mQualVolume=0.0136776
new_planned_energy=22.1985
