gpsEpsilon=166.507
gpsVolume=89.7359
mQualEpsilon=0.0417438
mQualVolume=0.0166649
new_planned_energy=10.7107
