gpsEpsilon=166.507
gpsVolume=89.7359
mQualEpsilon=1.02279
mQualVolume=32.6098
new_planned_energy=-1.02279
