epsilon_quality=0.0359666
volume_quality=0.0242864
