epsilon_quality=0.0351576
volume_quality=0.0175527
