epsilon_quality=0.194047
volume_quality=0.421114
