epsilon_quality=0.0971027
volume_quality=0.0841575
