epsilon_quality=0.22571
volume_quality=0.406151
