epsilon_quality=0.169503
volume_quality=0.271936
