epsilon_quality=0.0254483
volume_quality=0.020789
