epsilon_quality=0.242934
volume_quality=0.814622
