epsilon_quality=0.15717
volume_quality=0.59115
