epsilon_quality=0.0546925
volume_quality=0.0451017
