epsilon_quality=0.139986
volume_quality=0.67086
