epsilon_quality=0.133224
volume_quality=0.20907
