epsilon_quality=0.0581554
volume_quality=0.301202
