epsilon_quality=0.0017639
volume_quality=0.0951404
