gpsEpsilon=36.6471
gpsVolume=27.0337
mQualEpsilon=1.45177
mQualVolume=53.1505
new_planned_energy=-1.45177
