gpsEpsilon=36.6471
gpsVolume=27.0337
mQualEpsilon=1.40557
mQualVolume=52.3962
new_planned_energy=-1.40557
