gpsEpsilon=36.6471
gpsVolume=27.0337
mQualEpsilon=1.47998
mQualVolume=53.378
new_planned_energy=-1.47998
