gpsEpsilon=36.6471
gpsVolume=27.0337
mQualEpsilon=1.48152
mQualVolume=53.4036
new_planned_energy=-1.48152
