gpsEpsilon=36.6471
gpsVolume=27.0337
mQualEpsilon=1.39741
mQualVolume=53.1766
new_planned_energy=-1.39741
