gpsEpsilon=36.6471
gpsVolume=27.0337
mQualEpsilon=1.66654
mQualVolume=57.4108
new_planned_energy=-1.66654
