gpsEpsilon=22.2809
gpsVolume=38.2709
mQualEpsilon=0.0535778
mQualVolume=0.0117672
new_planned_energy=67.7691
