gpsEpsilon=39.894
gpsVolume=24.6262
mQualEpsilon=1.04998
mQualVolume=27.4086
new_planned_energy=-1.04998
