gpsEpsilon=39.894
gpsVolume=24.6262
mQualEpsilon=1.19772
mQualVolume=32.064
new_planned_energy=-1.19772
