gpsEpsilon=37.416
gpsVolume=21.7676
mQualEpsilon=0.027766
mQualVolume=0.0122978
new_planned_energy=36.2214
