gpsEpsilon=1.50593e-315
gpsVolume=0.0244275
mQualEpsilon=-1
mQualVolume=0.0251685
new_planned_energy=78.1535
