gpsEpsilon=1.79543e-315
gpsVolume=0.115487
mQualEpsilon=-1
mQualVolume=0.00133351
new_planned_energy=43.1637
