gpsEpsilon=41.3504
gpsVolume=18.892
mQualEpsilon=0.0246976
mQualVolume=0.0130624
new_planned_energy=56.4145
