gpsEpsilon=24.9402
gpsVolume=47.5224
mQualEpsilon=4.89755e-05
mQualVolume=0.0116104
new_planned_energy=61.2095
