gpsEpsilon=0.0803137
gpsVolume=-0.925176
mQualEpsilon=0.0579377
mQualVolume=0.00867733
new_planned_energy=18.6094
