gpsEpsilon=0.0803137
gpsVolume=-0.925176
mQualEpsilon=1.53241
mQualVolume=44.2682
new_planned_energy=34.7387
