gpsEpsilon=40.004
gpsVolume=25.3777
mQualEpsilon=0.094909
mQualVolume=0.0610451
new_planned_energy=20.055
