gpsEpsilon=1.86374e-315
gpsVolume=6.95335e-310
mQualEpsilon=1.73987
mQualVolume=44.8239
new_planned_energy=16.4189
