gpsEpsilon=1.86374e-315
gpsVolume=6.95335e-310
mQualEpsilon=1.82199
mQualVolume=49.3785
new_planned_energy=-1.82199
