gpsEpsilon=1.86374e-315
gpsVolume=6.95335e-310
mQualEpsilon=1.8265
mQualVolume=46.8381
new_planned_energy=-1.8265
