epsilon_quality=0.058805
volume_quality=0.0751445
