epsilon_quality=0.054218
volume_quality=0.017391
