epsilon_quality=0.147822
volume_quality=0.794715
