epsilon_quality=0.28604
volume_quality=0.584133
