epsilon_quality=0.450833
volume_quality=2.37553
