epsilon_quality=0.0999812
volume_quality=0.397075
