epsilon_quality=0.0754965
volume_quality=0.122801
