epsilon_quality=0.0953915
volume_quality=0.0799908
