epsilon_quality=0.18678
volume_quality=0.506013
