epsilon_quality=0.0937381
volume_quality=0.201825
