epsilon_quality=0.197427
volume_quality=0.456023
