epsilon_quality=0.223587
volume_quality=0.818891
