epsilon_quality=0.0819837
volume_quality=0.176798
