epsilon_quality=0.118971
volume_quality=0.500238
