epsilon_quality=0.174468
volume_quality=0.328845
