epsilon_quality=0.220933
volume_quality=0.442592
