epsilon_quality=0.0478927
volume_quality=0.112837
