epsilon_quality=0.130825
volume_quality=0.170108
