epsilon_quality=0.19884
volume_quality=0.355198
