epsilon_quality=0.140963
volume_quality=0.0964293
