epsilon_quality=0.158161
volume_quality=0.279998
