epsilon_quality=0.00280255
volume_quality=0.0726701
