epsilon_quality=0.263768
volume_quality=0.99271
