epsilon_quality=0.0722389
volume_quality=0.373195
