epsilon_quality=0.149361
volume_quality=0.491701
