epsilon_quality=0.061789
volume_quality=0.186673
