epsilon_quality=0.187233
volume_quality=0.495665
