epsilon_quality=0.0699384
volume_quality=0.0226429
