epsilon_quality=0.114342
volume_quality=0.0785125
