epsilon_quality=0.0523659
volume_quality=0.113536
