epsilon_quality=0.0258631
volume_quality=0.00210449
