epsilon_quality=0.05562
volume_quality=0.00775753
