epsilon_quality=0.165586
volume_quality=0.423575
