epsilon_quality=0.299952
volume_quality=1.03428
