epsilon_quality=0.0808095
volume_quality=0.223823
