epsilon_quality=0.00840133
volume_quality=0.0195968
