epsilon_quality=0.0512111
volume_quality=0.0429707
