epsilon_quality=0.0596457
volume_quality=0.0349371
