epsilon_quality=0.0498367
volume_quality=0.023225
