epsilon_quality=0.0694151
volume_quality=0.0628311
