epsilon_quality=0.0690577
volume_quality=0.00745188
