epsilon_quality=0.0851358
volume_quality=0.198634
