epsilon_quality=0.114702
volume_quality=0.206674
