epsilon_quality=0.0717993
volume_quality=0.0245745
