epsilon_quality=0.0619994
volume_quality=0.0329947
