epsilon_quality=0.120022
volume_quality=0.15356
