epsilon_quality=0.11965
volume_quality=0.0524592
