epsilon_quality=0.253918
volume_quality=0.383129
