epsilon_quality=0.131657
volume_quality=0.342757
