epsilon_quality=0.00696178
volume_quality=0.108344
