epsilon_quality=0.0504609
volume_quality=0.0321718
