epsilon_quality=0.103801
volume_quality=0.200422
