epsilon_quality=0.116215
volume_quality=0.193583
