epsilon_quality=0.166417
volume_quality=0.360096
