epsilon_quality=0.074955
volume_quality=0.0831318
