gpsEpsilon=20.0967
gpsVolume=235.601
mQualEpsilon=0.000734787
mQualVolume=0.000264916
new_planned_energy=92.3581
