gpsEpsilon=14.7682
gpsVolume=214.454
mQualEpsilon=0.0141846
mQualVolume=0.000220096
new_planned_energy=61.9124
