gpsEpsilon=9.05782
gpsVolume=166.134
mQualEpsilon=0.0465677
mQualVolume=0.00494463
new_planned_energy=40.6635
