gpsEpsilon=1.25466e-315
gpsVolume=6.95335e-310
mQualEpsilon=0.00565916
mQualVolume=0.00709428
new_planned_energy=100.426
