gpsEpsilon=1.26714e-315
gpsVolume=0
mQualEpsilon=-1
mQualVolume=0.00093132
new_planned_energy=93.0168
