gpsEpsilon=0.154873
gpsVolume=-0.00558563
mQualEpsilon=0.00472623
mQualVolume=0.00109276
new_planned_energy=96.2868
