gpsEpsilon=90.5205
gpsVolume=1.97626e-323
mQualEpsilon=-1
mQualVolume=0.00970218
new_planned_energy=64.1932
