gpsEpsilon=90.4913
gpsVolume=160.495
mQualEpsilon=0.0450112
mQualVolume=0.00593682
new_planned_energy=47.9649
