gpsEpsilon=1.61085e-315
gpsVolume=6.95335e-310
mQualEpsilon=0.0419298
mQualVolume=0.00545928
new_planned_energy=86.9599
