gpsEpsilon=0
gpsVolume=0
mQualEpsilon=0.0373432
mQualVolume=0.00326043
new_planned_energy=65.1429
