gpsEpsilon=0
gpsVolume=2.42092e-322
mQualEpsilon=0.0357003
mQualVolume=0.00742478
new_planned_energy=66.8267
