epsilon_quality=0.114977
volume_quality=0.258953
