epsilon_quality=0.0379319
volume_quality=0.0101773
