epsilon_quality=0.0540307
volume_quality=0.0602804
