epsilon_quality=0.177112
volume_quality=0.599086
