epsilon_quality=0.203883
volume_quality=1.13435
