epsilon_quality=0.408985
volume_quality=3.30868
