epsilon_quality=0.441739
volume_quality=3.54334
