epsilon_quality=0.423028
volume_quality=2.58898
