epsilon_quality=0.0299298
volume_quality=0.0280735
