epsilon_quality=0.0359175
volume_quality=0.0510863
