epsilon_quality=0.0317796
volume_quality=0.0382535
