epsilon_quality=0.0169541
volume_quality=0.0242988
