epsilon_quality=0.0140513
volume_quality=0.00126427
