epsilon_quality=0.105765
volume_quality=0.34215
