epsilon_quality=0.0675352
volume_quality=0.0942111
