epsilon_quality=0.0520893
volume_quality=0.0284371
