epsilon_quality=0.186703
volume_quality=0.310456
