epsilon_quality=0.169794
volume_quality=0.215129
