epsilon_quality=0.112957
volume_quality=0.13089
