epsilon_quality=0.0995562
volume_quality=0.0257409
