epsilon_quality=0.123175
volume_quality=0.14194
