epsilon_quality=0.0704983
volume_quality=0.0471857
