epsilon_quality=0.0259897
volume_quality=0.00277486
