epsilon_quality=0.0285725
volume_quality=0.00118841
