epsilon_quality=0.104354
volume_quality=0.0483227
