epsilon_quality=0.0876967
volume_quality=0.0263304
