epsilon_quality=0.0871142
volume_quality=0.0285118
