epsilon_quality=0.0215554
volume_quality=0.001436
