epsilon_quality=0.0331491
volume_quality=0.0339573
