epsilon_quality=0.118861
volume_quality=0.0754675
