epsilon_quality=0.0215569
volume_quality=0.0108582
