epsilon_quality=0.0199781
volume_quality=0.0055185
