epsilon_quality=0.0910486
volume_quality=0.176697
