epsilon_quality=0.060068
volume_quality=0.0655759
