epsilon_quality=0.0705088
volume_quality=0.0182265
