epsilon_quality=0.0176096
volume_quality=0.0140047
