epsilon_quality=0.00392852
volume_quality=0.468211
