epsilon_quality=0.0173386
volume_quality=0.0125352
