epsilon_quality=0.305209
volume_quality=0.827897
