epsilon_quality=0.0483361
volume_quality=0.0101508
