epsilon_quality=0.00711042
volume_quality=0.00666354
