epsilon_quality=0.160916
volume_quality=0.392316
