epsilon_quality=0.111068
volume_quality=0.311315
