epsilon_quality=0.104707
volume_quality=1.04849
