epsilon_quality=0.116307
volume_quality=0.443038
