epsilon_quality=0.205887
volume_quality=1.15386
