epsilon_quality=0.153026
volume_quality=0.699829
