epsilon_quality=0.0617842
volume_quality=0.105918
