epsilon_quality=0.145296
volume_quality=0.111141
