epsilon_quality=0.0835115
volume_quality=0.0315572
