epsilon_quality=0.108597
volume_quality=0.108237
