epsilon_quality=0.0556571
volume_quality=0.0620596
