epsilon_quality=0.0481736
volume_quality=0.00972708
