epsilon_quality=0.0831086
volume_quality=0.28886
