gpsEpsilon=90.7128
gpsVolume=121.167
mQualEpsilon=0.0947706
mQualVolume=0.051479
new_planned_energy=36.4135
