gpsEpsilon=131.114
gpsVolume=95.9932
mQualEpsilon=1.85543
mQualVolume=49.8713
new_planned_energy=-1.85543
