gpsEpsilon=131.114
gpsVolume=95.9932
mQualEpsilon=1.53761
mQualVolume=47.2285
new_planned_energy=-1.53761
