gpsEpsilon=125.219
gpsVolume=113.922
mQualEpsilon=0.103589
mQualVolume=0.0395833
new_planned_energy=28.384
