gpsEpsilon=133.815
gpsVolume=118.588
mQualEpsilon=1.94355
mQualVolume=56.1353
new_planned_energy=-1.94355
