gpsEpsilon=133.815
gpsVolume=118.588
mQualEpsilon=1.91869
mQualVolume=56.3477
new_planned_energy=-1.91869
