gpsEpsilon=133.815
gpsVolume=118.588
mQualEpsilon=1.89847
mQualVolume=56.1843
new_planned_energy=-1.89847
