gpsEpsilon=98.6947
gpsVolume=77.0821
mQualEpsilon=1.85339
mQualVolume=52.5058
new_planned_energy=-1.85339
