gpsEpsilon=98.6947
gpsVolume=77.0821
mQualEpsilon=1.80117
mQualVolume=52.0873
new_planned_energy=-1.80117
