gpsEpsilon=98.6947
gpsVolume=77.0821
mQualEpsilon=1.78487
mQualVolume=55.4707
new_planned_energy=-1.78487
