gpsEpsilon=98.6947
gpsVolume=77.0821
mQualEpsilon=0.0492881
mQualVolume=0.00779627
new_planned_energy=13.21
