gpsEpsilon=122.641
gpsVolume=77.0821
mQualEpsilon=1.71703
mQualVolume=54.0001
new_planned_energy=-1.71703
