gpsEpsilon=122.641
gpsVolume=77.0821
mQualEpsilon=1.71478
mQualVolume=53.5674
new_planned_energy=-1.71478
