gpsEpsilon=122.641
gpsVolume=136.517
mQualEpsilon=0.0450265
mQualVolume=0.0063507
new_planned_energy=21.0429
