epsilon_quality=0.146533
volume_quality=0.0822366
