epsilon_quality=0.139159
volume_quality=0.13675
