epsilon_quality=0.0187612
volume_quality=0.0306958
