epsilon_quality=0.0286063
volume_quality=0.00183735
