epsilon_quality=0.0372942
volume_quality=0.0024271
