epsilon_quality=0.0291992
volume_quality=0.0398938
