epsilon_quality=0.0414397
volume_quality=0.0111651
