epsilon_quality=0.0473864
volume_quality=0.0181921
