epsilon_quality=0.0885677
volume_quality=0.0542509
