epsilon_quality=0.083227
volume_quality=0.0888678
