epsilon_quality=0.0463837
volume_quality=0.0656715
