epsilon_quality=0.133092
volume_quality=0.157202
