epsilon_quality=0.0381723
volume_quality=0.0137616
