epsilon_quality=0.0801428
volume_quality=0.746551
