epsilon_quality=0.0582926
volume_quality=0.0748527
