epsilon_quality=0.00824522
volume_quality=0.0279814
