epsilon_quality=0.0443036
volume_quality=0.018316
