epsilon_quality=0.0184949
volume_quality=0.0205892
