epsilon_quality=0.0615035
volume_quality=0.0217844
