epsilon_quality=0.0390728
volume_quality=0.0126953
