epsilon_quality=0.00708349
volume_quality=0.0843102
