epsilon_quality=0.063829
volume_quality=0.0414221
