epsilon_quality=0.203198
volume_quality=0.422612
