epsilon_quality=0.119206
volume_quality=0.224317
