epsilon_quality=0.110288
volume_quality=0.203759
