epsilon_quality=0.0468138
volume_quality=0.00634338
