epsilon_quality=0.0444379
volume_quality=0.00910495
