epsilon_quality=0.123075
volume_quality=0.140761
