epsilon_quality=0.0703582
volume_quality=0.037908
