epsilon_quality=0.0163682
volume_quality=0.0743004
