epsilon_quality=0.212662
volume_quality=0.70139
