epsilon_quality=0.105438
volume_quality=0.216631
