epsilon_quality=0.0895245
volume_quality=0.0845822
