epsilon_quality=0.100611
volume_quality=0.169871
