epsilon_quality=0.0903738
volume_quality=0.0304522
