epsilon_quality=0.068301
volume_quality=0.206942
