epsilon_quality=0.103322
volume_quality=0.0804066
