epsilon_quality=0.145142
volume_quality=0.182964
