epsilon_quality=0.171026
volume_quality=0.917683
