epsilon_quality=0.106664
volume_quality=0.115148
