epsilon_quality=0.159806
volume_quality=0.211945
