epsilon_quality=0.223169
volume_quality=0.43856
