epsilon_quality=0.144388
volume_quality=0.104614
