epsilon_quality=0.0431791
volume_quality=0.0049885
