epsilon_quality=0.0894244
volume_quality=0.34496
