epsilon_quality=0.0407138
volume_quality=0.0745687
