epsilon_quality=0.0738964
volume_quality=0.0743646
