epsilon_quality=0.0718189
volume_quality=0.0905556
