epsilon_quality=0.0230777
volume_quality=0.0623925
