epsilon_quality=0.0659938
volume_quality=0.0587797
