epsilon_quality=0.109162
volume_quality=0.184524
