epsilon_quality=0.120669
volume_quality=0.341419
