epsilon_quality=0.0576153
volume_quality=0.0644105
