epsilon_quality=0.157832
volume_quality=0.378005
