epsilon_quality=0.0635586
volume_quality=0.0131537
