epsilon_quality=0.0396058
volume_quality=0.0243405
