epsilon_quality=0.0478539
volume_quality=0.0189018
