epsilon_quality=0.118343
volume_quality=0.243063
