epsilon_quality=0.228881
volume_quality=0.558628
