epsilon_quality=0.211159
volume_quality=0.559333
