epsilon_quality=0.0175579
volume_quality=0.0165138
