epsilon_quality=0.0955114
volume_quality=0.116726
