epsilon_quality=0.0594027
volume_quality=0.00926598
