epsilon_quality=0.102775
volume_quality=0.0437066
