epsilon_quality=0.112291
volume_quality=0.0422266
