epsilon_quality=0.152793
volume_quality=0.10733
