epsilon_quality=0.0257108
volume_quality=0.0239626
