epsilon_quality=0.0953074
volume_quality=0.0626222
