epsilon_quality=0.132111
volume_quality=0.087905
