epsilon_quality=0.121403
volume_quality=0.311972
