epsilon_quality=0.113349
volume_quality=0.0484779
