epsilon_quality=0.110818
volume_quality=0.0930218
