epsilon_quality=0.134502
volume_quality=0.511958
