epsilon_quality=0.0851577
volume_quality=0.173618
