epsilon_quality=0.0982551
volume_quality=0.0588925
