epsilon_quality=0.140545
volume_quality=0.172636
