epsilon_quality=0.0902999
volume_quality=0.36809
