epsilon_quality=0.0671655
volume_quality=0.708621
