epsilon_quality=0.016822
volume_quality=0.0469847
