epsilon_quality=0.130465
volume_quality=0.298328
