epsilon_quality=0.0975574
volume_quality=0.0593693
