epsilon_quality=0.117549
volume_quality=0.0371853
