epsilon_quality=0.129395
volume_quality=0.0849442
