epsilon_quality=0.0770699
volume_quality=0.0457502
