epsilon_quality=0.0931061
volume_quality=0.0504164
