epsilon_quality=0.0156704
volume_quality=0.100833
