epsilon_quality=0.0291735
volume_quality=0.125245
