epsilon_quality=0.0821153
volume_quality=0.0768772
