epsilon_quality=0.0935384
volume_quality=0.111018
