epsilon_quality=0.0205389
volume_quality=0.024698
