epsilon_quality=0.049616
volume_quality=0.0371839
