epsilon_quality=0.0300612
volume_quality=0.00114131
