epsilon_quality=0.0225996
volume_quality=0.00130191
