epsilon_quality=0.0762169
volume_quality=0.204224
