epsilon_quality=0.102817
volume_quality=0.0552934
