epsilon_quality=0.0467996
volume_quality=0.0387031
