epsilon_quality=0.106465
volume_quality=0.0919964
