epsilon_quality=0.0253176
volume_quality=0.0372096
