epsilon_quality=0.0814904
volume_quality=0.019241
