epsilon_quality=0.0573858
volume_quality=0.0537194
