gpsEpsilon=38.4117
gpsVolume=48.6441
mQualEpsilon=0.011664
mQualVolume=0.000416886
new_planned_energy=19.93
