gpsEpsilon=60.3466
gpsVolume=47.4391
mQualEpsilon=0.0237517
mQualVolume=0.00103533
new_planned_energy=62.0875
