gpsEpsilon=33.0934
gpsVolume=47.4391
mQualEpsilon=0.0135649
mQualVolume=0.00187982
new_planned_energy=73.688
