gpsEpsilon=47.8932
gpsVolume=45.738
mQualEpsilon=0.035018
mQualVolume=0.00278555
new_planned_energy=72.1195
