gpsEpsilon=48.1688
gpsVolume=47.4391
mQualEpsilon=0.0490264
mQualVolume=0.00546884
new_planned_energy=50.9965
