gpsEpsilon=36.7241
gpsVolume=45.3128
mQualEpsilon=0.0244453
mQualVolume=0.00124625
new_planned_energy=92.8003
