gpsEpsilon=18.7282
gpsVolume=42.2506
mQualEpsilon=0.0366386
mQualVolume=0.00396947
new_planned_energy=67.8655
