epsilon_quality=0.0786294
volume_quality=0.0257344
