epsilon_quality=0.00232316
volume_quality=0.00143181
