epsilon_quality=0.0741413
volume_quality=0.0516868
