epsilon_quality=0.18908
volume_quality=0.293418
