epsilon_quality=0.0658964
volume_quality=0.130646
