epsilon_quality=0.192648
volume_quality=0.317927
