epsilon_quality=0.16639
volume_quality=0.155413
