epsilon_quality=0.0435533
volume_quality=0.140957
