epsilon_quality=0.109322
volume_quality=0.333956
