epsilon_quality=0.0935262
volume_quality=1.10507
