epsilon_quality=0.0163692
volume_quality=0.0295404
