epsilon_quality=0.0542194
volume_quality=0.143147
