epsilon_quality=0.0284223
volume_quality=0.0315418
