epsilon_quality=0.0559369
volume_quality=0.0452784
