epsilon_quality=0.0779866
volume_quality=0.109207
