epsilon_quality=0.130593
volume_quality=0.147697
