epsilon_quality=0.0849365
volume_quality=0.0782073
