epsilon_quality=0.108442
volume_quality=0.0963606
