epsilon_quality=0.0841596
volume_quality=0.213813
