epsilon_quality=0.0599404
volume_quality=0.0823123
