epsilon_quality=0.112753
volume_quality=0.0891347
