epsilon_quality=0.0545547
volume_quality=0.022408
