epsilon_quality=0.121201
volume_quality=0.296093
