epsilon_quality=0.0627044
volume_quality=0.10057
