epsilon_quality=0.115718
volume_quality=0.371599
