epsilon_quality=0.0555857
volume_quality=0.0894246
