epsilon_quality=0.0195244
volume_quality=0.0526408
