epsilon_quality=0.0808238
volume_quality=0.0731583
