epsilon_quality=0.00116832
volume_quality=0.000215229
