epsilon_quality=0.0361779
volume_quality=0.0077682
