epsilon_quality=0.17515
volume_quality=0.238985
