epsilon_quality=0.191177
volume_quality=0.304937
