epsilon_quality=0.0616613
volume_quality=0.0288424
