epsilon_quality=0.0681984
volume_quality=0.0243828
