epsilon_quality=0.140382
volume_quality=0.693055
