epsilon_quality=0.0856267
volume_quality=0.0995129
