epsilon_quality=0.0159599
volume_quality=0.000483901
