epsilon_quality=0.0463599
volume_quality=0.0752369
