epsilon_quality=0.0809569
volume_quality=0.0390653
