epsilon_quality=0.0178363
volume_quality=0.0564843
