epsilon_quality=0.0931201
volume_quality=0.0519338
