epsilon_quality=0.130599
volume_quality=0.0559448
