epsilon_quality=0.0597311
volume_quality=0.065924
