epsilon_quality=0.186491
volume_quality=0.361821
