epsilon_quality=0.272324
volume_quality=1.76725
