epsilon_quality=0.0866495
volume_quality=0.179118
