epsilon_quality=0.0396643
volume_quality=0.00566156
