epsilon_quality=0.0169093
volume_quality=0.0060586
