epsilon_quality=0.0336946
volume_quality=0.00850669
