epsilon_quality=0.133097
volume_quality=0.0843914
