epsilon_quality=0.108446
volume_quality=0.0439408
