epsilon_quality=0.140712
volume_quality=0.180153
