epsilon_quality=0.0845059
volume_quality=0.158617
