epsilon_quality=0.285297
volume_quality=1.90013
