epsilon_quality=0.0302879
volume_quality=0.00681043
