epsilon_quality=0.0315754
volume_quality=0.0430874
