epsilon_quality=0.164937
volume_quality=0.286543
