epsilon_quality=0.0834998
volume_quality=0.130694
