epsilon_quality=0.378336
volume_quality=1.44934
