epsilon_quality=0.261849
volume_quality=1.05673
