epsilon_quality=0.0543034
volume_quality=0.0988359
