epsilon_quality=0.143083
volume_quality=0.437757
