epsilon_quality=0.0621679
volume_quality=0.0756365
