epsilon_quality=0.105028
volume_quality=0.493959
