epsilon_quality=0.179615
volume_quality=0.637808
