epsilon_quality=0.0769446
volume_quality=0.154895
