epsilon_quality=0.0278201
volume_quality=0.00728876
