epsilon_quality=0.0443406
volume_quality=0.0134662
