epsilon_quality=0.128376
volume_quality=0.0547425
