epsilon_quality=0.0703761
volume_quality=0.051907
