epsilon_quality=0.0891921
volume_quality=0.118176
