epsilon_quality=0.0553557
volume_quality=0.0509294
