epsilon_quality=0.212785
volume_quality=0.69897
