epsilon_quality=0.101672
volume_quality=0.350022
