epsilon_quality=0.157322
volume_quality=0.297854
