epsilon_quality=0.183089
volume_quality=0.588905
