epsilon_quality=0.0384879
volume_quality=0.0768078
