epsilon_quality=0.0263842
volume_quality=0.00373927
