epsilon_quality=0.0115094
volume_quality=0.025728
