epsilon_quality=0.0365784
volume_quality=0.051798
