epsilon_quality=0.136156
volume_quality=0.327864
