epsilon_quality=0.264938
volume_quality=1.83178
