epsilon_quality=0.104426
volume_quality=0.531071
