epsilon_quality=0.197468
volume_quality=0.715711
