epsilon_quality=0.283553
volume_quality=0.949252
