epsilon_quality=0.167868
volume_quality=0.496773
