epsilon_quality=0.0331137
volume_quality=0.0384649
