epsilon_quality=0.0515733
volume_quality=0.0278313
