epsilon_quality=0.0136183
volume_quality=0.0141614
