epsilon_quality=0.134716
volume_quality=0.170006
