epsilon_quality=0.0598876
volume_quality=0.0194018
