epsilon_quality=0.0292694
volume_quality=0.0190779
