epsilon_quality=0.0115842
volume_quality=0.0275215
