epsilon_quality=0.0421097
volume_quality=0.355614
