epsilon_quality=0.0263904
volume_quality=0.00697314
