epsilon_quality=0.0407477
volume_quality=0.00602408
