epsilon_quality=0.14205
volume_quality=0.152576
