epsilon_quality=0.0813903
volume_quality=0.178993
