epsilon_quality=0.101506
volume_quality=0.0837217
