epsilon_quality=0.226618
volume_quality=0.433913
