epsilon_quality=0.0982299
volume_quality=0.334859
