epsilon_quality=0.0517778
volume_quality=0.0216055
