epsilon_quality=0.150274
volume_quality=0.269599
