epsilon_quality=0.0416485
volume_quality=0.0321467
