epsilon_quality=0.0973034
volume_quality=0.13766
