epsilon_quality=0.0772901
volume_quality=0.0567272
