epsilon_quality=0.0412697
volume_quality=0.0877204
