epsilon_quality=0.198468
volume_quality=0.72085
