epsilon_quality=0.268183
volume_quality=0.726152
