epsilon_quality=0.0154209
volume_quality=0.0526787
