epsilon_quality=0.0632627
volume_quality=0.0586992
