epsilon_quality=0.0513761
volume_quality=0.0241744
