epsilon_quality=0.0401993
volume_quality=0.157419
