epsilon_quality=0.143491
volume_quality=0.390372
