epsilon_quality=0.0525644
volume_quality=0.110514
