epsilon_quality=0.13441
volume_quality=0.165518
