epsilon_quality=0.0541737
volume_quality=0.0762033
