epsilon_quality=0.0620964
volume_quality=0.0195251
