epsilon_quality=0.104695
volume_quality=0.201603
