epsilon_quality=0.12059
volume_quality=0.13189
