epsilon_quality=0.0748939
volume_quality=0.327668
