epsilon_quality=0.182761
volume_quality=0.990003
