epsilon_quality=0.0670198
volume_quality=0.0865013
