epsilon_quality=0.172011
volume_quality=0.341317
