epsilon_quality=0.0906204
volume_quality=0.143906
