epsilon_quality=0.210517
volume_quality=0.547211
