epsilon_quality=0.0139886
volume_quality=0.0577148
