epsilon_quality=0.0562574
volume_quality=0.0576787
