epsilon_quality=0.0727749
volume_quality=0.0394738
