epsilon_quality=0.077442
volume_quality=0.0736341
