epsilon_quality=0.000945819
volume_quality=0.00337985
