epsilon_quality=0.0837889
volume_quality=0.0386828
