epsilon_quality=0.0878972
volume_quality=0.0208039
