epsilon_quality=0.130406
volume_quality=0.272345
