epsilon_quality=0.0256354
volume_quality=0.0433079
