epsilon_quality=0.117787
volume_quality=0.367722
