epsilon_quality=0.096589
volume_quality=0.17932
