epsilon_quality=0.0438013
volume_quality=0.0730987
