epsilon_quality=0.073078
volume_quality=0.050147
