epsilon_quality=0.0445455
volume_quality=0.00986586
