epsilon_quality=0.0472725
volume_quality=0.00274337
