epsilon_quality=0.0717257
volume_quality=0.0347678
