epsilon_quality=0.0928322
volume_quality=0.15957
