epsilon_quality=0.0669659
volume_quality=0.0639718
