epsilon_quality=0.02544
volume_quality=0.00122513
