epsilon_quality=0.0305516
volume_quality=0.00295564
