epsilon_quality=0.0374172
volume_quality=0.00975326
