epsilon_quality=0.115884
volume_quality=0.411337
