epsilon_quality=0.0427021
volume_quality=0.00944184
