gpsEpsilon=19.8811
gpsVolume=186.5
mQualEpsilon=0.00330899
mQualVolume=6.50304e-05
new_planned_energy=62.4891
