gpsEpsilon=19.8811
gpsVolume=187.536
mQualEpsilon=0.00592924
mQualVolume=0.00126246
new_planned_energy=68.6581
