gpsEpsilon=19.8811
gpsVolume=189.311
mQualEpsilon=0.0456068
mQualVolume=0.012639
new_planned_energy=67.5374
