gpsEpsilon=18.5409
gpsVolume=189.927
mQualEpsilon=0.0248798
mQualVolume=0.0021507
new_planned_energy=66.8009
