gpsEpsilon=4.62595e-312
gpsVolume=-nan
mQualEpsilon=0.00685915
mQualVolume=0.00488582
new_planned_energy=70.2055
