gpsEpsilon=0
gpsVolume=2.42092e-322
mQualEpsilon=0.0412136
mQualVolume=0.00194446
new_planned_energy=72.8989
