gpsEpsilon=18.5409
gpsVolume=184.895
mQualEpsilon=0.00715428
mQualVolume=0.00194436
new_planned_energy=64.3923
