gpsEpsilon=19.8811
gpsVolume=188.044
mQualEpsilon=0.0237615
mQualVolume=0.00229727
new_planned_energy=83.3046
