gpsEpsilon=19.8811
gpsVolume=184.35
mQualEpsilon=0.0244091
mQualVolume=0.000473072
new_planned_energy=56.2387
