gpsEpsilon=19.8811
gpsVolume=192.774
mQualEpsilon=0.0130525
mQualVolume=0.00282193
new_planned_energy=68.7119
