gpsEpsilon=18.5409
gpsVolume=192.546
mQualEpsilon=0.0227746
mQualVolume=0.00149373
new_planned_energy=41.7353
