gpsEpsilon=18.5409
gpsVolume=188.293
mQualEpsilon=0.0426671
mQualVolume=0.00229169
new_planned_energy=64.3217
