epsilon_quality=0.0593481
volume_quality=0.0288639
