epsilon_quality=0.0740693
volume_quality=0.0137081
