epsilon_quality=0.153368
volume_quality=0.11133
