epsilon_quality=0.16665
volume_quality=0.335329
