epsilon_quality=0.152235
volume_quality=0.154932
