epsilon_quality=0.0546473
volume_quality=0.0629614
