epsilon_quality=0.275731
volume_quality=0.828883
