epsilon_quality=0.273591
volume_quality=1.16766
