epsilon_quality=0.0703295
volume_quality=0.0787268
