gpsEpsilon=134.052
gpsVolume=40.1594
mQualEpsilon=0.0445065
mQualVolume=0.00639179
new_planned_energy=32.7408
