gpsEpsilon=134.052
gpsVolume=40.1594
mQualEpsilon=1.47303
mQualVolume=54.7583
new_planned_energy=-1.47303
