gpsEpsilon=153.666
gpsVolume=81.4448
mQualEpsilon=0.0768455
mQualVolume=0.0100443
new_planned_energy=48.0265
