gpsEpsilon=161.576
gpsVolume=34.6631
mQualEpsilon=0.0505435
mQualVolume=0.00870244
new_planned_energy=69.4553
