gpsEpsilon=126.282
gpsVolume=13.4809
mQualEpsilon=0.000965622
mQualVolume=0.00369515
new_planned_energy=28.6548
