gpsEpsilon=148.249
gpsVolume=81.1251
mQualEpsilon=0.0325717
mQualVolume=0.00462952
new_planned_energy=21.0178
