gpsEpsilon=169.506
gpsVolume=20.2509
mQualEpsilon=0.0334132
mQualVolume=0.0109614
new_planned_energy=25.7544
