gpsEpsilon=151.037
gpsVolume=9.02109
mQualEpsilon=0.0708603
mQualVolume=0.00504846
new_planned_energy=20.1151
