gpsEpsilon=153.666
gpsVolume=81.4448
mQualEpsilon=0.0847036
mQualVolume=0.00684316
new_planned_energy=48.3094
