gpsEpsilon=155.382
gpsVolume=8.26328
mQualEpsilon=1.52329
mQualVolume=44.086
new_planned_energy=-1.52329
