gpsEpsilon=155.382
gpsVolume=8.26328
mQualEpsilon=1.53737
mQualVolume=44.7935
new_planned_energy=20.336
