gpsEpsilon=167.33
gpsVolume=19.2474
mQualEpsilon=0.023181
mQualVolume=0.00518172
new_planned_energy=57.7837
