gpsEpsilon=162.306
gpsVolume=70.2518
mQualEpsilon=0.00372907
mQualVolume=0.00307802
new_planned_energy=61.4326
