epsilon_quality=0.118321
volume_quality=0.81548
