epsilon_quality=0.262433
volume_quality=0.486618
