epsilon_quality=0.219612
volume_quality=0.428636
