epsilon_quality=0.121676
volume_quality=0.364357
