epsilon_quality=0.0558359
volume_quality=0.0606613
