epsilon_quality=0.0757018
volume_quality=0.151445
