epsilon_quality=0.162115
volume_quality=0.706401
