epsilon_quality=0.103986
volume_quality=0.0831271
