epsilon_quality=0.0645032
volume_quality=0.0445976
