epsilon_quality=0.0131624
volume_quality=0.0101107
