epsilon_quality=0.0773935
volume_quality=0.0509436
