epsilon_quality=0.0225975
volume_quality=0.0047558
