epsilon_quality=0.0274288
volume_quality=0.0384987
