epsilon_quality=0.0373764
volume_quality=0.0638926
