epsilon_quality=0.067438
volume_quality=0.0453167
