epsilon_quality=0.00417322
volume_quality=0.0418432
