epsilon_quality=0.0403158
volume_quality=0.0239125
