epsilon_quality=0.144136
volume_quality=0.544835
