epsilon_quality=0.0354189
volume_quality=0.00523346
