epsilon_quality=0.0408066
volume_quality=0.0192177
