epsilon_quality=0.0737134
volume_quality=0.0348815
