epsilon_quality=0.203413
volume_quality=0.402216
