epsilon_quality=0.0983459
volume_quality=0.0848173
