epsilon_quality=0.00781748
volume_quality=0.13953
