epsilon_quality=0.0689053
volume_quality=0.113166
