epsilon_quality=0.111227
volume_quality=0.0785936
