epsilon_quality=0.254299
volume_quality=0.774197
