epsilon_quality=0.0994789
volume_quality=0.0814424
