epsilon_quality=0.166245
volume_quality=0.120025
