epsilon_quality=0.0270178
volume_quality=0.0184148
