epsilon_quality=0.0261784
volume_quality=0.142187
