epsilon_quality=0.123271
volume_quality=0.0873055
