epsilon_quality=0.403429
volume_quality=2.81628
