epsilon_quality=0.0217669
volume_quality=0.60204
