epsilon_quality=0.0721911
volume_quality=0.0157783
