epsilon_quality=0.0114195
volume_quality=0.0104527
