epsilon_quality=0.0332068
volume_quality=0.0739891
