epsilon_quality=0.0125209
volume_quality=0.00590409
