epsilon_quality=0.132177
volume_quality=0.0786689
