epsilon_quality=0.00849905
volume_quality=0.00349354
