epsilon_quality=0.0434797
volume_quality=0.0131255
