epsilon_quality=0.0748481
volume_quality=0.0131626
