epsilon_quality=0.088652
volume_quality=0.0558828
