epsilon_quality=0.235632
volume_quality=0.82801
