epsilon_quality=0.0151163
volume_quality=0.00165751
