epsilon_quality=0.00210995
volume_quality=0.00264934
