epsilon_quality=0.00417127
volume_quality=0.0587298
