epsilon_quality=0.220766
volume_quality=0.679169
