epsilon_quality=0.220366
volume_quality=0.505362
