epsilon_quality=0.0687285
volume_quality=0.0863356
