epsilon_quality=0.101033
volume_quality=0.134987
