epsilon_quality=0.0622546
volume_quality=0.0333929
