epsilon_quality=0.012288
volume_quality=0.00496585
