epsilon_quality=0.0832462
volume_quality=0.203271
