epsilon_quality=0.0453683
volume_quality=0.194334
