epsilon_quality=0.102621
volume_quality=0.426089
