epsilon_quality=0.124461
volume_quality=0.483501
