epsilon_quality=0.17484
volume_quality=0.578643
