epsilon_quality=0.106622
volume_quality=0.462353
