epsilon_quality=0.135248
volume_quality=0.236495
