epsilon_quality=0.185147
volume_quality=0.195885
