epsilon_quality=0.0711363
volume_quality=0.0447372
