epsilon_quality=0.037229
volume_quality=0.00123608
