epsilon_quality=0.0336867
volume_quality=0.00784857
