epsilon_quality=0.0123497
volume_quality=0.00211501
