epsilon_quality=0.0657119
volume_quality=0.0776457
