epsilon_quality=0.0735901
volume_quality=0.0794066
