epsilon_quality=0.125399
volume_quality=0.468288
