gpsEpsilon=205.424
gpsVolume=83.6298
mQualEpsilon=0.00588236
mQualVolume=0.00159136
new_planned_energy=73.6033
