gpsEpsilon=207.837
gpsVolume=99.8977
mQualEpsilon=1.71696
mQualVolume=45.6978
new_planned_energy=-1.71696
