gpsEpsilon=197.21
gpsVolume=89.4032
mQualEpsilon=0.0317349
mQualVolume=0.0132965
new_planned_energy=66.0618
