gpsEpsilon=185.189
gpsVolume=90.4367
mQualEpsilon=0.0684626
mQualVolume=0.0111908
new_planned_energy=48.5346
