gpsEpsilon=192.024
gpsVolume=95.061
mQualEpsilon=0.049015
mQualVolume=0.00939065
new_planned_energy=39.6007
