gpsEpsilon=166.922
gpsVolume=91.792
mQualEpsilon=0.0705011
mQualVolume=0.0187871
new_planned_energy=17.0032
