gpsEpsilon=27.6949
gpsVolume=33.4124
mQualEpsilon=0.0586542
mQualVolume=0.0108666
new_planned_energy=28.4276
