gpsEpsilon=26.6926
gpsVolume=98.4951
mQualEpsilon=0.0684626
mQualVolume=0.0111908
new_planned_energy=48.0299
