gpsEpsilon=26.6926
gpsVolume=98.4951
mQualEpsilon=1.76928
mQualVolume=48.2313
new_planned_energy=-1.76928
