gpsEpsilon=23.1882
gpsVolume=46.336
mQualEpsilon=0.0306074
mQualVolume=0.00305319
new_planned_energy=41.241
