gpsEpsilon=0
gpsVolume=0
mQualEpsilon=0.00969308
mQualVolume=0.000164756
new_planned_energy=24.6013
