gpsEpsilon=27.7945
gpsVolume=31.8399
mQualEpsilon=0.0614092
mQualVolume=0.0137026
new_planned_energy=19.3046
