gpsEpsilon=27.7945
gpsVolume=31.8399
mQualEpsilon=1.81975
mQualVolume=57.1517
new_planned_energy=-1.81975
