gpsEpsilon=-0.235778
gpsVolume=1.118
mQualEpsilon=1.74902
mQualVolume=45.2307
new_planned_energy=-1.74902
