gpsEpsilon=-0.235778
gpsVolume=1.118
mQualEpsilon=1.69508
mQualVolume=52.7499
new_planned_energy=-1.69508
