gpsEpsilon=-0.235778
gpsVolume=1.118
mQualEpsilon=1.74578
mQualVolume=45.2072
new_planned_energy=-1.74578
