gpsEpsilon=-0.235778
gpsVolume=1.118
mQualEpsilon=1.74743
mQualVolume=45.216
new_planned_energy=15.6662
