gpsEpsilon=0.98299
gpsVolume=0.094086
mQualEpsilon=0.0232272
mQualVolume=0.000874417
new_planned_energy=56.2921
