gpsEpsilon=-0.0739352
gpsVolume=0.169955
mQualEpsilon=0.00902028
mQualVolume=0.00225869
new_planned_energy=33.7011
