epsilon_quality=0.220927
volume_quality=0.330163
