epsilon_quality=0.110782
volume_quality=0.128704
