epsilon_quality=0.122864
volume_quality=0.0881163
