epsilon_quality=0.0376246
volume_quality=0.0366216
