epsilon_quality=0.0273267
volume_quality=0.00676665
