gpsEpsilon=158.309
gpsVolume=36.4823
mQualEpsilon=0.00767198
mQualVolume=0.00190362
new_planned_energy=53.6822
