gpsEpsilon=1.21359e-315
gpsVolume=1.2556e-315
mQualEpsilon=0.0504576
mQualVolume=0.0084646
new_planned_energy=75.1296
