gpsEpsilon=1.05537e-315
gpsVolume=1.97626e-323
mQualEpsilon=-1
mQualVolume=0.00599076
new_planned_energy=58.0917
