gpsEpsilon=1.10699e-315
gpsVolume=1.00545e-315
mQualEpsilon=0.00219494
mQualVolume=0.00621062
new_planned_energy=55.5536
