gpsEpsilon=140.257
gpsVolume=35.2958
mQualEpsilon=0.00767198
mQualVolume=0.00190362
new_planned_energy=72.7594
