gpsEpsilon=0
gpsVolume=2.42092e-322
mQualEpsilon=-1
mQualVolume=0.00621728
new_planned_energy=60.5323
