epsilon_quality=0.0565126
volume_quality=0.0808247
