epsilon_quality=0.0939416
volume_quality=0.0417422
