epsilon_quality=0.0413221
volume_quality=0.0209286
