epsilon_quality=0.00474015
volume_quality=0.0349292
