epsilon_quality=0.0314675
volume_quality=0.0292009
