gpsEpsilon=0
gpsVolume=0
mQualEpsilon=0.0456104
mQualVolume=0.00229829
new_planned_energy=52.8862
