gpsEpsilon=134.814
gpsVolume=112.674
mQualEpsilon=0.0367989
mQualVolume=0.00238189
new_planned_energy=36.3661
