gpsEpsilon=49.2013
gpsVolume=82.9925
mQualEpsilon=0.0209425
mQualVolume=0.0031499
new_planned_energy=34.0034
