gpsEpsilon=80.0735
gpsVolume=94.2363
mQualEpsilon=0.0548485
mQualVolume=0.0151484
new_planned_energy=57.082
