gpsEpsilon=116.372
gpsVolume=42.5912
mQualEpsilon=0.0175562
mQualVolume=0.0095826
new_planned_energy=54.8134
