gpsEpsilon=0.669853
gpsVolume=2.42092e-322
mQualEpsilon=0.00927192
mQualVolume=0.00013777
new_planned_energy=24.5808
