gpsEpsilon=0.672791
gpsVolume=-0.471618
mQualEpsilon=0.05691
mQualVolume=0.00566991
new_planned_energy=39.3262
