gpsEpsilon=0
gpsVolume=0
mQualEpsilon=0.00798526
mQualVolume=0.00347248
new_planned_energy=27.4342
