gpsEpsilon=2.57465e-316
gpsVolume=0.66273
mQualEpsilon=0.0877531
mQualVolume=0.0100733
new_planned_energy=36.1306
