gpsEpsilon=0.672791
gpsVolume=-0.471618
mQualEpsilon=-1
mQualVolume=0.0074709
new_planned_energy=47.5626
