gpsEpsilon=0.2501
gpsVolume=0.109524
mQualEpsilon=0.0312108
mQualVolume=0.00269122
new_planned_energy=54.0671
