gpsEpsilon=0.672791
gpsVolume=-0.471618
mQualEpsilon=0.0877531
mQualVolume=0.0100733
new_planned_energy=54.532
