gpsEpsilon=0.577093
gpsVolume=2.42092e-322
mQualEpsilon=0.0456104
mQualVolume=0.00229829
new_planned_energy=47.7604
