epsilon_quality=0.10358
volume_quality=0.068105
