epsilon_quality=0.0541633
volume_quality=0.0520258
