epsilon_quality=0.0302247
volume_quality=0.0844975
