epsilon_quality=0.0291862
volume_quality=0.00681857
