epsilon_quality=0.163784
volume_quality=0.228838
