gpsEpsilon=21.2836
gpsVolume=46.4259
mQualEpsilon=0.0124668
mQualVolume=0.00302445
new_planned_energy=38.1377
