gpsEpsilon=3.49083e-316
gpsVolume=1.97626e-323
mQualEpsilon=-1
mQualVolume=0.00950409
new_planned_energy=36.3984
