gpsEpsilon=3.49083e-316
gpsVolume=1.97626e-323
mQualEpsilon=-1
mQualVolume=23.2841
new_planned_energy=14.3966
