gpsEpsilon=6.1519e-316
gpsVolume=6.95335e-310
mQualEpsilon=0.0152693
mQualVolume=0.00226129
new_planned_energy=20.5348
