gpsEpsilon=9.43026e-316
gpsVolume=0
mQualEpsilon=-1
mQualVolume=0.00179869
new_planned_energy=86.6281
