gpsEpsilon=9.2395e-316
gpsVolume=1.35703
mQualEpsilon=-1
mQualVolume=0.00228965
new_planned_energy=45.5988
