gpsEpsilon=5.73993e-316
gpsVolume=6.95335e-310
mQualEpsilon=-1
mQualVolume=0.000468957
new_planned_energy=101.826
