gpsEpsilon=7.94458e-321
gpsVolume=2.122e-314
mQualEpsilon=0.016956
mQualVolume=0.00840217
new_planned_energy=25.6642
