gpsEpsilon=8.0485e-316
gpsVolume=6.95335e-310
mQualEpsilon=0.0153702
mQualVolume=0.0262857
new_planned_energy=62.7152
