gpsEpsilon=5.83921e-316
gpsVolume=5.77866e-316
mQualEpsilon=-1
mQualVolume=0.000890571
new_planned_energy=63.419
