gpsEpsilon=-0.986557
gpsVolume=-0.041325
mQualEpsilon=0.0291
mQualVolume=0.00614038
new_planned_energy=54.8197
