gpsEpsilon=28.5984
gpsVolume=6.82922
mQualEpsilon=0.136001
mQualVolume=0.0539455
new_planned_energy=84.8147
