gpsEpsilon=18.1223
gpsVolume=9.28347
mQualEpsilon=-1
mQualVolume=0.0108623
new_planned_energy=29.3757
