epsilon_quality=0.181537
volume_quality=0.606438
