epsilon_quality=0.0292797
volume_quality=0.146721
