epsilon_quality=0.090522
volume_quality=0.24067
