epsilon_quality=0.0666894
volume_quality=0.0236178
