epsilon_quality=0.155807
volume_quality=0.232014
