epsilon_quality=0.198344
volume_quality=0.338585
