epsilon_quality=0.186984
volume_quality=0.800713
