epsilon_quality=0.0236445
volume_quality=0.0339647
