epsilon_quality=0.055523
volume_quality=0.0635764
