epsilon_quality=0.169571
volume_quality=0.662029
