epsilon_quality=0.355574
volume_quality=1.60758
