epsilon_quality=0.0891938
volume_quality=0.0422352
