epsilon_quality=0.27139
volume_quality=0.643844
