epsilon_quality=0.109459
volume_quality=0.163078
