epsilon_quality=0.0899948
volume_quality=0.0954792
