epsilon_quality=0.107051
volume_quality=0.254024
