epsilon_quality=0.122784
volume_quality=1.89564
