epsilon_quality=0.102423
volume_quality=0.452092
