epsilon_quality=0.151918
volume_quality=0.595829
