epsilon_quality=0.239411
volume_quality=0.447282
