epsilon_quality=0.118331
volume_quality=0.279414
