epsilon_quality=0.108459
volume_quality=0.833127
