epsilon_quality=0.0381443
volume_quality=0.0652641
