epsilon_quality=0.00143335
volume_quality=0.0249426
