epsilon_quality=0.10418
volume_quality=0.644499
