epsilon_quality=0.0679149
volume_quality=0.0291766
