epsilon_quality=0.119316
volume_quality=1.01021
