epsilon_quality=0.226688
volume_quality=1.41637
