epsilon_quality=0.142158
volume_quality=1.81063
