epsilon_quality=0.10654
volume_quality=0.108709
