epsilon_quality=0.0766591
volume_quality=0.108992
