epsilon_quality=0.135915
volume_quality=0.179254
