epsilon_quality=0.104544
volume_quality=0.112791
