epsilon_quality=0.0936221
volume_quality=0.17773
