epsilon_quality=0.0479444
volume_quality=0.0223093
