epsilon_quality=0.0471287
volume_quality=0.0926347
