epsilon_quality=0.166071
volume_quality=0.313527
