epsilon_quality=0.123006
volume_quality=0.280864
