epsilon_quality=0.0655359
volume_quality=0.181377
