epsilon_quality=0.134565
volume_quality=0.847761
