epsilon_quality=0.00350996
volume_quality=0.0805684
