epsilon_quality=0.25892
volume_quality=0.905282
