epsilon_quality=0.183991
volume_quality=0.56605
