epsilon_quality=0.13289
volume_quality=0.124332
