epsilon_quality=0.153394
volume_quality=0.0736367
