epsilon_quality=0.0640123
volume_quality=0.0282032
