epsilon_quality=0.211517
volume_quality=0.711289
