epsilon_quality=0.184015
volume_quality=1.49374
