epsilon_quality=0.0984816
volume_quality=0.226787
