epsilon_quality=0.166821
volume_quality=0.703905
