epsilon_quality=0.0895839
volume_quality=0.568677
