epsilon_quality=0.236249
volume_quality=0.897361
