epsilon_quality=0.191041
volume_quality=0.955521
