epsilon_quality=0.0332782
volume_quality=0.00798798
