epsilon_quality=0.0500268
volume_quality=0.00399905
