epsilon_quality=0.058828
volume_quality=0.0790034
