epsilon_quality=0.0433555
volume_quality=0.0363679
