epsilon_quality=0.0417243
volume_quality=0.0276779
