epsilon_quality=0.0725254
volume_quality=0.0518185
