epsilon_quality=0.129415
volume_quality=0.268323
