epsilon_quality=0.00862179
volume_quality=0.0157797
