epsilon_quality=0.110753
volume_quality=0.131674
