epsilon_quality=0.00628372
volume_quality=0.00689633
