epsilon_quality=0.108972
volume_quality=0.274136
