epsilon_quality=0.0959812
volume_quality=0.130075
