epsilon_quality=0.227947
volume_quality=0.788194
