epsilon_quality=0.184246
volume_quality=0.423631
