epsilon_quality=0.0289588
volume_quality=0.00561197
