epsilon_quality=0.156888
volume_quality=0.16408
