epsilon_quality=0.15419
volume_quality=0.80003
