epsilon_quality=0.0105367
volume_quality=0.00605109
