epsilon_quality=0.115629
volume_quality=0.10529
