epsilon_quality=0.106478
volume_quality=0.0686779
