epsilon_quality=0.0727278
volume_quality=0.043142
