epsilon_quality=0.0596534
volume_quality=0.0253282
