epsilon_quality=0.0782489
volume_quality=0.0280227
