epsilon_quality=0.0337521
volume_quality=0.022567
