epsilon_quality=0.308418
volume_quality=0.682551
