epsilon_quality=0.00225743
volume_quality=0.000856325
