epsilon_quality=0.127115
volume_quality=0.17445
