epsilon_quality=0.102861
volume_quality=0.181626
