epsilon_quality=0.177164
volume_quality=0.558223
