epsilon_quality=0.0233766
volume_quality=0.0051473
