epsilon_quality=0.00389469
volume_quality=0.00352813
