epsilon_quality=0.0841212
volume_quality=0.0835995
