epsilon_quality=0.158383
volume_quality=0.464759
