epsilon_quality=0.0118249
volume_quality=0.103464
