epsilon_quality=0.0144133
volume_quality=0.216772
