epsilon_quality=0.00207149
volume_quality=0.00480806
