epsilon_quality=0.0797479
volume_quality=0.332148
