epsilon_quality=0.199334
volume_quality=0.514233
