epsilon_quality=0.138781
volume_quality=0.293246
