epsilon_quality=0.193552
volume_quality=0.44756
