epsilon_quality=0.249461
volume_quality=0.446373
