epsilon_quality=0.0338743
volume_quality=0.39519
