epsilon_quality=0.112343
volume_quality=0.270907
