epsilon_quality=0.176732
volume_quality=0.396846
