epsilon_quality=0.167552
volume_quality=0.45352
