epsilon_quality=0.0627646
volume_quality=0.0533065
