epsilon_quality=0.036498
volume_quality=0.019349
