epsilon_quality=0.095771
volume_quality=0.440435
