epsilon_quality=0.17503
volume_quality=0.537744
