gpsEpsilon=1.49944
gpsVolume=8.49
mQualEpsilon=-1
mQualVolume=0.0049046
new_planned_energy=34.5215
