gpsEpsilon=3.69402e-33
gpsVolume=5.63485e-62
mQualEpsilon=-1
mQualVolume=0.0051692
new_planned_energy=63.3802
