gpsEpsilon=127.826
gpsVolume=39.4835
mQualEpsilon=0.0131109
mQualVolume=0.012471
new_planned_energy=16.4976
