gpsEpsilon=39.3852
gpsVolume=42.5922
mQualEpsilon=0.0987759
mQualVolume=0.0214062
new_planned_energy=47.5559
