gpsEpsilon=216.13
gpsVolume=155.096
mQualEpsilon=0.0937733
mQualVolume=0.0191072
new_planned_energy=36.7893
