gpsEpsilon=217.448
gpsVolume=155.47
mQualEpsilon=0.0313873
mQualVolume=0.0144792
new_planned_energy=39.7413
