gpsEpsilon=218.609
gpsVolume=155.943
mQualEpsilon=0.122421
mQualVolume=0.0362446
new_planned_energy=41.4514
