gpsEpsilon=9.72998
gpsVolume=9.96168
mQualEpsilon=-1
mQualVolume=0.0106205
new_planned_energy=61.4361
