gpsEpsilon=1.56721e-315
gpsVolume=0
mQualEpsilon=0.053541
mQualVolume=0.015868
new_planned_energy=54.2759
