epsilon_quality=0.0280108
volume_quality=0.0152942
