epsilon_quality=0.0945357
volume_quality=0.131957
