epsilon_quality=0.0292775
volume_quality=0.00150494
