epsilon_quality=0.0840848
volume_quality=0.0372036
