epsilon_quality=0.0229752
volume_quality=0.109591
