epsilon_quality=0.0460915
volume_quality=0.119388
