epsilon_quality=0.18735
volume_quality=0.614579
