epsilon_quality=0.143433
volume_quality=0.625531
