epsilon_quality=0.0627973
volume_quality=0.0843133
