epsilon_quality=0.0390763
volume_quality=0.0286805
