epsilon_quality=0.00757604
volume_quality=0.0316645
