epsilon_quality=0.00860159
volume_quality=0.0326632
