epsilon_quality=0.0249001
volume_quality=0.300274
