epsilon_quality=0.161832
volume_quality=0.534463
