epsilon_quality=0.145865
volume_quality=0.465365
