epsilon_quality=0.0366527
volume_quality=0.140334
