gpsEpsilon=19.9264
gpsVolume=172.872
mQualEpsilon=1.67061
mQualVolume=52.8447
new_planned_energy=-1.67061
