gpsEpsilon=19.9264
gpsVolume=172.872
mQualEpsilon=1.64635
mQualVolume=52.5881
new_planned_energy=-1.64635
