gpsEpsilon=19.9264
gpsVolume=172.872
mQualEpsilon=1.24346
mQualVolume=40.6762
new_planned_energy=-1.24346
