gpsEpsilon=37.3435
gpsVolume=188.212
mQualEpsilon=0.042393
mQualVolume=0.000965491
new_planned_energy=98.8663
