gpsEpsilon=21.8364
gpsVolume=104.064
mQualEpsilon=0.0280437
mQualVolume=0.00106288
new_planned_energy=95.3244
