gpsEpsilon=10.73
gpsVolume=11.49
mQualEpsilon=0.0157045
mQualVolume=0.00113213
new_planned_energy=18.6441
