gpsEpsilon=25.6819
gpsVolume=123.292
mQualEpsilon=0.0170682
mQualVolume=0.00156017
new_planned_energy=101.983
