gpsEpsilon=17.991
gpsVolume=104.064
mQualEpsilon=0.0121292
mQualVolume=0.000284591
new_planned_energy=94.247
