gpsEpsilon=1.97805e-316
gpsVolume=9.88131e-324
mQualEpsilon=-1
mQualVolume=0.000699215
new_planned_energy=99.8469
