gpsEpsilon=9.18873e-316
gpsVolume=-0.00212546
mQualEpsilon=-1
mQualVolume=0.000351007
new_planned_energy=94.2205
