gpsEpsilon=10.7334
gpsVolume=1.00063
mQualEpsilon=-1
mQualVolume=0.000141277
new_planned_energy=95.0962
