gpsEpsilon=17.991
gpsVolume=125.818
mQualEpsilon=0.0639331
mQualVolume=0.00369201
new_planned_energy=91.9718
