gpsEpsilon=136.361
gpsVolume=137.66
mQualEpsilon=1.47514
mQualVolume=46.2189
new_planned_energy=-1.47514
