gpsEpsilon=136.361
gpsVolume=137.66
mQualEpsilon=1.47857
mQualVolume=45.9671
new_planned_energy=-1.47857
