gpsEpsilon=136.361
gpsVolume=137.66
mQualEpsilon=1.46612
mQualVolume=45.7044
new_planned_energy=-1.46612
