gpsEpsilon=136.361
gpsVolume=137.66
mQualEpsilon=1.45303
mQualVolume=45.5298
new_planned_energy=-1.45303
