epsilon_quality=0.0776543
volume_quality=0.0370322
