epsilon_quality=0.0918358
volume_quality=0.214917
