epsilon_quality=0.00359081
volume_quality=0.0615168
