epsilon_quality=0.0691941
volume_quality=0.267355
