epsilon_quality=0.0494173
volume_quality=0.0550084
