epsilon_quality=0.0151686
volume_quality=0.000691919
