epsilon_quality=0.0913089
volume_quality=0.0389852
