epsilon_quality=0.071117
volume_quality=0.0254816
