epsilon_quality=0.0926371
volume_quality=0.163891
