epsilon_quality=0.0302238
volume_quality=0.0043504
