epsilon_quality=0.066513
volume_quality=0.0545929
