epsilon_quality=0.0888996
volume_quality=0.0592852
