epsilon_quality=0.192655
volume_quality=0.280036
