gpsEpsilon=0
gpsVolume=2.42092e-322
mQualEpsilon=0.0786377
mQualVolume=0.0102715
new_planned_energy=74.7323
