gpsEpsilon=2.47404e-316
gpsVolume=0
mQualEpsilon=-1
mQualVolume=0.0154272
new_planned_energy=59.2468
