gpsEpsilon=-0.301327
gpsVolume=0.544005
mQualEpsilon=-1
mQualVolume=0.0109123
new_planned_energy=47.9801
