gpsEpsilon=0.523746
gpsVolume=2.42092e-322
mQualEpsilon=0.0399481
mQualVolume=0.00717392
new_planned_energy=47.5366
