gpsEpsilon=2.44785e-316
gpsVolume=0
mQualEpsilon=0.0323483
mQualVolume=0.0126456
new_planned_energy=87.233
