gpsEpsilon=0.711953
gpsVolume=0.304746
mQualEpsilon=0.0183751
mQualVolume=0.0149754
new_planned_energy=68.4389
