gpsEpsilon=0.0885391
gpsVolume=2.42092e-322
mQualEpsilon=-1
mQualVolume=0.0100461
new_planned_energy=54.4005
