gpsEpsilon=0.0310544
gpsVolume=2.42092e-322
mQualEpsilon=-1
mQualVolume=0.00690726
new_planned_energy=45.3391
