gpsEpsilon=0.936683
gpsVolume=-0.293824
mQualEpsilon=0.0146266
mQualVolume=0.00195701
new_planned_energy=56.4348
