gpsEpsilon=0.523746
gpsVolume=2.42092e-322
mQualEpsilon=-1
mQualVolume=0.00840659
new_planned_energy=70.0101
