gpsEpsilon=0
gpsVolume=2.42092e-322
mQualEpsilon=0.0439395
mQualVolume=0.0210352
new_planned_energy=82.5833
