gpsEpsilon=0.957248
gpsVolume=-0.153959
mQualEpsilon=0.0537085
mQualVolume=0.0153005
new_planned_energy=93.5617
