gpsEpsilon=0.759017
gpsVolume=2.42092e-322
mQualEpsilon=0.0221223
mQualVolume=0.00481073
new_planned_energy=81.3474
