gpsEpsilon=4.79838e-316
gpsVolume=0
mQualEpsilon=0.0640644
mQualVolume=0.00597257
new_planned_energy=64.4966
