gpsEpsilon=2.54639e-313
gpsVolume=2.47091e-316
mQualEpsilon=0.0447901
mQualVolume=0.00463839
new_planned_energy=66.3985
