epsilon_quality=0.0344554
volume_quality=0.00166294
