epsilon_quality=0.0820325
volume_quality=0.165694
