epsilon_quality=0.132612
volume_quality=0.107102
