epsilon_quality=0.06918
volume_quality=0.0305751
