epsilon_quality=0.19197
volume_quality=1.15214
