epsilon_quality=0.00291839
volume_quality=0.0365948
