epsilon_quality=0.192133
volume_quality=0.350029
