epsilon_quality=0.0649414
volume_quality=0.122811
