epsilon_quality=0.103179
volume_quality=0.050038
