epsilon_quality=0.0840227
volume_quality=0.022744
