epsilon_quality=0.0883325
volume_quality=0.0287216
