epsilon_quality=0.0497652
volume_quality=0.126646
