epsilon_quality=0.0515969
volume_quality=0.0110806
