epsilon_quality=0.0435265
volume_quality=0.0119807
