epsilon_quality=0.113961
volume_quality=0.178368
