epsilon_quality=0.20169
volume_quality=1.50133
