epsilon_quality=0.0282701
volume_quality=0.0178772
