epsilon_quality=0.0469639
volume_quality=0.0211558
