epsilon_quality=0.0346604
volume_quality=0.0288056
