epsilon_quality=0.061987
volume_quality=0.0375648
