epsilon_quality=0.023852
volume_quality=0.00947474
