epsilon_quality=0.0780896
volume_quality=0.030949
