epsilon_quality=0.125883
volume_quality=0.344182
