epsilon_quality=0.0348989
volume_quality=0.06018
