epsilon_quality=0.0597129
volume_quality=0.0307921
