epsilon_quality=0.246692
volume_quality=0.519842
