epsilon_quality=0.0882055
volume_quality=0.0608824
