epsilon_quality=0.087337
volume_quality=0.14674
