epsilon_quality=0.0897375
volume_quality=0.0794271
