epsilon_quality=0.0253297
volume_quality=0.000884562
