epsilon_quality=0.0409818
volume_quality=0.0192237
