epsilon_quality=0.107179
volume_quality=0.0797657
