epsilon_quality=0.100502
volume_quality=0.0860045
