epsilon_quality=0.0655521
volume_quality=0.511482
