epsilon_quality=0.0763415
volume_quality=0.0662872
