epsilon_quality=0.115837
volume_quality=0.166285
