epsilon_quality=0.0359656
volume_quality=0.0171243
