epsilon_quality=0.162734
volume_quality=0.306791
