epsilon_quality=0.118622
volume_quality=0.111804
