epsilon_quality=0.0162303
volume_quality=0.165805
