epsilon_quality=0.219862
volume_quality=0.462043
