epsilon_quality=0.0846721
volume_quality=0.044844
