epsilon_quality=0.10051
volume_quality=0.0361368
