epsilon_quality=0.102756
volume_quality=0.0577292
