epsilon_quality=0.230699
volume_quality=0.669644
