epsilon_quality=0.145389
volume_quality=0.253759
