epsilon_quality=0.0594807
volume_quality=0.0519653
