epsilon_quality=0.0805084
volume_quality=0.0641366
