epsilon_quality=0.118576
volume_quality=0.107856
