epsilon_quality=0.148368
volume_quality=0.256626
