epsilon_quality=0.123539
volume_quality=0.0992733
