epsilon_quality=0.224706
volume_quality=0.326931
