epsilon_quality=0.0138306
volume_quality=0.0137947
