epsilon_quality=0.0390467
volume_quality=0.0229763
