epsilon_quality=0.0168588
volume_quality=0.0122571
