epsilon_quality=0.142697
volume_quality=0.20465
