epsilon_quality=0.0414115
volume_quality=0.0654448
