epsilon_quality=0.15389
volume_quality=0.576597
