epsilon_quality=0.0199506
volume_quality=0.00059963
