epsilon_quality=0.0780908
volume_quality=0.0228201
