epsilon_quality=0.0348391
volume_quality=0.00567587
