epsilon_quality=0.0521664
volume_quality=0.0195751
