epsilon_quality=0.125259
volume_quality=0.145483
