epsilon_quality=0.0353422
volume_quality=0.00430804
