epsilon_quality=0.0380774
volume_quality=0.0126816
