epsilon_quality=0.134953
volume_quality=0.174275
