epsilon_quality=0.0952295
volume_quality=0.0534711
