epsilon_quality=0.131459
volume_quality=0.426543
