epsilon_quality=0.132653
volume_quality=0.103594
