epsilon_quality=0.0118711
volume_quality=0.00140791
