epsilon_quality=0.0222878
volume_quality=0.00301557
