epsilon_quality=0.171216
volume_quality=0.580879
