epsilon_quality=0.0475352
volume_quality=0.0122596
