epsilon_quality=0.0415216
volume_quality=0.0685281
