epsilon_quality=0.0478231
volume_quality=0.0167762
