epsilon_quality=0.104538
volume_quality=0.0430862
