epsilon_quality=0.0686401
volume_quality=0.0353145
