epsilon_quality=0.0412675
volume_quality=0.0261024
