epsilon_quality=0.0713092
volume_quality=0.0608964
