epsilon_quality=0.0227567
volume_quality=0.020391
