epsilon_quality=0.119025
volume_quality=0.0851482
