epsilon_quality=0.0864547
volume_quality=0.129366
