epsilon_quality=0.108435
volume_quality=0.0539752
