epsilon_quality=0.030144
volume_quality=0.0417434
