epsilon_quality=0.0966589
volume_quality=0.143668
