epsilon_quality=0.0092488
volume_quality=0.0138453
