epsilon_quality=0.0391753
volume_quality=0.00301637
