epsilon_quality=0.0500288
volume_quality=0.0201928
