epsilon_quality=0.13999
volume_quality=0.120019
