epsilon_quality=0.193787
volume_quality=0.475824
