epsilon_quality=0.0910615
volume_quality=0.295149
