epsilon_quality=0.0421482
volume_quality=0.00260518
