epsilon_quality=0.0350107
volume_quality=0.00106037
