epsilon_quality=0.00117944
volume_quality=0.000152123
