epsilon_quality=0.0457201
volume_quality=0.00311229
