epsilon_quality=0.0330675
volume_quality=0.0289829
