epsilon_quality=0.0887125
volume_quality=0.0546076
