epsilon_quality=0.125464
volume_quality=0.121287
