epsilon_quality=0.116337
volume_quality=0.0735268
