epsilon_quality=0.0863245
volume_quality=0.0299406
