epsilon_quality=0.125954
volume_quality=0.160178
