epsilon_quality=0.106831
volume_quality=0.0781507
