epsilon_quality=0.123068
volume_quality=0.214558
