epsilon_quality=0.0998406
volume_quality=0.0789978
