epsilon_quality=0.0246151
volume_quality=0.0103671
