epsilon_quality=0.14658
volume_quality=0.117752
