gpsEpsilon=69.5317
gpsVolume=120.672
mQualEpsilon=0.0201511
mQualVolume=0.00305174
new_planned_energy=23.658
