gpsEpsilon=70.4245
gpsVolume=124.391
mQualEpsilon=0.102258
mQualVolume=0.016177
new_planned_energy=73.3746
