gpsEpsilon=70.4487
gpsVolume=120.672
mQualEpsilon=0.00614429
mQualVolume=0.00157202
new_planned_energy=13.555
