gpsEpsilon=0.0288923
gpsVolume=2.42092e-322
mQualEpsilon=0.0149723
mQualVolume=0.00803631
new_planned_energy=30.3444
