gpsEpsilon=100.736
gpsVolume=243.088
mQualEpsilon=0.0233784
mQualVolume=0.00707525
new_planned_energy=58.8217
