gpsEpsilon=97.885
gpsVolume=235.32
mQualEpsilon=0.0208774
mQualVolume=0.00238203
new_planned_energy=88.0637
