gpsEpsilon=101.017
gpsVolume=244.772
mQualEpsilon=0.000318855
mQualVolume=9.17629e-05
new_planned_energy=76.5519
