gpsEpsilon=101.084
gpsVolume=243.053
mQualEpsilon=1.86538
mQualVolume=57.2603
new_planned_energy=-1.86538
