gpsEpsilon=104.848
gpsVolume=195.453
mQualEpsilon=0.0435091
mQualVolume=0.00572547
new_planned_energy=29.2581
