gpsEpsilon=104.384
gpsVolume=201.113
mQualEpsilon=0.0822761
mQualVolume=0.0321151
new_planned_energy=59.2458
