epsilon_quality=0.00196189
volume_quality=0.0115222
