epsilon_quality=0.0756533
volume_quality=0.104775
