epsilon_quality=0.093682
volume_quality=0.0910352
