epsilon_quality=0.0884291
volume_quality=0.0710975
