epsilon_quality=0.129352
volume_quality=0.18705
