epsilon_quality=0.027292
volume_quality=0.00688538
