epsilon_quality=0.248984
volume_quality=0.761081
