epsilon_quality=0.254957
volume_quality=1.37577
