epsilon_quality=0.00952665
volume_quality=0.0126454
