epsilon_quality=0.146295
volume_quality=0.0716858
