epsilon_quality=0.0685159
volume_quality=0.0940959
