epsilon_quality=0.117321
volume_quality=0.0784535
