epsilon_quality=0.314181
volume_quality=2.40575
