epsilon_quality=0.393563
volume_quality=2.31042
