epsilon_quality=0.205694
volume_quality=1.52722
