epsilon_quality=0.0140237
volume_quality=0.0572889
