epsilon_quality=0.124364
volume_quality=0.149013
