epsilon_quality=0.0635929
volume_quality=0.0195559
