epsilon_quality=0.0186132
volume_quality=0.0396041
