epsilon_quality=0.0282782
volume_quality=0.0147833
