epsilon_quality=0.0218884
volume_quality=0.00292529
