epsilon_quality=0.290211
volume_quality=0.787925
