epsilon_quality=0.437369
volume_quality=3.01428
