epsilon_quality=0.547915
volume_quality=4.19179
