epsilon_quality=0.103649
volume_quality=0.394361
