epsilon_quality=0.121933
volume_quality=0.12293
