epsilon_quality=0.117436
volume_quality=0.0630152
