epsilon_quality=0.0861478
volume_quality=0.0416959
