epsilon_quality=0.187855
volume_quality=0.532353
