epsilon_quality=0.0381071
volume_quality=0.0244011
