epsilon_quality=0.107604
volume_quality=0.0579302
