epsilon_quality=0.027539
volume_quality=0.0334901
