epsilon_quality=0.00919475
volume_quality=0.00975308
