epsilon_quality=0.0752663
volume_quality=0.0378229
