epsilon_quality=0.0482356
volume_quality=0.0741742
