epsilon_quality=0.043976
volume_quality=0.0472269
