epsilon_quality=0.0817979
volume_quality=0.0390381
