epsilon_quality=0.04399
volume_quality=0.116208
