epsilon_quality=0.0948415
volume_quality=0.116719
