epsilon_quality=0.127469
volume_quality=0.279085
