epsilon_quality=0.0598211
volume_quality=0.0334018
