epsilon_quality=0.0630644
volume_quality=0.0291011
