epsilon_quality=0.0904926
volume_quality=0.0938481
