epsilon_quality=0.0357548
volume_quality=0.0223503
