epsilon_quality=0.0460109
volume_quality=0.0271742
