epsilon_quality=0.0571825
volume_quality=0.187166
