epsilon_quality=0.118972
volume_quality=0.357494
