epsilon_quality=0.169736
volume_quality=0.163935
