epsilon_quality=0.145693
volume_quality=0.0964014
