epsilon_quality=0.0680901
volume_quality=0.219085
