epsilon_quality=0.0953003
volume_quality=0.258011
