epsilon_quality=0.24911
volume_quality=0.528159
