epsilon_quality=0.0718144
volume_quality=0.328129
