epsilon_quality=0.0245955
volume_quality=0.00720352
