epsilon_quality=0.0284983
volume_quality=0.010181
