epsilon_quality=0.0362419
volume_quality=0.00243133
