epsilon_quality=0.0559485
volume_quality=0.00445781
