epsilon_quality=0.061986
volume_quality=0.063568
