epsilon_quality=0.0490498
volume_quality=0.021397
