epsilon_quality=0.0880511
volume_quality=0.13451
