epsilon_quality=0.0906038
volume_quality=0.0296989
