epsilon_quality=0.0234595
volume_quality=0.00738024
