epsilon_quality=0.0613145
volume_quality=0.0708804
