epsilon_quality=0.145224
volume_quality=0.0730347
