epsilon_quality=0.123393
volume_quality=0.251747
