epsilon_quality=0.340783
volume_quality=2.84505
