epsilon_quality=0.101898
volume_quality=0.126703
