epsilon_quality=0.101649
volume_quality=0.19773
