epsilon_quality=0.0828359
volume_quality=0.0835455
