epsilon_quality=0.012111
volume_quality=0.00177701
