epsilon_quality=0.0907994
volume_quality=0.0286458
