epsilon_quality=0.0407142
volume_quality=0.0448852
