epsilon_quality=0.0767441
volume_quality=0.0373407
