epsilon_quality=0.166456
volume_quality=0.121758
