epsilon_quality=0.0651466
volume_quality=0.0942193
