epsilon_quality=0.120894
volume_quality=0.058635
