epsilon_quality=0.122957
volume_quality=0.0646801
