epsilon_quality=0.0806903
volume_quality=0.183395
