epsilon_quality=0.0281667
volume_quality=0.0504175
