epsilon_quality=0.103354
volume_quality=0.138657
