epsilon_quality=0.0521795
volume_quality=0.0220064
