epsilon_quality=0.224416
volume_quality=0.704895
