epsilon_quality=0.0960863
volume_quality=0.128587
