epsilon_quality=0.0679665
volume_quality=0.0472805
