epsilon_quality=0.062419
volume_quality=0.445538
