epsilon_quality=0.0898285
volume_quality=0.0947999
