epsilon_quality=0.0767299
volume_quality=0.0515682
