epsilon_quality=0.0471478
volume_quality=0.403694
