epsilon_quality=0.139127
volume_quality=0.908937
