epsilon_quality=0.189864
volume_quality=0.593742
