epsilon_quality=0.0825894
volume_quality=0.068266
