epsilon_quality=0.0662313
volume_quality=0.0434785
