epsilon_quality=0.110999
volume_quality=0.277486
