epsilon_quality=0.0823351
volume_quality=0.0994044
