epsilon_quality=0.22665
volume_quality=0.66303
