gpsEpsilon=172.044
gpsVolume=140.179
mQualEpsilon=0.00237501
mQualVolume=0.00965016
new_planned_energy=76.2007
