gpsEpsilon=184.347
gpsVolume=138.948
mQualEpsilon=0.0297259
mQualVolume=0.00149913
new_planned_energy=45.9371
