gpsEpsilon=169.408
gpsVolume=139.641
mQualEpsilon=0.0275198
mQualVolume=0.0100785
new_planned_energy=58.014
