gpsEpsilon=9.17442e-316
gpsVolume=6.95335e-310
mQualEpsilon=-1
mQualVolume=0.00505933
new_planned_energy=42.8202
