gpsEpsilon=0.546335
gpsVolume=0.227228
mQualEpsilon=0.00399643
mQualVolume=0.00340925
new_planned_energy=70.2302
