gpsEpsilon=212.812
gpsVolume=135.297
mQualEpsilon=0.0186721
mQualVolume=0.0017653
new_planned_energy=48.0932
