gpsEpsilon=225.133
gpsVolume=127.069
mQualEpsilon=0.00357049
mQualVolume=0.00444445
new_planned_energy=65.2129
