gpsEpsilon=232.088
gpsVolume=133.21
mQualEpsilon=0.0464944
mQualVolume=0.00240304
new_planned_energy=54.7892
