gpsEpsilon=216.468
gpsVolume=140.879
mQualEpsilon=0.00827572
mQualVolume=0.00376345
new_planned_energy=50.7162
