epsilon_quality=0.115573
volume_quality=0.346598
