epsilon_quality=0.00623617
volume_quality=0.00664632
