epsilon_quality=0.0641307
volume_quality=0.018394
