epsilon_quality=0.0306922
volume_quality=0.0183893
