epsilon_quality=0.0192123
volume_quality=0.00305556
