epsilon_quality=0.0780633
volume_quality=0.044185
