epsilon_quality=0.0456886
volume_quality=0.0191058
