epsilon_quality=0.0565661
volume_quality=0.156464
