epsilon_quality=0.0289914
volume_quality=0.0497811
