epsilon_quality=0.0590674
volume_quality=0.0323732
