epsilon_quality=0.0432579
volume_quality=0.0148499
