epsilon_quality=0.119204
volume_quality=0.118014
