epsilon_quality=0.0857386
volume_quality=0.0508328
