epsilon_quality=0.18921
volume_quality=0.173496
