epsilon_quality=0.0372655
volume_quality=0.0355767
