epsilon_quality=0.0448201
volume_quality=0.0813529
