epsilon_quality=0.0438933
volume_quality=0.0628862
