epsilon_quality=0.0638544
volume_quality=0.11205
