epsilon_quality=0.0966168
volume_quality=0.110178
