epsilon_quality=0.101545
volume_quality=0.295366
