epsilon_quality=0.144596
volume_quality=0.0971134
