epsilon_quality=0.12436
volume_quality=1.69061
