epsilon_quality=0.00732623
volume_quality=0.00302294
