epsilon_quality=0.0113829
volume_quality=0.00256959
