epsilon_quality=0.0280886
volume_quality=0.00461514
