epsilon_quality=0.0297651
volume_quality=0.359761
