epsilon_quality=0.145548
volume_quality=0.327865
