epsilon_quality=0.235878
volume_quality=1.33904
