epsilon_quality=0.057084
volume_quality=0.576216
