epsilon_quality=0.0238226
volume_quality=0.0533588
