epsilon_quality=0.0256263
volume_quality=0.0171656
