epsilon_quality=0.0438388
volume_quality=0.0138936
