epsilon_quality=0.0352807
volume_quality=0.00666959
