epsilon_quality=0.0856538
volume_quality=0.140757
