epsilon_quality=0.0705426
volume_quality=0.0514337
