epsilon_quality=0.0584009
volume_quality=0.18976
