epsilon_quality=0.0641526
volume_quality=0.0143872
