epsilon_quality=0.0262414
volume_quality=0.0126931
