epsilon_quality=0.0314108
volume_quality=0.067384
