epsilon_quality=0.122773
volume_quality=0.0952051
