epsilon_quality=0.0530684
volume_quality=0.0325028
