epsilon_quality=0.0686344
volume_quality=0.102289
