epsilon_quality=0.12962
volume_quality=0.178856
