epsilon_quality=0.0621652
volume_quality=0.0233225
