epsilon_quality=0.0409782
volume_quality=0.0322129
