epsilon_quality=0.0663816
volume_quality=0.0834516
