epsilon_quality=0.0956338
volume_quality=0.357651
