epsilon_quality=0.194667
volume_quality=0.32685
