epsilon_quality=0.129231
volume_quality=0.684982
