epsilon_quality=0.0607204
volume_quality=0.0742834
