epsilon_quality=0.087553
volume_quality=0.546988
