epsilon_quality=0.0468845
volume_quality=0.0808838
