epsilon_quality=0.191199
volume_quality=0.213274
