epsilon_quality=0.188349
volume_quality=0.227488
