epsilon_quality=0.222009
volume_quality=0.344917
