epsilon_quality=0.0439282
volume_quality=0.0374503
