epsilon_quality=0.21274
volume_quality=0.347922
