epsilon_quality=0.0581602
volume_quality=0.0466036
