epsilon_quality=0.0261935
volume_quality=0.00146595
