epsilon_quality=0.117087
volume_quality=0.18128
