epsilon_quality=0.0686511
volume_quality=0.141129
