epsilon_quality=0.0909138
volume_quality=0.0395778
