epsilon_quality=0.110257
volume_quality=0.0640024
