epsilon_quality=0.0484032
volume_quality=0.15319
