epsilon_quality=0.062752
volume_quality=0.174262
