epsilon_quality=0.174168
volume_quality=0.518236
