epsilon_quality=0.111857
volume_quality=0.225295
