epsilon_quality=0.12563
volume_quality=0.200204
