epsilon_quality=0.0230325
volume_quality=0.0467375
