epsilon_quality=0.0598284
volume_quality=0.0803058
