epsilon_quality=0.11191
volume_quality=0.0749089
