epsilon_quality=0.157868
volume_quality=0.138715
