epsilon_quality=0.0974349
volume_quality=0.0826074
