epsilon_quality=0.075056
volume_quality=0.0769681
