gpsEpsilon=65.117
gpsVolume=141.381
mQualEpsilon=0.0772388
mQualVolume=0.0299252
new_planned_energy=73.6892
