gpsEpsilon=71.0931
gpsVolume=137.793
mQualEpsilon=3.40852e-05
mQualVolume=0.00725261
new_planned_energy=77.2105
