gpsEpsilon=107.317
gpsVolume=142.95
mQualEpsilon=0.0195285
mQualVolume=0.00239214
new_planned_energy=71.5469
