gpsEpsilon=107.385
gpsVolume=143.255
mQualEpsilon=3.40852e-05
mQualVolume=0.00725261
new_planned_energy=56.2883
