gpsEpsilon=107.385
gpsVolume=143.273
mQualEpsilon=0.0319429
mQualVolume=0.0207676
new_planned_energy=88.4464
