gpsEpsilon=97.9561
gpsVolume=143.219
mQualEpsilon=0.00149729
mQualVolume=0.00230399
new_planned_energy=84.252
