gpsEpsilon=60.5064
gpsVolume=137.793
mQualEpsilon=0.0915616
mQualVolume=0.0529161
new_planned_energy=74.6966
