gpsEpsilon=57.2572
gpsVolume=137.865
mQualEpsilon=0.118346
mQualVolume=0.0452291
new_planned_energy=99.1681
