gpsEpsilon=63.9257
gpsVolume=129.467
mQualEpsilon=0.0992155
mQualVolume=0.0295051
new_planned_energy=56.402
