gpsEpsilon=63.1383
gpsVolume=137.455
mQualEpsilon=0.0506647
mQualVolume=0.0587951
new_planned_energy=47.3577
