gpsEpsilon=66.6237
gpsVolume=141.382
mQualEpsilon=1.14793
mQualVolume=25.7946
new_planned_energy=-1.14793
