gpsEpsilon=66.6237
gpsVolume=141.382
mQualEpsilon=1.48777
mQualVolume=29.3599
new_planned_energy=-1.48777
