gpsEpsilon=66.6237
gpsVolume=141.382
mQualEpsilon=1.12073
mQualVolume=29.3276
new_planned_energy=-1.12073
