epsilon_quality=0.000975633
volume_quality=0.0158051
