epsilon_quality=0.0160512
volume_quality=0.0262559
