epsilon_quality=0.0390506
volume_quality=0.00180209
