epsilon_quality=0.116502
volume_quality=0.261123
