epsilon_quality=0.144267
volume_quality=0.429307
