epsilon_quality=0.00755345
volume_quality=0.0245763
