epsilon_quality=0.0684058
volume_quality=0.0149658
