epsilon_quality=0.285989
volume_quality=2.21741
