epsilon_quality=0.20699
volume_quality=1.40232
