epsilon_quality=0.11781
volume_quality=0.100925
