epsilon_quality=0.111601
volume_quality=0.0690206
