gpsEpsilon=10.9219
gpsVolume=95.8261
mQualEpsilon=0.032155
mQualVolume=0.00267617
new_planned_energy=96.2247
