gpsEpsilon=9.93795
gpsVolume=198.637
mQualEpsilon=0.00766826
mQualVolume=0.00262767
new_planned_energy=33.5139
