gpsEpsilon=9.93795
gpsVolume=216.962
mQualEpsilon=0.0368027
mQualVolume=0.00363259
new_planned_energy=73.0272
