gpsEpsilon=9.93795
gpsVolume=222.353
mQualEpsilon=-1
mQualVolume=7.53512e-05
new_planned_energy=72.0143
