gpsEpsilon=9.93795
gpsVolume=218.457
mQualEpsilon=0.0508946
mQualVolume=0.0034105
new_planned_energy=79.2347
