gpsEpsilon=9.93795
gpsVolume=222.082
mQualEpsilon=-1
mQualVolume=0.00461276
new_planned_energy=57.8958
