gpsEpsilon=9.93752
gpsVolume=236.246
mQualEpsilon=0.00500353
mQualVolume=0.00366034
new_planned_energy=46.507
