gpsEpsilon=12.1875
gpsVolume=241.518
mQualEpsilon=0.0139947
mQualVolume=0.00121655
new_planned_energy=20.181
