gpsEpsilon=9.93752
gpsVolume=245.428
mQualEpsilon=0.0411182
mQualVolume=0.00838497
new_planned_energy=52.6538
