gpsEpsilon=13.5937
gpsVolume=91.8527
mQualEpsilon=0.0466388
mQualVolume=0.00435774
new_planned_energy=21.0303
