epsilon_quality=0.110605
volume_quality=0.0695751
