epsilon_quality=0.083464
volume_quality=0.0469995
