epsilon_quality=0.000324331
volume_quality=0.00161936
