epsilon_quality=0.17579
volume_quality=0.541627
