epsilon_quality=0.143081
volume_quality=0.169654
