epsilon_quality=0.174456
volume_quality=0.289345
