epsilon_quality=0.114339
volume_quality=0.669118
