epsilon_quality=0.21684
volume_quality=1.29935
