epsilon_quality=0.0890901
volume_quality=0.815405
