epsilon_quality=0.179374
volume_quality=0.521957
