epsilon_quality=0.015007
volume_quality=0.00163273
