epsilon_quality=0.00258283
volume_quality=0.00240932
