epsilon_quality=0.136434
volume_quality=0.339335
