gpsEpsilon=196.239
gpsVolume=95.1644
mQualEpsilon=0.0691898
mQualVolume=0.00954199
new_planned_energy=57.2066
