gpsEpsilon=196.41
gpsVolume=95.0374
mQualEpsilon=0.052831
mQualVolume=0.00786096
new_planned_energy=59.1768
