gpsEpsilon=197.849
gpsVolume=95.2343
mQualEpsilon=0.047825
mQualVolume=0.0115816
new_planned_energy=60.9476
