gpsEpsilon=194.479
gpsVolume=95.22
mQualEpsilon=0.0836557
mQualVolume=0.0349533
new_planned_energy=25.8204
