gpsEpsilon=207.364
gpsVolume=100.334
mQualEpsilon=0.0616668
mQualVolume=0.00574293
new_planned_energy=41.9022
