gpsEpsilon=189.014
gpsVolume=98.7313
mQualEpsilon=0.0407405
mQualVolume=0.00531114
new_planned_energy=39.778
