gpsEpsilon=193.204
gpsVolume=99.979
mQualEpsilon=0.0159506
mQualVolume=0.00238734
new_planned_energy=69.6589
