gpsEpsilon=215.372
gpsVolume=105.334
mQualEpsilon=0.0231325
mQualVolume=0.00136914
new_planned_energy=49.2098
