gpsEpsilon=220.703
gpsVolume=101.627
mQualEpsilon=0.0621716
mQualVolume=0.0139454
new_planned_energy=69.9531
