gpsEpsilon=205.595
gpsVolume=98.7923
mQualEpsilon=0.0239439
mQualVolume=0.010277
new_planned_energy=102.342
