epsilon_quality=0.0297529
volume_quality=0.00450888
