epsilon_quality=0.0259706
volume_quality=0.00702074
