epsilon_quality=0.0740195
volume_quality=0.0359599
