epsilon_quality=0.0286692
volume_quality=0.00664724
