epsilon_quality=0.0369269
volume_quality=0.00213139
