epsilon_quality=0.0431043
volume_quality=0.00830584
