epsilon_quality=0.148387
volume_quality=0.169247
