epsilon_quality=0.0367382
volume_quality=0.0121331
