epsilon_quality=0.0412023
volume_quality=0.003464
