epsilon_quality=0.11379
volume_quality=0.0581903
