epsilon_quality=0.0908253
volume_quality=0.0732685
