epsilon_quality=0.00411787
volume_quality=0.107326
