epsilon_quality=0.138654
volume_quality=0.20562
