epsilon_quality=0.0527329
volume_quality=0.0755802
