epsilon_quality=0.0571619
volume_quality=0.0351525
