epsilon_quality=0.0355546
volume_quality=0.0401936
