epsilon_quality=0.154352
volume_quality=0.258014
