epsilon_quality=0.00623664
volume_quality=0.0185758
