epsilon_quality=0.0315497
volume_quality=0.164317
