epsilon_quality=0.0869383
volume_quality=0.0701856
