epsilon_quality=0.0552072
volume_quality=0.0530774
