epsilon_quality=0.0786865
volume_quality=0.0527357
