epsilon_quality=0.0508447
volume_quality=0.108786
