epsilon_quality=0.16357
volume_quality=0.932151
