epsilon_quality=0.0566495
volume_quality=0.03401
