epsilon_quality=0.0414335
volume_quality=0.144706
