epsilon_quality=0.0518568
volume_quality=0.0529573
