epsilon_quality=0.138277
volume_quality=0.13583
