epsilon_quality=0.154252
volume_quality=0.204558
