epsilon_quality=0.031154
volume_quality=0.0124455
