epsilon_quality=0.111411
volume_quality=0.122736
