epsilon_quality=0.0364568
volume_quality=0.00941215
