epsilon_quality=0.0303503
volume_quality=0.0156249
