epsilon_quality=0.0186164
volume_quality=0.0240807
