epsilon_quality=0.0429337
volume_quality=0.158052
