epsilon_quality=0.0606945
volume_quality=0.0521775
