epsilon_quality=0.0650131
volume_quality=0.571897
