epsilon_quality=0.167402
volume_quality=0.383967
