epsilon_quality=0.111603
volume_quality=0.174714
