epsilon_quality=0.110557
volume_quality=0.456988
