epsilon_quality=0.000633843
volume_quality=0.0403316
