epsilon_quality=0.126948
volume_quality=0.0762844
