epsilon_quality=0.00246639
volume_quality=0.00237671
