epsilon_quality=0.091902
volume_quality=0.165314
