epsilon_quality=0.0138765
volume_quality=0.0601257
