epsilon_quality=0.108591
volume_quality=0.164846
