epsilon_quality=0.142707
volume_quality=0.609771
