epsilon_quality=0.275987
volume_quality=0.864359
