epsilon_quality=0.0815721
volume_quality=0.0487625
