epsilon_quality=0.104935
volume_quality=0.0380815
