epsilon_quality=0.0721948
volume_quality=0.062681
