epsilon_quality=0.0282355
volume_quality=0.0279621
