epsilon_quality=0.0658565
volume_quality=0.063548
