epsilon_quality=0.0764415
volume_quality=0.0187255
