epsilon_quality=0.186752
volume_quality=0.529246
