epsilon_quality=0.0476469
volume_quality=0.156081
