epsilon_quality=0.151385
volume_quality=1.26482
