epsilon_quality=0.11021
volume_quality=0.191116
