epsilon_quality=0.063767
volume_quality=0.00882862
