epsilon_quality=0.0473984
volume_quality=0.0200487
