epsilon_quality=0.0560481
volume_quality=0.00530923
