epsilon_quality=0.00940182
volume_quality=0.000625664
