epsilon_quality=0.077953
volume_quality=0.033209
