epsilon_quality=0.160471
volume_quality=0.244773
