epsilon_quality=0.0932655
volume_quality=0.0501368
