epsilon_quality=0.0445695
volume_quality=0.244669
