epsilon_quality=0.0186401
volume_quality=0.326016
