epsilon_quality=0.171699
volume_quality=0.545704
