epsilon_quality=0.120236
volume_quality=0.125607
