epsilon_quality=0.140873
volume_quality=0.452225
