epsilon_quality=0.0713211
volume_quality=0.0322592
