epsilon_quality=0.120925
volume_quality=0.0992626
