epsilon_quality=0.0307832
volume_quality=0.154462
