epsilon_quality=0.039943
volume_quality=0.00446529
