epsilon_quality=0.0445913
volume_quality=0.00179636
