epsilon_quality=0.18269
volume_quality=0.225163
