epsilon_quality=0.0916303
volume_quality=0.190431
