epsilon_quality=0.118285
volume_quality=0.279389
