epsilon_quality=0.227055
volume_quality=1.02134
