epsilon_quality=0.0251186
volume_quality=0.0969334
