epsilon_quality=0.0699106
volume_quality=0.0345383
