epsilon_quality=0.14516
volume_quality=0.153971
