epsilon_quality=0.0544839
volume_quality=0.0542539
