epsilon_quality=0.0160479
volume_quality=0.0374545
