epsilon_quality=0.0456434
volume_quality=0.0333693
