epsilon_quality=0.0895454
volume_quality=0.0992875
