epsilon_quality=0.0469027
volume_quality=0.365042
