epsilon_quality=0.141491
volume_quality=0.167931
