epsilon_quality=0.0764244
volume_quality=0.0393019
