epsilon_quality=0.036778
volume_quality=0.0172058
