epsilon_quality=0.135419
volume_quality=0.0593109
