epsilon_quality=0.142926
volume_quality=0.196548
