epsilon_quality=0.039083
volume_quality=0.0851898
