epsilon_quality=0.220988
volume_quality=0.541821
