epsilon_quality=0.0736479
volume_quality=0.103706
