epsilon_quality=0.0388271
volume_quality=0.116273
