epsilon_quality=0.162856
volume_quality=0.762447
