epsilon_quality=0.000753599
volume_quality=0.0351434
