epsilon_quality=0.0516834
volume_quality=0.00498942
