epsilon_quality=0.149161
volume_quality=0.217041
