epsilon_quality=0.0398218
volume_quality=0.0106797
