epsilon_quality=0.148527
volume_quality=0.0897671
