epsilon_quality=0.0498557
volume_quality=0.0834467
