epsilon_quality=0.121456
volume_quality=0.458294
