epsilon_quality=0.0714651
volume_quality=0.587743
