epsilon_quality=0.232475
volume_quality=1.26452
