epsilon_quality=0.0272773
volume_quality=0.00260682
