epsilon_quality=0.0349631
volume_quality=0.0809258
