epsilon_quality=0.0619319
volume_quality=0.00920764
