epsilon_quality=0.0465191
volume_quality=0.0602525
