epsilon_quality=0.0797788
volume_quality=0.015606
