epsilon_quality=0.292809
volume_quality=0.921989
