epsilon_quality=0.193748
volume_quality=0.728363
