epsilon_quality=0.307462
volume_quality=0.549855
