epsilon_quality=0.201713
volume_quality=1.05596
