epsilon_quality=0.228308
volume_quality=0.273856
