epsilon_quality=0.055455
volume_quality=0.0445835
