epsilon_quality=0.0567614
volume_quality=0.0722495
