epsilon_quality=0.0420346
volume_quality=0.0149499
