epsilon_quality=0.0399777
volume_quality=0.0431823
