epsilon_quality=0.131399
volume_quality=0.129029
