epsilon_quality=0.0924235
volume_quality=0.410461
