epsilon_quality=0.0364392
volume_quality=0.00731982
