epsilon_quality=0.0195382
volume_quality=0.0159399
