epsilon_quality=0.157633
volume_quality=0.165707
