epsilon_quality=0.0442952
volume_quality=0.00952309
