epsilon_quality=0.112669
volume_quality=0.333752
