epsilon_quality=0.084166
volume_quality=0.281047
