epsilon_quality=0.124737
volume_quality=0.273023
