epsilon_quality=0.413914
volume_quality=2.14382
