epsilon_quality=0.432508
volume_quality=2.10573
