epsilon_quality=0.332223
volume_quality=3.47024
