epsilon_quality=0.0539915
volume_quality=0.0209641
