epsilon_quality=0.100811
volume_quality=0.138732
