epsilon_quality=0.14688
volume_quality=0.365408
