epsilon_quality=0.139039
volume_quality=0.34487
