epsilon_quality=0.402153
volume_quality=2.23891
