epsilon_quality=0.160307
volume_quality=0.529825
