epsilon_quality=0.226812
volume_quality=1.36731
