epsilon_quality=0.158015
volume_quality=0.416346
