epsilon_quality=0.237341
volume_quality=1.03219
