epsilon_quality=0.160333
volume_quality=0.415405
