epsilon_quality=0.078367
volume_quality=0.0437561
