epsilon_quality=0.157055
volume_quality=0.423483
