epsilon_quality=0.141079
volume_quality=0.105757
