epsilon_quality=0.200332
volume_quality=0.338613
