epsilon_quality=0.0810489
volume_quality=0.0573512
