epsilon_quality=0.0124955
volume_quality=0.0266215
