epsilon_quality=0.0374102
volume_quality=0.0408728
