epsilon_quality=0.112403
volume_quality=0.208411
