epsilon_quality=0.00248062
volume_quality=0.0118525
