epsilon_quality=0.0378043
volume_quality=0.0121112
