epsilon_quality=0.0422874
volume_quality=0.0254494
