epsilon_quality=0.0207016
volume_quality=0.0199829
