epsilon_quality=0.0570714
volume_quality=0.021134
