epsilon_quality=0.215138
volume_quality=1.58388
