epsilon_quality=0.127137
volume_quality=0.209439
