epsilon_quality=0.316902
volume_quality=1.32482
