epsilon_quality=0.207856
volume_quality=0.61408
