epsilon_quality=0.0371498
volume_quality=0.0427533
