epsilon_quality=0.0852883
volume_quality=0.043828
