epsilon_quality=0.184907
volume_quality=0.34603
