epsilon_quality=0.0638018
volume_quality=0.0119744
