epsilon_quality=0.044495
volume_quality=0.108533
