epsilon_quality=0.187008
volume_quality=0.233835
