gpsEpsilon=1.43946e-315
gpsVolume=0
mQualEpsilon=-1
mQualVolume=0.00638371
new_planned_energy=29.3373
