gpsEpsilon=1.43946e-315
gpsVolume=0
mQualEpsilon=1.74608
mQualVolume=53.2165
new_planned_energy=31.3187
