gpsEpsilon=1.43946e-315
gpsVolume=0
mQualEpsilon=1.80757
mQualVolume=52.8958
new_planned_energy=25.3708
