gpsEpsilon=1.69255e-315
gpsVolume=0
mQualEpsilon=0.0127006
mQualVolume=0.000217266
new_planned_energy=15.6374
