gpsEpsilon=1.79544e-315
gpsVolume=0
mQualEpsilon=0.0679344
mQualVolume=0.00715061
new_planned_energy=16.9267
