gpsEpsilon=1.87918e-315
gpsVolume=0
mQualEpsilon=0.0470485
mQualVolume=0.00836982
new_planned_energy=28.1587
