gpsEpsilon=0.789878
gpsVolume=-0.412296
mQualEpsilon=0.0420321
mQualVolume=0.00470578
new_planned_energy=45.0051
