gpsEpsilon=1.46739e-315
gpsVolume=6.95335e-310
mQualEpsilon=0.011686
mQualVolume=0.00331061
new_planned_energy=19.4006
