gpsEpsilon=0
gpsVolume=0
mQualEpsilon=0.0503504
mQualVolume=0.0139447
new_planned_energy=29.9804
