gpsEpsilon=1.80268e-315
gpsVolume=-0.228326
mQualEpsilon=-1
mQualVolume=0.00463151
new_planned_energy=56.7841
