gpsEpsilon=1.79371e-315
gpsVolume=-0.462317
mQualEpsilon=0.0536377
mQualVolume=0.0102554
new_planned_energy=63.3376
