gpsEpsilon=1.1502e-316
gpsVolume=1.92983e-315
mQualEpsilon=0.0536377
mQualVolume=0.0102554
new_planned_energy=28.6527
