gpsEpsilon=0.649078
gpsVolume=2.42092e-322
mQualEpsilon=0.103189
mQualVolume=0.00937793
new_planned_energy=37.7396
