epsilon_quality=0.044479
volume_quality=0.0355364
