epsilon_quality=0.105767
volume_quality=0.56725
