epsilon_quality=0.00650807
volume_quality=0.0113437
