epsilon_quality=0.0419008
volume_quality=0.112785
