epsilon_quality=0.0188923
volume_quality=0.00647461
