epsilon_quality=0.0481944
volume_quality=0.221223
