epsilon_quality=0.0797655
volume_quality=0.0474293
