epsilon_quality=0.102684
volume_quality=0.0530948
