epsilon_quality=0.192523
volume_quality=0.267943
