epsilon_quality=0.0856754
volume_quality=0.0642708
