epsilon_quality=0.108979
volume_quality=0.0473033
