epsilon_quality=0.163107
volume_quality=0.19099
