epsilon_quality=0.0828671
volume_quality=0.130938
