gpsEpsilon=1.00166e-315
gpsVolume=0
mQualEpsilon=-1
mQualVolume=0.00274507
new_planned_energy=20.3635
