gpsEpsilon=161.396
gpsVolume=46.3852
mQualEpsilon=1.62187
mQualVolume=55.8698
new_planned_energy=-1.62187
