gpsEpsilon=161.396
gpsVolume=46.3852
mQualEpsilon=1.55134
mQualVolume=55.7629
new_planned_energy=-1.55134
