gpsEpsilon=161.396
gpsVolume=46.3852
mQualEpsilon=1.61189
mQualVolume=56.6862
new_planned_energy=-1.61189
