gpsEpsilon=243.862
gpsVolume=47.196
mQualEpsilon=1.52136
mQualVolume=46.8037
new_planned_energy=-1.52136
