gpsEpsilon=243.862
gpsVolume=47.196
mQualEpsilon=1.46835
mQualVolume=44.9297
new_planned_energy=-1.46835
