gpsEpsilon=1.22383e-307
gpsVolume=8.34427e-308
mQualEpsilon=-1
mQualVolume=0.000393191
new_planned_energy=50.712
