gpsEpsilon=163.772
gpsVolume=87.8952
mQualEpsilon=1.51828
mQualVolume=42.5215
new_planned_energy=-1.51828
