gpsEpsilon=163.772
gpsVolume=87.8952
mQualEpsilon=1.57189
mQualVolume=47.7354
new_planned_energy=-1.57189
