gpsEpsilon=1.18576e-321
gpsVolume=3.16202e-322
mQualEpsilon=0.0602436
mQualVolume=0.00687189
new_planned_energy=24.4304
