gpsEpsilon=179.949
gpsVolume=86.505
mQualEpsilon=1.66251
mQualVolume=47.6943
new_planned_energy=-1.66251
