gpsEpsilon=179.949
gpsVolume=87.0262
mQualEpsilon=1.53571
mQualVolume=47.8904
new_planned_energy=-1.53571
