gpsEpsilon=179.949
gpsVolume=87.0262
mQualEpsilon=1.66438
mQualVolume=51.3896
new_planned_energy=-1.66438
