gpsEpsilon=179.949
gpsVolume=87.0262
mQualEpsilon=1.55667
mQualVolume=54.845
new_planned_energy=-1.55667
