gpsEpsilon=179.949
gpsVolume=87.0262
mQualEpsilon=1.62207
mQualVolume=54.971
new_planned_energy=-1.62207
