gpsEpsilon=164.512
gpsVolume=85.6176
mQualEpsilon=0.0685044
mQualVolume=0.0225006
new_planned_energy=51.5824
