gpsEpsilon=1.411e-316
gpsVolume=6.95335e-310
mQualEpsilon=0.0693674
mQualVolume=0.00576001
new_planned_energy=44.2552
