gpsEpsilon=7.99987e-316
gpsVolume=0
mQualEpsilon=-1
mQualVolume=0.000433578
new_planned_energy=84.5707
