epsilon_quality=0.126372
volume_quality=0.93405
