epsilon_quality=0.0907453
volume_quality=0.0286795
