epsilon_quality=0.0332645
volume_quality=0.00809967
