epsilon_quality=0.0636332
volume_quality=0.0687557
