epsilon_quality=0.0653263
volume_quality=0.0380532
