epsilon_quality=0.0665628
volume_quality=0.0218067
