gpsEpsilon=39.9128
gpsVolume=75.472
mQualEpsilon=0.0220707
mQualVolume=0.00457813
new_planned_energy=47.0861
