gpsEpsilon=37.1277
gpsVolume=81.8317
mQualEpsilon=0.00209103
mQualVolume=0.000645258
new_planned_energy=71.4156
