gpsEpsilon=22.1798
gpsVolume=240.223
mQualEpsilon=0.0219337
mQualVolume=0.00789666
new_planned_energy=107.858
