gpsEpsilon=29.9321
gpsVolume=240.223
mQualEpsilon=0.0420714
mQualVolume=0.00783163
new_planned_energy=62.0404
