gpsEpsilon=26.9149
gpsVolume=247.65
mQualEpsilon=0.0488311
mQualVolume=0.00378701
new_planned_energy=85.4636
