gpsEpsilon=14.2881
gpsVolume=218.079
mQualEpsilon=0.0504225
mQualVolume=0.0140091
new_planned_energy=63.3189
