gpsEpsilon=26.9149
gpsVolume=246.907
mQualEpsilon=0.0271946
mQualVolume=0.0073727
new_planned_energy=55.093
