gpsEpsilon=36.942
gpsVolume=233.213
mQualEpsilon=0.0357352
mQualVolume=0.00206886
new_planned_energy=50.2894
