epsilon_quality=0.0285532
volume_quality=0.0272497
