epsilon_quality=0.0777781
volume_quality=0.0551905
