epsilon_quality=0.041781
volume_quality=0.0132435
