epsilon_quality=0.07023
volume_quality=0.142766
