epsilon_quality=0.0666113
volume_quality=0.0276868
