epsilon_quality=0.0306651
volume_quality=0.0264615
