epsilon_quality=0.0197041
volume_quality=0.0250513
