epsilon_quality=0.0431131
volume_quality=0.0903487
