epsilon_quality=0.191711
volume_quality=0.452795
