epsilon_quality=0.0834256
volume_quality=0.0631846
