epsilon_quality=0.110745
volume_quality=0.0921593
