epsilon_quality=0.0409033
volume_quality=0.177385
