epsilon_quality=0.188515
volume_quality=0.264942
