epsilon_quality=0.15866
volume_quality=0.196637
