epsilon_quality=0.0801985
volume_quality=0.251651
