epsilon_quality=0.0698003
volume_quality=0.0306341
