epsilon_quality=0.0954377
volume_quality=0.0774091
