epsilon_quality=0.172034
volume_quality=0.58619
