epsilon_quality=0.0310307
volume_quality=0.377036
