epsilon_quality=0.131513
volume_quality=0.34866
