epsilon_quality=0.0552894
volume_quality=0.0731825
