epsilon_quality=0.114757
volume_quality=0.0660499
