epsilon_quality=0.0932637
volume_quality=0.0333973
