epsilon_quality=0.07415
volume_quality=0.15147
