epsilon_quality=0.237396
volume_quality=0.881942
