epsilon_quality=0.0243778
volume_quality=0.11156
