epsilon_quality=0.102068
volume_quality=0.282136
