epsilon_quality=0.0502163
volume_quality=0.0663973
