epsilon_quality=0.041067
volume_quality=0.0350501
