epsilon_quality=0.0398095
volume_quality=0.00403205
