epsilon_quality=0.0871628
volume_quality=0.0879399
