gpsEpsilon=120.981
gpsVolume=127.206
mQualEpsilon=1.50368
mQualVolume=54.2973
new_planned_energy=-1.50368
