gpsEpsilon=120.981
gpsVolume=127.206
mQualEpsilon=1.45772
mQualVolume=53.3333
new_planned_energy=-1.45772
