gpsEpsilon=120.981
gpsVolume=127.206
mQualEpsilon=1.45513
mQualVolume=52.2976
new_planned_energy=-1.45513
