gpsEpsilon=120.981
gpsVolume=127.206
mQualEpsilon=1.45353
mQualVolume=51.4723
new_planned_energy=-1.45353
