gpsEpsilon=120.981
gpsVolume=127.206
mQualEpsilon=1.43396
mQualVolume=52.4815
new_planned_energy=-1.43396
