gpsEpsilon=154.584
gpsVolume=151.134
mQualEpsilon=1.68774
mQualVolume=57.5274
new_planned_energy=-1.68774
