gpsEpsilon=154.584
gpsVolume=151.134
mQualEpsilon=1.61721
mQualVolume=56.4899
new_planned_energy=-1.61721
