gpsEpsilon=154.584
gpsVolume=151.134
mQualEpsilon=1.64451
mQualVolume=57.3945
new_planned_energy=-1.64451
