gpsEpsilon=154.584
gpsVolume=151.134
mQualEpsilon=1.59192
mQualVolume=57.9453
new_planned_energy=-1.59192
