gpsEpsilon=0.95747
gpsVolume=0.107299
mQualEpsilon=1.64035
mQualVolume=55.2879
new_planned_energy=-1.64035
