gpsEpsilon=0.95747
gpsVolume=0.107299
mQualEpsilon=1.58011
mQualVolume=55.9464
new_planned_energy=-1.58011
