gpsEpsilon=0.95747
gpsVolume=0.107299
mQualEpsilon=1.60157
mQualVolume=55.2073
new_planned_energy=-1.60157
