gpsEpsilon=0.95747
gpsVolume=0.107299
mQualEpsilon=1.66107
mQualVolume=55.4051
new_planned_energy=-1.66107
