gpsEpsilon=0.95747
gpsVolume=0.107299
mQualEpsilon=1.61608
mQualVolume=56.144
new_planned_energy=-1.61608
