gpsEpsilon=-0.112125
gpsVolume=-0.342899
mQualEpsilon=0.0489356
mQualVolume=0.0252727
new_planned_energy=20.6168
