gpsEpsilon=-0.275931
gpsVolume=2.42092e-322
mQualEpsilon=0.105225
mQualVolume=0.0412097
new_planned_energy=28.7788
