gpsEpsilon=1.73628e-315
gpsVolume=9.88131e-324
mQualEpsilon=0.0242441
mQualVolume=0.0126088
new_planned_energy=11.3032
