gpsEpsilon=-4.26613
gpsVolume=2.84217e-14
mQualEpsilon=-1
mQualVolume=0.0131123
new_planned_energy=18.4887
