gpsEpsilon=1.81963e-315
gpsVolume=2.00536e-315
mQualEpsilon=1.64336
mQualVolume=57.3588
new_planned_energy=-1.64336
