gpsEpsilon=1.81963e-315
gpsVolume=2.00536e-315
mQualEpsilon=1.56515
mQualVolume=55.7861
new_planned_energy=-1.56515
