gpsEpsilon=1.81963e-315
gpsVolume=2.00536e-315
mQualEpsilon=1.69425
mQualVolume=58.4328
new_planned_energy=-1.69425
