gpsEpsilon=1.81963e-315
gpsVolume=2.00536e-315
mQualEpsilon=1.58461
mQualVolume=56.9994
new_planned_energy=10.7218
