gpsEpsilon=1.81963e-315
gpsVolume=2.00536e-315
mQualEpsilon=1.51985
mQualVolume=56.0869
new_planned_energy=-1.51985
