gpsEpsilon=161.64
gpsVolume=139.644
mQualEpsilon=0.0351635
mQualVolume=0.0375544
new_planned_energy=22.3975
