gpsEpsilon=161.64
gpsVolume=139.644
mQualEpsilon=1.68574
mQualVolume=55.8338
new_planned_energy=-1.68574
