gpsEpsilon=0
gpsVolume=2.42092e-322
mQualEpsilon=1.74324
mQualVolume=47.6889
new_planned_energy=-1.74324
