gpsEpsilon=0
gpsVolume=2.42092e-322
mQualEpsilon=1.76538
mQualVolume=45.1071
new_planned_energy=-1.76538
