gpsEpsilon=0
gpsVolume=2.42092e-322
mQualEpsilon=1.73757
mQualVolume=50.6265
new_planned_energy=-1.73757
