gpsEpsilon=0
gpsVolume=2.42092e-322
mQualEpsilon=1.72888
mQualVolume=45.7167
new_planned_energy=-1.72888
