gpsEpsilon=162.221
gpsVolume=127.815
mQualEpsilon=0.054769
mQualVolume=0.0207192
new_planned_energy=15.4039
