epsilon_quality=0.0977419
volume_quality=0.0808581
