epsilon_quality=0.0986072
volume_quality=0.982478
