epsilon_quality=0.203275
volume_quality=0.423463
