epsilon_quality=0.139475
volume_quality=0.135164
