epsilon_quality=0.0717837
volume_quality=0.130112
