epsilon_quality=0.0191829
volume_quality=0.00889601
