epsilon_quality=0.157553
volume_quality=0.376393
