epsilon_quality=0.0553704
volume_quality=0.0600444
