epsilon_quality=0.0759786
volume_quality=0.0448518
