epsilon_quality=0.0725218
volume_quality=0.0842732
