epsilon_quality=0.0289552
volume_quality=0.0592154
