epsilon_quality=0.0654713
volume_quality=0.022906
