epsilon_quality=0.0165483
volume_quality=0.00449503
