epsilon_quality=0.0672811
volume_quality=0.0528873
