epsilon_quality=0.0927515
volume_quality=0.0336534
