epsilon_quality=0.0630889
volume_quality=0.0174609
