epsilon_quality=0.0137054
volume_quality=0.00201242
