epsilon_quality=0.120683
volume_quality=0.199808
