epsilon_quality=0.0877266
volume_quality=0.186885
