epsilon_quality=0.123688
volume_quality=0.55666
