epsilon_quality=0.102031
volume_quality=0.0559354
