epsilon_quality=0.027735
volume_quality=0.11721
