epsilon_quality=0.065725
volume_quality=0.0141277
