epsilon_quality=0.0416146
volume_quality=0.0161991
