epsilon_quality=0.163208
volume_quality=0.344705
