epsilon_quality=0.0599255
volume_quality=0.0564169
