epsilon_quality=0.135515
volume_quality=0.100111
