epsilon_quality=0.0328279
volume_quality=0.0245177
