epsilon_quality=0.0575522
volume_quality=0.0422034
