epsilon_quality=0.251246
volume_quality=1.10349
