epsilon_quality=0.0442686
volume_quality=0.0571883
