epsilon_quality=0.0800729
volume_quality=0.105739
