epsilon_quality=0.0528973
volume_quality=0.0482768
