epsilon_quality=0.0623923
volume_quality=0.0419256
