epsilon_quality=0.0973589
volume_quality=0.0350313
