epsilon_quality=0.126152
volume_quality=0.0928811
