epsilon_quality=0.0267447
volume_quality=0.00889149
