epsilon_quality=0.0579461
volume_quality=0.0533116
