epsilon_quality=0.241338
volume_quality=0.506374
