gpsEpsilon=31.9408
gpsVolume=132.125
mQualEpsilon=0.0155777
mQualVolume=0.00661274
new_planned_energy=82.7257
