gpsEpsilon=33.3159
gpsVolume=131.246
mQualEpsilon=0.00818149
mQualVolume=0.000159632
new_planned_energy=131.438
