gpsEpsilon=30.4777
gpsVolume=127.412
mQualEpsilon=0.0255336
mQualVolume=0.00491052
new_planned_energy=72.0562
