gpsEpsilon=31.18
gpsVolume=127.412
mQualEpsilon=0.00470688
mQualVolume=0.00796577
new_planned_energy=84.2979
