gpsEpsilon=32.9281
gpsVolume=127.522
mQualEpsilon=0.00328592
mQualVolume=0.00047069
new_planned_energy=78.7428
