gpsEpsilon=1.36802e-315
gpsVolume=-0.324846
mQualEpsilon=0.00388942
mQualVolume=6.52436e-05
new_planned_energy=99.5655
