gpsEpsilon=30.339
gpsVolume=58.0895
mQualEpsilon=0.0103141
mQualVolume=0.00137091
new_planned_energy=81.049
