gpsEpsilon=-0.250289
gpsVolume=-0.234988
mQualEpsilon=-1
mQualVolume=0.000257259
new_planned_energy=95.4231
