gpsEpsilon=31.3781
gpsVolume=6.428
mQualEpsilon=0.0655531
mQualVolume=0.00614583
new_planned_energy=70.924
