gpsEpsilon=1.06108e-315
gpsVolume=1.97626e-323
mQualEpsilon=0.0251167
mQualVolume=0.00407477
new_planned_energy=81.3802
