gpsEpsilon=1.20582e-315
gpsVolume=1.20582e-315
mQualEpsilon=-1
mQualVolume=0.000258404
new_planned_energy=112.76
