epsilon_quality=0.113595
volume_quality=0.138019
