epsilon_quality=0.0228899
volume_quality=0.0577884
