epsilon_quality=0.118441
volume_quality=0.32752
