epsilon_quality=0.0917897
volume_quality=0.448214
