epsilon_quality=0.193128
volume_quality=1.12531
