epsilon_quality=0.105354
volume_quality=0.0823185
