epsilon_quality=0.235778
volume_quality=0.903764
