epsilon_quality=0.125008
volume_quality=0.533748
