epsilon_quality=0.0221292
volume_quality=0.0422709
