epsilon_quality=0.0422969
volume_quality=0.11019
