epsilon_quality=0.170182
volume_quality=0.377768
