epsilon_quality=0.0578614
volume_quality=0.0536973
