epsilon_quality=0.127493
volume_quality=0.105078
