epsilon_quality=0.165095
volume_quality=0.265979
