epsilon_quality=0.0864588
volume_quality=0.0473248
