epsilon_quality=0.038753
volume_quality=0.041851
