epsilon_quality=0.028472
volume_quality=0.00359675
