epsilon_quality=0.0305501
volume_quality=0.0211203
