epsilon_quality=0.0851243
volume_quality=0.117032
