epsilon_quality=0.0693517
volume_quality=0.0899284
