epsilon_quality=0.0450775
volume_quality=0.00650198
