gpsEpsilon=1.11978e-315
gpsVolume=0
mQualEpsilon=-1
mQualVolume=0.00707413
new_planned_energy=39.1089
