gpsEpsilon=1.12622e-315
gpsVolume=0
mQualEpsilon=-1
mQualVolume=0.0052851
new_planned_energy=57.9683
