gpsEpsilon=1.40691e-315
gpsVolume=0
mQualEpsilon=0.0466503
mQualVolume=0.0168082
new_planned_energy=22.9356
