gpsEpsilon=10.73
gpsVolume=-11.51
mQualEpsilon=0.0139274
mQualVolume=0.00150255
new_planned_energy=84.4489
