gpsEpsilon=0.0576745
gpsVolume=4.09742
mQualEpsilon=0.030112
mQualVolume=0.00317532
new_planned_energy=28.0336
