gpsEpsilon=40.117
gpsVolume=63.6016
mQualEpsilon=0.0104847
mQualVolume=0.0198183
new_planned_energy=37.5764
