gpsEpsilon=71.6758
gpsVolume=83.2947
mQualEpsilon=0.00975307
mQualVolume=0.000130012
new_planned_energy=73.85
