gpsEpsilon=1.27917e-315
gpsVolume=0
mQualEpsilon=-1
mQualVolume=0.000479902
new_planned_energy=74.319
