gpsEpsilon=1.07634e-315
gpsVolume=0
mQualEpsilon=0.0297501
mQualVolume=0.00121865
new_planned_energy=53.4747
