epsilon_quality=0.0500116
volume_quality=0.0109799
