epsilon_quality=0.010509
volume_quality=0.00138681
