epsilon_quality=0.119639
volume_quality=0.102189
