epsilon_quality=0.13983
volume_quality=0.306243
