epsilon_quality=0.0951093
volume_quality=0.151872
