epsilon_quality=0.0829999
volume_quality=0.041911
