epsilon_quality=0.0797921
volume_quality=0.110731
