epsilon_quality=0.0441593
volume_quality=0.13683
