epsilon_quality=0.223163
volume_quality=0.977684
