epsilon_quality=0.132312
volume_quality=0.173173
