epsilon_quality=0.0805676
volume_quality=0.0428689
