epsilon_quality=0.130273
volume_quality=0.12628
