epsilon_quality=0.0955813
volume_quality=0.0335751
