gpsEpsilon=230.662
gpsVolume=82.6861
mQualEpsilon=0.0313897
mQualVolume=0.00713702
new_planned_energy=88.5734
