gpsEpsilon=200.471
gpsVolume=61.338
mQualEpsilon=0.0436091
mQualVolume=0.0117994
new_planned_energy=25.648
