gpsEpsilon=188.486
gpsVolume=62.4985
mQualEpsilon=0.0365506
mQualVolume=0.00433571
new_planned_energy=41.4403
