gpsEpsilon=0.419983
gpsVolume=2.42092e-322
mQualEpsilon=-1
mQualVolume=0.00727009
new_planned_energy=84.0774
