gpsEpsilon=0.419983
gpsVolume=2.42092e-322
mQualEpsilon=-1
mQualVolume=0.0156688
new_planned_energy=42.4737
