gpsEpsilon=6.14349e-316
gpsVolume=6.95335e-310
mQualEpsilon=0.0042154
mQualVolume=0.000680244
new_planned_energy=22.1565
