gpsEpsilon=203.215
gpsVolume=61.338
mQualEpsilon=0.0448014
mQualVolume=0.0378229
new_planned_energy=43.4463
