gpsEpsilon=188.697
gpsVolume=85.9208
mQualEpsilon=0.0396373
mQualVolume=0.0176972
new_planned_energy=17.2158
