gpsEpsilon=195.897
gpsVolume=94.5192
mQualEpsilon=0.0642517
mQualVolume=0.00511749
new_planned_energy=51.8356
