epsilon_quality=0.194781
volume_quality=0.307264
