epsilon_quality=0.103812
volume_quality=0.215153
