epsilon_quality=0.00360906
volume_quality=0.00163413
