epsilon_quality=0.0303643
volume_quality=0.0308738
