epsilon_quality=0.110228
volume_quality=0.0922915
