epsilon_quality=0.048212
volume_quality=0.0501989
