epsilon_quality=0.199604
volume_quality=0.318734
