epsilon_quality=0.304412
volume_quality=1.37921
