epsilon_quality=0.0777851
volume_quality=0.50585
