epsilon_quality=0.123544
volume_quality=0.534329
