epsilon_quality=0.0107407
volume_quality=0.0162973
