epsilon_quality=0.170063
volume_quality=0.382269
