epsilon_quality=0.145079
volume_quality=0.341174
