epsilon_quality=0.10322
volume_quality=0.206416
