epsilon_quality=0.0347206
volume_quality=0.184227
