epsilon_quality=0.018643
volume_quality=0.00652769
