epsilon_quality=0.0289034
volume_quality=0.14249
