epsilon_quality=0.0491225
volume_quality=0.131245
