epsilon_quality=0.0814743
volume_quality=0.17418
