epsilon_quality=0.167572
volume_quality=0.288557
