epsilon_quality=0.104211
volume_quality=0.269441
