epsilon_quality=0.0316639
volume_quality=0.00294549
