epsilon_quality=0.302971
volume_quality=0.901477
