epsilon_quality=0.0308975
volume_quality=0.156478
