epsilon_quality=0.185711
volume_quality=0.287123
