epsilon_quality=0.0629919
volume_quality=0.0318329
