epsilon_quality=0.147562
volume_quality=0.357207
