epsilon_quality=0.0526806
volume_quality=0.195926
