epsilon_quality=0.097078
volume_quality=0.203987
