epsilon_quality=0.188507
volume_quality=0.258916
