epsilon_quality=0.0727401
volume_quality=0.0250968
