epsilon_quality=0.227476
volume_quality=0.493416
