epsilon_quality=0.11161
volume_quality=0.106318
