epsilon_quality=0.141523
volume_quality=0.15618
