epsilon_quality=0.146409
volume_quality=0.281499
