epsilon_quality=0.0106821
volume_quality=0.300079
