epsilon_quality=0.084445
volume_quality=0.0321109
