epsilon_quality=0.144421
volume_quality=0.170625
