epsilon_quality=0.0923103
volume_quality=0.0264162
