epsilon_quality=0.0238239
volume_quality=0.00861561
