epsilon_quality=0.0571086
volume_quality=0.0194908
