epsilon_quality=0.0856875
volume_quality=0.0945284
