epsilon_quality=0.0516734
volume_quality=0.0793909
