epsilon_quality=0.212574
volume_quality=0.490587
