epsilon_quality=0.222817
volume_quality=1.00016
