epsilon_quality=0.181519
volume_quality=0.172875
