epsilon_quality=0.103433
volume_quality=0.0720649
