epsilon_quality=0.157201
volume_quality=0.491188
