epsilon_quality=0.0440861
volume_quality=0.115573
