epsilon_quality=0.106118
volume_quality=0.139603
