epsilon_quality=0.140986
volume_quality=0.189828
