epsilon_quality=0.053096
volume_quality=0.0673487
