epsilon_quality=0.137067
volume_quality=0.950612
