epsilon_quality=0.125867
volume_quality=0.630049
