epsilon_quality=0.184865
volume_quality=0.580711
