epsilon_quality=0.0559568
volume_quality=0.0344807
