epsilon_quality=0.246746
volume_quality=0.699708
