epsilon_quality=0.123048
volume_quality=0.097865
