epsilon_quality=0.104572
volume_quality=0.0790791
