epsilon_quality=0.069806
volume_quality=0.0285915
