epsilon_quality=0.0546218
volume_quality=0.0218332
