epsilon_quality=0.0933948
volume_quality=0.065844
