epsilon_quality=0.0147975
volume_quality=0.196252
