epsilon_quality=0.0350836
volume_quality=0.019344
