epsilon_quality=0.255421
volume_quality=0.78847
