epsilon_quality=0.185479
volume_quality=0.49233
