epsilon_quality=0.0845022
volume_quality=0.61586
