epsilon_quality=0.22025
volume_quality=0.510862
