epsilon_quality=0.150371
volume_quality=0.205919
