epsilon_quality=0.171752
volume_quality=0.346633
