epsilon_quality=0.00864356
volume_quality=0.137543
