epsilon_quality=0.188773
volume_quality=0.346604
