epsilon_quality=0.0354851
volume_quality=0.00797369
