epsilon_quality=0.0785587
volume_quality=0.0365211
