epsilon_quality=0.148851
volume_quality=0.147787
