epsilon_quality=0.0704263
volume_quality=0.0245948
