epsilon_quality=0.228043
volume_quality=0.538939
