epsilon_quality=0.142946
volume_quality=0.330524
