epsilon_quality=0.148637
volume_quality=0.067829
