epsilon_quality=1.11022e-16
volume_quality=0.0237172
