epsilon_quality=0.0921177
volume_quality=0.0286114
