epsilon_quality=0.124764
volume_quality=0.142494
