epsilon_quality=0.166616
volume_quality=0.387748
