epsilon_quality=0.024203
volume_quality=0.217929
