epsilon_quality=0.0319348
volume_quality=0.0530941
