epsilon_quality=0.120599
volume_quality=0.418974
