epsilon_quality=0.0164518
volume_quality=0.0731139
