epsilon_quality=0.0229489
volume_quality=0.00149459
