epsilon_quality=0.110104
volume_quality=0.269634
