epsilon_quality=0.0811313
volume_quality=0.0351169
