epsilon_quality=0.113503
volume_quality=0.275596
