epsilon_quality=0.16967
volume_quality=0.591921
