epsilon_quality=0.164565
volume_quality=0.219203
