epsilon_quality=0.12918
volume_quality=0.185973
