epsilon_quality=0.125507
volume_quality=0.148229
