epsilon_quality=0.0181841
volume_quality=0.0338417
