epsilon_quality=0.0352525
volume_quality=0.0183825
