epsilon_quality=0.128413
volume_quality=1.39031
