epsilon_quality=0.0724143
volume_quality=0.242769
