epsilon_quality=0.166829
volume_quality=0.599697
