epsilon_quality=0.27987
volume_quality=1.16002
