epsilon_quality=0.0822754
volume_quality=0.13609
