epsilon_quality=0.105895
volume_quality=0.392725
