epsilon_quality=0.0353298
volume_quality=0.134624
