epsilon_quality=0.0448015
volume_quality=0.0863661
