epsilon_quality=0.309739
volume_quality=0.879785
