epsilon_quality=0.154435
volume_quality=0.498207
