epsilon_quality=0.240487
volume_quality=0.727838
