epsilon_quality=0.026711
volume_quality=0.0410365
