epsilon_quality=0.0519129
volume_quality=0.0231374
