epsilon_quality=0.00954893
volume_quality=0.00898663
