gpsEpsilon=21.0302
gpsVolume=2.42092e-322
mQualEpsilon=0.0018186
mQualVolume=0.000666484
new_planned_energy=62.248
