gpsEpsilon=1.00949e-315
gpsVolume=0
mQualEpsilon=0.00330135
mQualVolume=0.000128467
new_planned_energy=35.555
