gpsEpsilon=1.27699e-315
gpsVolume=0
mQualEpsilon=0.0140728
mQualVolume=0.000218686
new_planned_energy=106.359
