gpsEpsilon=8.32645e-316
gpsVolume=0
mQualEpsilon=-1
mQualVolume=0.000723019
new_planned_energy=67.4385
