gpsEpsilon=1.11611e-315
gpsVolume=0
mQualEpsilon=-1
mQualVolume=0.00102267
new_planned_energy=53.933
