gpsEpsilon=1.37858e-315
gpsVolume=9.88131e-324
mQualEpsilon=-1
mQualVolume=0.000676259
new_planned_energy=89.5609
