gpsEpsilon=1.16325e-315
gpsVolume=6.95335e-310
mQualEpsilon=-1
mQualVolume=0.0052585
new_planned_energy=70.9624
