gpsEpsilon=60.8904
gpsVolume=196.002
mQualEpsilon=0.0520721
mQualVolume=0.00268009
new_planned_energy=56.7458
