gpsEpsilon=32.3141
gpsVolume=2.42092e-322
mQualEpsilon=-1
mQualVolume=0.00169776
new_planned_energy=81.9325
