gpsEpsilon=7.8885e-316
gpsVolume=0
mQualEpsilon=0.00597899
mQualVolume=0.000612943
new_planned_energy=53.6916
