gpsEpsilon=9.31706e-316
gpsVolume=0
mQualEpsilon=-1
mQualVolume=0.000582624
new_planned_energy=96.5787
