gpsEpsilon=9.07525e-316
gpsVolume=0
mQualEpsilon=0.0128692
mQualVolume=0.00377076
new_planned_energy=33.7268
