gpsEpsilon=1.11985e-315
gpsVolume=0
mQualEpsilon=-1
mQualVolume=0.000146188
new_planned_energy=82.8698
