epsilon_quality=0.0400058
volume_quality=0.109936
