epsilon_quality=0.0451748
volume_quality=0.11963
