epsilon_quality=0.119688
volume_quality=0.121552
