epsilon_quality=0.0912137
volume_quality=0.454092
