epsilon_quality=0.0711607
volume_quality=0.206607
