epsilon_quality=0.10047
volume_quality=0.0705333
