epsilon_quality=0.118019
volume_quality=0.212311
