epsilon_quality=0.117849
volume_quality=0.258647
