epsilon_quality=0.197564
volume_quality=0.473846
