epsilon_quality=0.203012
volume_quality=0.343328
