epsilon_quality=0.111206
volume_quality=0.12422
