epsilon_quality=0.0452604
volume_quality=0.209287
