epsilon_quality=0.0752658
volume_quality=0.351647
