epsilon_quality=0.133417
volume_quality=0.156474
