epsilon_quality=0.163258
volume_quality=0.0849118
