epsilon_quality=0.0856627
volume_quality=0.270436
