epsilon_quality=0.0887999
volume_quality=0.171883
