epsilon_quality=0.0124081
volume_quality=0.00407595
