epsilon_quality=0.0160782
volume_quality=0.00181647
