epsilon_quality=0.0694075
volume_quality=0.0712104
