epsilon_quality=0.0209414
volume_quality=0.0355079
