epsilon_quality=0.0877077
volume_quality=0.0453975
