epsilon_quality=0.110114
volume_quality=0.0886864
