epsilon_quality=0.0204359
volume_quality=0.044005
