epsilon_quality=0.200029
volume_quality=0.372866
