epsilon_quality=0.153239
volume_quality=0.411763
