epsilon_quality=0.140766
volume_quality=0.123761
