epsilon_quality=0.103826
volume_quality=0.0507702
