epsilon_quality=0.132429
volume_quality=0.17265
