epsilon_quality=0.156021
volume_quality=0.244399
