epsilon_quality=0.0376999
volume_quality=0.0174801
