epsilon_quality=0.0217644
volume_quality=0.00748551
