epsilon_quality=0.0788668
volume_quality=0.307829
