epsilon_quality=0.0952449
volume_quality=0.0954337
