epsilon_quality=0.140981
volume_quality=0.159624
