epsilon_quality=0.012966
volume_quality=0.00110238
