epsilon_quality=0.00626685
volume_quality=0.000844477
