epsilon_quality=0.0226493
volume_quality=0.00727472
