epsilon_quality=0.125545
volume_quality=0.122708
