epsilon_quality=0.0926401
volume_quality=0.347602
