epsilon_quality=0.180589
volume_quality=0.236396
