epsilon_quality=0.188779
volume_quality=0.885727
