epsilon_quality=0.049583
volume_quality=0.0177334
