epsilon_quality=0.0358243
volume_quality=0.196043
