epsilon_quality=0.0434543
volume_quality=0.0498396
