epsilon_quality=0.0152486
volume_quality=0.0337476
