epsilon_quality=0.0558396
volume_quality=0.0462459
