epsilon_quality=0.203114
volume_quality=1.06107
