epsilon_quality=0.225271
volume_quality=0.733318
