epsilon_quality=0.096248
volume_quality=0.090822
