epsilon_quality=0.154989
volume_quality=0.152705
