epsilon_quality=0.140025
volume_quality=0.477752
