epsilon_quality=0.0583237
volume_quality=0.161819
