epsilon_quality=0.123915
volume_quality=0.318343
