epsilon_quality=0.115188
volume_quality=0.204715
