epsilon_quality=0.119898
volume_quality=0.0483222
