epsilon_quality=0.109799
volume_quality=0.354782
