epsilon_quality=0.00624561
volume_quality=0.0790911
