epsilon_quality=0.0260923
volume_quality=0.0072249
