epsilon_quality=0.0191249
volume_quality=0.0016482
