epsilon_quality=0.206409
volume_quality=0.441714
