epsilon_quality=0.0899732
volume_quality=0.057685
