epsilon_quality=0.023913
volume_quality=0.00116427
