epsilon_quality=0.0624998
volume_quality=0.00877434
