epsilon_quality=0.0384344
volume_quality=0.00592675
