epsilon_quality=0.100446
volume_quality=0.231373
