epsilon_quality=0.120606
volume_quality=0.215571
