gpsEpsilon=1.21974e-315
gpsVolume=0
mQualEpsilon=0.00479736
mQualVolume=0.00341436
new_planned_energy=81.8471
