gpsEpsilon=1.39957e-316
gpsVolume=0
mQualEpsilon=-1
mQualVolume=0.00214672
new_planned_energy=91.3594
