gpsEpsilon=7.28597e-316
gpsVolume=0
mQualEpsilon=1.06009
mQualVolume=36.9183
new_planned_energy=-1.06009
