gpsEpsilon=1.36559e-315
gpsVolume=1.36559e-315
mQualEpsilon=-1
mQualVolume=0.0040812
new_planned_energy=35.6547
