gpsEpsilon=-62.6056
gpsVolume=0.987222
mQualEpsilon=0.0108489
mQualVolume=0.00772775
new_planned_energy=60.6355
