gpsEpsilon=177.199
gpsVolume=13.0028
mQualEpsilon=0.0942611
mQualVolume=0.0357422
new_planned_energy=48.0654
