gpsEpsilon=1.37621e-315
gpsVolume=1.34218e+08
mQualEpsilon=0.0120306
mQualVolume=0.00196864
new_planned_energy=52.1965
