gpsEpsilon=1.37621e-315
gpsVolume=1.34218e+08
mQualEpsilon=1.44526
mQualVolume=54.976
new_planned_energy=-1.44526
