gpsEpsilon=0
gpsVolume=2.42092e-322
mQualEpsilon=0.00946313
mQualVolume=0.0110833
new_planned_energy=25.7205
