gpsEpsilon=13.4228
gpsVolume=223.784
mQualEpsilon=0.0500057
mQualVolume=0.0229857
new_planned_energy=81.219
