gpsEpsilon=34.3751
gpsVolume=57.7959
mQualEpsilon=0.0649124
mQualVolume=0.0181928
new_planned_energy=45.0088
