gpsEpsilon=9.99104
gpsVolume=108.653
mQualEpsilon=-1
mQualVolume=0.00666575
new_planned_energy=49.1542
