gpsEpsilon=1.00285e-315
gpsVolume=0
mQualEpsilon=0.0130257
mQualVolume=0.00517433
new_planned_energy=42.7357
