epsilon_quality=0.135391
volume_quality=0.177418
