epsilon_quality=0.232238
volume_quality=0.780357
