epsilon_quality=0.0131793
volume_quality=0.0108665
