epsilon_quality=0.0307411
volume_quality=0.357058
