epsilon_quality=0.109104
volume_quality=0.136957
