epsilon_quality=0.09058
volume_quality=0.123357
