epsilon_quality=0.123105
volume_quality=0.257853
