epsilon_quality=0.0723492
volume_quality=0.218729
