epsilon_quality=0.0639002
volume_quality=0.0749028
