epsilon_quality=0.0378744
volume_quality=0.0331321
