epsilon_quality=0.188068
volume_quality=0.766327
