epsilon_quality=0.0586202
volume_quality=0.0323029
