epsilon_quality=0.282511
volume_quality=1.21298
