epsilon_quality=0.269086
volume_quality=0.760854
