epsilon_quality=0.153865
volume_quality=0.24378
