epsilon_quality=0.015783
volume_quality=0.00833823
