epsilon_quality=0.0507002
volume_quality=0.0472628
