epsilon_quality=0.0602242
volume_quality=0.106276
