epsilon_quality=0.053724
volume_quality=0.0280294
