gpsEpsilon=1.18576e-321
gpsVolume=3.95253e-322
mQualEpsilon=-1
mQualVolume=1.24121e-05
new_planned_energy=82.8317
