gpsEpsilon=7.89944e-316
gpsVolume=0
mQualEpsilon=0.0280018
mQualVolume=0.000309202
new_planned_energy=56.2818
