gpsEpsilon=1.4682e-316
gpsVolume=0
mQualEpsilon=0.0145521
mQualVolume=0.000666255
new_planned_energy=53.606
