gpsEpsilon=1.21956e-315
gpsVolume=0
mQualEpsilon=1.84442
mQualVolume=48.7586
new_planned_energy=36.4835
