gpsEpsilon=1.17478e-315
gpsVolume=0
mQualEpsilon=-1
mQualVolume=0.00621487
new_planned_energy=24.9418
