gpsEpsilon=1.12586e-315
gpsVolume=0
mQualEpsilon=0.932098
mQualVolume=41.1942
new_planned_energy=21.1611
