gpsEpsilon=1.12586e-315
gpsVolume=0
mQualEpsilon=0.788564
mQualVolume=39.8785
new_planned_energy=-0.788564
