gpsEpsilon=1.12586e-315
gpsVolume=0
mQualEpsilon=0.0023577
mQualVolume=0.000117366
new_planned_energy=39.6912
