gpsEpsilon=8.25603e-316
gpsVolume=0
mQualEpsilon=0.0269092
mQualVolume=0.00175248
new_planned_energy=61.1488
