gpsEpsilon=2.07113e-316
gpsVolume=0
mQualEpsilon=0.000247963
mQualVolume=0.00242491
new_planned_energy=19.9213
