gpsEpsilon=1.18576e-321
gpsVolume=3.16202e-322
mQualEpsilon=0.00831252
mQualVolume=0.000237566
new_planned_energy=43.5044
