epsilon_quality=0.00185624
volume_quality=0.0284822
