epsilon_quality=0.138462
volume_quality=0.405882
