epsilon_quality=0.180441
volume_quality=0.546669
