epsilon_quality=0.148565
volume_quality=0.197377
