epsilon_quality=0.0940254
volume_quality=0.193694
