epsilon_quality=0.0947954
volume_quality=0.0391548
