epsilon_quality=0.0543428
volume_quality=0.0510677
