epsilon_quality=0.128603
volume_quality=0.117478
