epsilon_quality=0.147041
volume_quality=0.224294
