epsilon_quality=0.134821
volume_quality=0.291816
