epsilon_quality=0.245865
volume_quality=0.665814
