epsilon_quality=0.0426932
volume_quality=0.166876
