epsilon_quality=0.0396969
volume_quality=0.0848934
