epsilon_quality=0.0402197
volume_quality=0.0923636
