epsilon_quality=0.0549019
volume_quality=0.0184996
