epsilon_quality=0.103871
volume_quality=0.142052
