epsilon_quality=0.216098
volume_quality=0.54597
