epsilon_quality=0.0978689
volume_quality=0.345213
