epsilon_quality=0.0588206
volume_quality=0.0589367
