epsilon_quality=0.0465876
volume_quality=0.00981938
