epsilon_quality=0.080626
volume_quality=0.035876
