epsilon_quality=0.102205
volume_quality=0.0304718
