epsilon_quality=0.0731374
volume_quality=0.0286294
