epsilon_quality=0.091176
volume_quality=0.125883
