epsilon_quality=0.0363216
volume_quality=0.0277303
