epsilon_quality=0.0535844
volume_quality=0.00933108
