epsilon_quality=0.0573111
volume_quality=0.0563212
