epsilon_quality=0.0600183
volume_quality=0.010356
