epsilon_quality=0.0712946
volume_quality=0.0100595
