gpsEpsilon=158.177
gpsVolume=30.6956
mQualEpsilon=0.0174628
mQualVolume=0.00214601
new_planned_energy=57.0501
