gpsEpsilon=150.166
gpsVolume=30.6903
mQualEpsilon=0.0387542
mQualVolume=0.00789622
new_planned_energy=27.9238
