gpsEpsilon=189.672
gpsVolume=132.289
mQualEpsilon=0.0774126
mQualVolume=0.020234
new_planned_energy=63.9196
