gpsEpsilon=160.207
gpsVolume=96.962
mQualEpsilon=0.0200003
mQualVolume=0.00247463
new_planned_energy=57.06
