gpsEpsilon=190.837
gpsVolume=41.6436
mQualEpsilon=0.0366357
mQualVolume=0.00581405
new_planned_energy=112.313
