gpsEpsilon=175.6
gpsVolume=36.1851
mQualEpsilon=0.000423139
mQualVolume=0.00366688
new_planned_energy=96.15
