gpsEpsilon=166.548
gpsVolume=38.9235
mQualEpsilon=0.0100847
mQualVolume=0.00086203
new_planned_energy=46.742
