gpsEpsilon=150.166
gpsVolume=36.1691
mQualEpsilon=0.0366357
mQualVolume=0.00581405
new_planned_energy=115.658
