gpsEpsilon=174.363
gpsVolume=36.1592
mQualEpsilon=0.000976991
mQualVolume=0.0110504
new_planned_energy=62.6103
