epsilon_quality=0.299349
volume_quality=1.13329
