epsilon_quality=0.101509
volume_quality=0.262147
