epsilon_quality=0.00835083
volume_quality=0.0413747
