epsilon_quality=0.035585
volume_quality=0.00444872
