epsilon_quality=0.0541641
volume_quality=0.0124718
