epsilon_quality=0.0323679
volume_quality=0.0033974
