epsilon_quality=0.0757655
volume_quality=0.0318122
