epsilon_quality=0.0387088
volume_quality=0.00465192
