epsilon_quality=0.0253419
volume_quality=0.0111959
