epsilon_quality=0.0640568
volume_quality=0.405919
