epsilon_quality=0.0176698
volume_quality=0.130502
