epsilon_quality=0.0520675
volume_quality=0.0487075
