epsilon_quality=0.190265
volume_quality=0.223919
