epsilon_quality=0.196459
volume_quality=0.331151
