epsilon_quality=0.247238
volume_quality=0.44085
