epsilon_quality=0.131426
volume_quality=0.126344
