epsilon_quality=0.0985914
volume_quality=0.150489
