epsilon_quality=0.189607
volume_quality=0.499646
