epsilon_quality=0.0290334
volume_quality=0.17068
