epsilon_quality=0.037848
volume_quality=0.0162195
