epsilon_quality=0.233567
volume_quality=0.839921
