epsilon_quality=0.125233
volume_quality=0.110541
