gpsEpsilon=24.0393
gpsVolume=77.2932
mQualEpsilon=0.00474131
mQualVolume=0.0145365
new_planned_energy=76.0013
