gpsEpsilon=9.29803
gpsVolume=62.7883
mQualEpsilon=0.0271906
mQualVolume=0.00435117
new_planned_energy=35.9611
