gpsEpsilon=9.29803
gpsVolume=69.7918
mQualEpsilon=0.00375366
mQualVolume=0.0119429
new_planned_energy=92.5566
