gpsEpsilon=7.8246
gpsVolume=70.9668
mQualEpsilon=0.0718372
mQualVolume=0.00758971
new_planned_energy=28.0171
