gpsEpsilon=22.5647
gpsVolume=71.8665
mQualEpsilon=0.0281238
mQualVolume=0.0072498
new_planned_energy=45.0051
