gpsEpsilon=0.657481
gpsVolume=2.42092e-322
mQualEpsilon=-1
mQualVolume=0.00415
new_planned_energy=65.0218
