gpsEpsilon=0
gpsVolume=2.42092e-322
mQualEpsilon=0.0184319
mQualVolume=0.0099797
new_planned_energy=108.484
