gpsEpsilon=0.664746
gpsVolume=2.42092e-322
mQualEpsilon=0.000283617
mQualVolume=0.00225145
new_planned_energy=60.2744
