gpsEpsilon=0.657211
gpsVolume=2.42092e-322
mQualEpsilon=-1
mQualVolume=0.00191622
new_planned_energy=71.7895
