gpsEpsilon=0.66453
gpsVolume=2.42092e-322
mQualEpsilon=0.000283617
mQualVolume=0.00225145
new_planned_energy=32.7176
