gpsEpsilon=0.665589
gpsVolume=2.42092e-322
mQualEpsilon=0.0549153
mQualVolume=0.0119915
new_planned_energy=59.4874
