gpsEpsilon=0.662508
gpsVolume=2.42092e-322
mQualEpsilon=0.043083
mQualVolume=0.0381164
new_planned_energy=53.2481
