gpsEpsilon=1.8411
gpsVolume=1.83727
mQualEpsilon=0.000192756
mQualVolume=0.00228653
new_planned_energy=24.8853
