epsilon_quality=0.297981
volume_quality=0.730605
