epsilon_quality=0.0913716
volume_quality=0.297285
