epsilon_quality=0.169717
volume_quality=0.356474
