epsilon_quality=0.205447
volume_quality=0.535048
