epsilon_quality=0.112103
volume_quality=0.272523
