epsilon_quality=0.0535031
volume_quality=0.0702227
