epsilon_quality=0.0570403
volume_quality=0.0248329
