epsilon_quality=0.229343
volume_quality=1.26476
