epsilon_quality=0.0610968
volume_quality=0.0355445
