epsilon_quality=0.0203565
volume_quality=0.00164397
