epsilon_quality=0.16944
volume_quality=0.221979
