epsilon_quality=0.197207
volume_quality=0.933624
