epsilon_quality=0.0240354
volume_quality=0.00536061
