epsilon_quality=0.0340291
volume_quality=0.00268738
