epsilon_quality=0.0347992
volume_quality=0.00159748
