epsilon_quality=0.0322822
volume_quality=0.00448511
