epsilon_quality=0.020931
volume_quality=0.00118886
