gpsEpsilon=0.191537
gpsVolume=-0.363977
mQualEpsilon=0.0846796
mQualVolume=0.00612879
new_planned_energy=42.2987
