gpsEpsilon=152.683
gpsVolume=69.5688
mQualEpsilon=0.0568465
mQualVolume=0.00379174
new_planned_energy=31.5424
