gpsEpsilon=0.630854
gpsVolume=2.2443
mQualEpsilon=0.0876596
mQualVolume=0.0212812
new_planned_energy=46.1082
