gpsEpsilon=2.32654e-316
gpsVolume=4.10471e-316
mQualEpsilon=0.00594061
mQualVolume=0.00350016
new_planned_energy=70.5638
