gpsEpsilon=-0.30036
gpsVolume=8.36814
mQualEpsilon=0.035198
mQualVolume=0.011394
new_planned_energy=76.2152
