gpsEpsilon=2.96172e-316
gpsVolume=-0.255614
mQualEpsilon=0.021254
mQualVolume=0.00113195
new_planned_energy=35.1025
