gpsEpsilon=0.401614
gpsVolume=8.35681
mQualEpsilon=-1
mQualVolume=0.000124872
new_planned_energy=146.722
