gpsEpsilon=2.97962e-316
gpsVolume=6.95335e-310
mQualEpsilon=0.0513856
mQualVolume=0.0100539
new_planned_energy=37.8936
