gpsEpsilon=0.328507
gpsVolume=0.855374
mQualEpsilon=-1
mQualVolume=0.0103228
new_planned_energy=39.1908
