gpsEpsilon=136.963
gpsVolume=132.772
mQualEpsilon=0.128332
mQualVolume=0.0133694
new_planned_energy=50.1166
