gpsEpsilon=2.23428e-316
gpsVolume=6.95335e-310
mQualEpsilon=-1
mQualVolume=0.0110339
new_planned_energy=32.1779
