gpsEpsilon=110.594
gpsVolume=177.754
mQualEpsilon=0.00702878
mQualVolume=0.000434237
new_planned_energy=49.5756
