gpsEpsilon=-0.569726
gpsVolume=2.81516
mQualEpsilon=0.111101
mQualVolume=0.035907
new_planned_energy=74.2172
