gpsEpsilon=43.4091
gpsVolume=100.2
mQualEpsilon=0.0704139
mQualVolume=0.0137097
new_planned_energy=47.9085
