epsilon_quality=0.041648
volume_quality=0.0280273
