epsilon_quality=0.16284
volume_quality=0.262183
