epsilon_quality=0.000742722
volume_quality=0.612221
