gpsEpsilon=1.24741e-315
gpsVolume=6.95335e-310
mQualEpsilon=-1
mQualVolume=0.00416797
new_planned_energy=71.7084
