gpsEpsilon=45.8754
gpsVolume=40.6296
mQualEpsilon=0.0186269
mQualVolume=0.00570102
new_planned_energy=40.8619
