gpsEpsilon=29.8945
gpsVolume=46.3634
mQualEpsilon=0.103248
mQualVolume=0.027429
new_planned_energy=56.4451
