gpsEpsilon=40.8737
gpsVolume=39.5318
mQualEpsilon=0.0377008
mQualVolume=0.0194514
new_planned_energy=78.9957
