gpsEpsilon=3.04294e-311
gpsVolume=7.08984e-321
mQualEpsilon=-1
mQualVolume=0.00363776
new_planned_energy=81.9217
