gpsEpsilon=1.56644e-315
gpsVolume=6.95335e-310
mQualEpsilon=-1
mQualVolume=0.0096057
new_planned_energy=37.649
