gpsEpsilon=1.16627e-315
gpsVolume=6.95335e-310
mQualEpsilon=-1
mQualVolume=0.00149665
new_planned_energy=72.888
