gpsEpsilon=1.27278e-315
gpsVolume=6.95335e-310
mQualEpsilon=0.00738206
mQualVolume=0.00455936
new_planned_energy=21.3391
