gpsEpsilon=13.1502
gpsVolume=18.5396
mQualEpsilon=0.0159384
mQualVolume=0.002531
new_planned_energy=78.6515
