gpsEpsilon=8.76839e-316
gpsVolume=8.76741e-316
mQualEpsilon=-1
mQualVolume=0.00598969
new_planned_energy=39.1351
