gpsEpsilon=212.598
gpsVolume=79.4626
mQualEpsilon=0.033058
mQualVolume=0.0130924
new_planned_energy=53.6685
