gpsEpsilon=1.21373e-315
gpsVolume=6.95335e-310
mQualEpsilon=0.00703517
mQualVolume=0.00766366
new_planned_energy=57.1547
