epsilon_quality=0.0109921
volume_quality=0.160651
