epsilon_quality=0.0751619
volume_quality=0.0736179
