epsilon_quality=0.12234
volume_quality=0.059456
