epsilon_quality=0.0436008
volume_quality=0.0884908
