epsilon_quality=0.0139154
volume_quality=0.00447027
