epsilon_quality=0.36719
volume_quality=4.56267
