epsilon_quality=0.16786
volume_quality=0.142322
