epsilon_quality=0.118613
volume_quality=0.0725704
