epsilon_quality=0.0927912
volume_quality=0.14818
