epsilon_quality=0.0383065
volume_quality=0.284352
