epsilon_quality=0.0658366
volume_quality=0.0372402
