epsilon_quality=0.0943206
volume_quality=0.0882558
