epsilon_quality=0.160251
volume_quality=0.216147
