epsilon_quality=0.0447123
volume_quality=0.300639
