epsilon_quality=0.0243012
volume_quality=0.0112534
