epsilon_quality=0.0908004
volume_quality=0.243435
