epsilon_quality=0.0651297
volume_quality=0.0337923
