epsilon_quality=0.0861057
volume_quality=0.0749046
