epsilon_quality=0.111257
volume_quality=0.151623
