epsilon_quality=0.0615756
volume_quality=0.00739578
