epsilon_quality=0.0779506
volume_quality=0.209945
