epsilon_quality=0.155048
volume_quality=0.295456
