epsilon_quality=0.069232
volume_quality=0.0346672
