epsilon_quality=0.0854342
volume_quality=0.170994
