epsilon_quality=0.0246443
volume_quality=0.290907
