epsilon_quality=0.0584332
volume_quality=0.117126
