epsilon_quality=0.0557989
volume_quality=0.151006
