epsilon_quality=0.102855
volume_quality=0.0453193
