epsilon_quality=0.0464095
volume_quality=0.107531
