epsilon_quality=0.123265
volume_quality=0.175103
