epsilon_quality=0.0400422
volume_quality=0.13559
