epsilon_quality=0.0702802
volume_quality=0.0643673
