epsilon_quality=0.0234314
volume_quality=0.0229376
