epsilon_quality=0.0285562
volume_quality=0.0248073
