epsilon_quality=0.0684684
volume_quality=0.0172622
