epsilon_quality=0.359705
volume_quality=1.92388
