epsilon_quality=0.281582
volume_quality=1.25646
