epsilon_quality=0.213532
volume_quality=0.590554
