epsilon_quality=0.503461
volume_quality=4.54826
