epsilon_quality=0.037122
volume_quality=0.0579221
