gpsEpsilon=152.494
gpsVolume=64.0779
mQualEpsilon=0.0247493
mQualVolume=0.0111016
new_planned_energy=15.5395
