gpsEpsilon=27.1038
gpsVolume=51.3591
mQualEpsilon=0.0823681
mQualVolume=0.0151008
new_planned_energy=51.5987
