gpsEpsilon=34.8945
gpsVolume=33.9324
mQualEpsilon=0.0277793
mQualVolume=0.00194003
new_planned_energy=73.2414
