gpsEpsilon=1.16416e-315
gpsVolume=-0.350886
mQualEpsilon=0.0435556
mQualVolume=0.00412376
new_planned_energy=37.2269
