gpsEpsilon=1.53831e-315
gpsVolume=-0.85298
mQualEpsilon=0.0823661
mQualVolume=0.0182954
new_planned_energy=20.0137
