gpsEpsilon=237.137
gpsVolume=39.1516
mQualEpsilon=0.0249433
mQualVolume=0.0039755
new_planned_energy=29.4269
