gpsEpsilon=161.597
gpsVolume=52.0075
mQualEpsilon=0.0315196
mQualVolume=0.00146013
new_planned_energy=67.4593
