gpsEpsilon=134.288
gpsVolume=17.2116
mQualEpsilon=0.0390176
mQualVolume=0.00936744
new_planned_energy=31.7685
