gpsEpsilon=161.598
gpsVolume=15.661
mQualEpsilon=0.0329723
mQualVolume=0.014791
new_planned_energy=44.3357
