gpsEpsilon=152.494
gpsVolume=19.9243
mQualEpsilon=0.13383
mQualVolume=0.0583681
new_planned_energy=39.2093
