epsilon_quality=0.036351
volume_quality=0.0471175
