epsilon_quality=0.0676744
volume_quality=0.0175079
