epsilon_quality=0.0582927
volume_quality=0.0132099
