epsilon_quality=0.0170869
volume_quality=0.0830743
