epsilon_quality=0.076075
volume_quality=0.0208746
