epsilon_quality=0.0634633
volume_quality=0.0199641
