epsilon_quality=0.0523371
volume_quality=0.00931404
