epsilon_quality=0.0175106
volume_quality=0.00765072
