epsilon_quality=0.120276
volume_quality=0.216897
