epsilon_quality=0.102928
volume_quality=0.0699867
