epsilon_quality=0.154256
volume_quality=0.108902
