epsilon_quality=0.144495
volume_quality=0.230912
