epsilon_quality=0.173878
volume_quality=0.382849
