epsilon_quality=0.151758
volume_quality=0.124925
