epsilon_quality=0.165953
volume_quality=0.365359
