epsilon_quality=0.0736779
volume_quality=0.145699
