epsilon_quality=0.221737
volume_quality=0.897523
