epsilon_quality=0.0704267
volume_quality=0.0521892
