epsilon_quality=0.0250595
volume_quality=0.0338571
