epsilon_quality=0.0677095
volume_quality=0.0530585
