epsilon_quality=0.048986
volume_quality=0.0557284
