epsilon_quality=0.125694
volume_quality=0.295574
