epsilon_quality=0.0306394
volume_quality=0.0324784
