epsilon_quality=0.109402
volume_quality=0.225557
