epsilon_quality=0.0434901
volume_quality=0.00761552
