epsilon_quality=0.182663
volume_quality=0.390797
