epsilon_quality=0.131782
volume_quality=0.540832
