epsilon_quality=0.0952413
volume_quality=0.0902549
