epsilon_quality=0.0125326
volume_quality=0.23217
