epsilon_quality=0.206802
volume_quality=0.331003
