epsilon_quality=0.0896653
volume_quality=0.0708248
