epsilon_quality=0.080344
volume_quality=0.0999192
