epsilon_quality=0.0175573
volume_quality=0.00916217
