epsilon_quality=0.204763
volume_quality=0.235533
