epsilon_quality=0.00246295
volume_quality=0.00418808
