epsilon_quality=0.0297224
volume_quality=0.00941132
