epsilon_quality=5.55112e-17
volume_quality=0.243259
