epsilon_quality=0.140398
volume_quality=0.14641
