epsilon_quality=0.0128552
volume_quality=0.00244303
