epsilon_quality=0.0709155
volume_quality=0.0638489
