epsilon_quality=0.069497
volume_quality=0.168376
