epsilon_quality=0.0491706
volume_quality=0.101527
