epsilon_quality=0.025179
volume_quality=0.0576407
