gpsEpsilon=45.687
gpsVolume=103.184
mQualEpsilon=0.0167699
mQualVolume=0.0017353
new_planned_energy=101.797
