gpsEpsilon=42.4939
gpsVolume=114.184
mQualEpsilon=0.00610742
mQualVolume=0.00363927
new_planned_energy=67.7285
