gpsEpsilon=79.8487
gpsVolume=113.684
mQualEpsilon=0.029264
mQualVolume=0.00490691
new_planned_energy=83.0372
