gpsEpsilon=0.55656
gpsVolume=0.723017
mQualEpsilon=-1
mQualVolume=0.00171049
new_planned_energy=31.4779
