epsilon_quality=0.119583
volume_quality=0.539757
