epsilon_quality=0.106579
volume_quality=0.428186
