epsilon_quality=0.0404046
volume_quality=0.0147685
