epsilon_quality=0.138401
volume_quality=0.131139
