epsilon_quality=0.171658
volume_quality=0.176711
