epsilon_quality=0.0410118
volume_quality=0.020624
