epsilon_quality=0.0479044
volume_quality=0.0184816
