epsilon_quality=0.057719
volume_quality=0.0187633
