epsilon_quality=0.05992
volume_quality=0.0297743
