epsilon_quality=0.00769284
volume_quality=0.0281364
