epsilon_quality=0.0865336
volume_quality=0.0841376
