epsilon_quality=0.106787
volume_quality=0.116724
