epsilon_quality=0.132924
volume_quality=0.15303
