epsilon_quality=0.24472
volume_quality=0.51702
