epsilon_quality=0.105823
volume_quality=0.26892
