epsilon_quality=0.0547658
volume_quality=0.0161111
