epsilon_quality=0.078763
volume_quality=0.117768
