epsilon_quality=0.118102
volume_quality=0.178359
