epsilon_quality=0.0914886
volume_quality=0.714504
