epsilon_quality=0.043857
volume_quality=0.517905
