gpsEpsilon=-6.63267
gpsVolume=1.00065
mQualEpsilon=0.00329012
mQualVolume=0.00101775
new_planned_energy=62.7863
