gpsEpsilon=-20.2662
gpsVolume=0
mQualEpsilon=1.68015
mQualVolume=56.3379
new_planned_energy=-1.68015
