gpsEpsilon=10.7316
gpsVolume=2.48717
mQualEpsilon=-1
mQualVolume=0.0101762
new_planned_energy=68.3986
