gpsEpsilon=6.36969e-67
gpsVolume=1.69014e-52
mQualEpsilon=1.4982
mQualVolume=46.4858
new_planned_energy=56.1044
