gpsEpsilon=63.6494
gpsVolume=64.4248
mQualEpsilon=0.00767325
mQualVolume=0.000386233
new_planned_energy=55.7595
