gpsEpsilon=1.81459e-316
gpsVolume=0
mQualEpsilon=-1
mQualVolume=0.00250648
new_planned_energy=60.3644
