gpsEpsilon=3.27373e-316
gpsVolume=0
mQualEpsilon=-1
mQualVolume=0.00185773
new_planned_energy=71.802
