gpsEpsilon=2.58234e-316
gpsVolume=0
mQualEpsilon=-1
mQualVolume=0.00197997
new_planned_energy=54.7742
