gpsEpsilon=13.1546
gpsVolume=-3.2499
mQualEpsilon=0.0130185
mQualVolume=0.00473434
new_planned_energy=41.1624
