gpsEpsilon=9.45701e-308
gpsVolume=9.45697e-308
mQualEpsilon=0.0163089
mQualVolume=0.000545755
new_planned_energy=72.8102
