gpsEpsilon=0
gpsVolume=0
mQualEpsilon=0.0521453
mQualVolume=0.00281068
new_planned_energy=53.1967
