epsilon_quality=0.064069
volume_quality=0.0405306
