epsilon_quality=0.0340323
volume_quality=0.00663943
