epsilon_quality=0.0357127
volume_quality=0.0069563
