epsilon_quality=0.0418889
volume_quality=0.00305032
