epsilon_quality=0.0208642
volume_quality=0.0957517
