epsilon_quality=0.130066
volume_quality=0.112084
