epsilon_quality=0.00450241
volume_quality=0.0256604
