epsilon_quality=0.103847
volume_quality=0.0518325
