epsilon_quality=0.0484541
volume_quality=0.047273
