epsilon_quality=0.198466
volume_quality=0.406458
