epsilon_quality=0.193993
volume_quality=0.140043
