epsilon_quality=0.334304
volume_quality=1.12653
