epsilon_quality=0.268157
volume_quality=1.44331
