epsilon_quality=0.125623
volume_quality=0.263268
