epsilon_quality=0.0943811
volume_quality=0.051065
