epsilon_quality=0.0249581
volume_quality=0.0386539
