epsilon_quality=0.00184502
volume_quality=0.0125662
