epsilon_quality=0.0552771
volume_quality=0.034744
