epsilon_quality=0.0349008
volume_quality=0.0119483
