epsilon_quality=0.0499952
volume_quality=0.00854858
