epsilon_quality=0.0506936
volume_quality=0.0287584
