epsilon_quality=0.0528314
volume_quality=0.0255613
