epsilon_quality=0.0711721
volume_quality=0.252988
