epsilon_quality=0.160879
volume_quality=0.181556
