epsilon_quality=0.0388689
volume_quality=0.00898896
