epsilon_quality=0.117672
volume_quality=0.21148
