epsilon_quality=0.0588203
volume_quality=0.109136
