epsilon_quality=0.0275298
volume_quality=0.0154896
