epsilon_quality=0.0345663
volume_quality=0.0187519
