epsilon_quality=0.00176431
volume_quality=0.057637
