epsilon_quality=0.0155684
volume_quality=0.0123555
