gpsEpsilon=50.6913
gpsVolume=187.584
mQualEpsilon=0.038109
mQualVolume=0.0161392
new_planned_energy=44.8409
