gpsEpsilon=48.2376
gpsVolume=237.454
mQualEpsilon=0.11132
mQualVolume=0.0418981
new_planned_energy=33.03
