gpsEpsilon=37.0716
gpsVolume=228.145
mQualEpsilon=0.0372112
mQualVolume=0.0130192
new_planned_energy=19.4458
