gpsEpsilon=25.5519
gpsVolume=218.171
mQualEpsilon=0.0733278
mQualVolume=0.0116085
new_planned_energy=28.7746
