gpsEpsilon=28.5079
gpsVolume=208.419
mQualEpsilon=0.0408012
mQualVolume=0.036619
new_planned_energy=23.9948
