gpsEpsilon=43.1165
gpsVolume=247.65
mQualEpsilon=0.00077277
mQualVolume=0.00404059
new_planned_energy=22.828
