gpsEpsilon=1.30334e-315
gpsVolume=0.614334
mQualEpsilon=0.121569
mQualVolume=0.0273177
new_planned_energy=29.8799
