gpsEpsilon=2.65249e-312
gpsVolume=3.73471e-312
mQualEpsilon=0.0520618
mQualVolume=0.0110579
new_planned_energy=33.8184
