gpsEpsilon=7.68513
gpsVolume=33.3098
mQualEpsilon=-1
mQualVolume=0.00273342
new_planned_energy=43.8499
