gpsEpsilon=54.9913
gpsVolume=237.454
mQualEpsilon=0.121012
mQualVolume=0.0358834
new_planned_energy=33.491
