gpsEpsilon=53.7644
gpsVolume=237.454
mQualEpsilon=0.0671449
mQualVolume=0.0172143
new_planned_energy=30.4141
