gpsEpsilon=48.1061
gpsVolume=247.65
mQualEpsilon=0.0863045
mQualVolume=0.00799081
new_planned_energy=35.8919
