gpsEpsilon=39.2163
gpsVolume=247.65
mQualEpsilon=0.0888554
mQualVolume=0.0234419
new_planned_energy=43.9171
