epsilon_quality=0.16184
volume_quality=0.309893
