epsilon_quality=0.100533
volume_quality=0.368354
