epsilon_quality=0.200581
volume_quality=0.299819
