gpsEpsilon=9.52863
gpsVolume=127
mQualEpsilon=-1
mQualVolume=0.00238428
new_planned_energy=58.5955
