gpsEpsilon=27.6332
gpsVolume=130.593
mQualEpsilon=0.023244
mQualVolume=0.00275508
new_planned_energy=62.1979
