gpsEpsilon=10.6342
gpsVolume=135.43
mQualEpsilon=0.0127907
mQualVolume=0.000753303
new_planned_energy=79.1448
