gpsEpsilon=8.28482
gpsVolume=120.504
mQualEpsilon=-1
mQualVolume=0.012243
new_planned_energy=27.9491
