gpsEpsilon=25.9745
gpsVolume=135.43
mQualEpsilon=0.00170829
mQualVolume=0.000552689
new_planned_energy=28.8075
