gpsEpsilon=2.54639e-313
gpsVolume=1.63042e-322
mQualEpsilon=0.00301734
mQualVolume=0.00373158
new_planned_energy=37.8787
