gpsEpsilon=1.27849e-315
gpsVolume=6.95335e-310
mQualEpsilon=0.000348471
mQualVolume=0.000719483
new_planned_energy=32.4984
