gpsEpsilon=16.9915
gpsVolume=243.78
mQualEpsilon=0.0172171
mQualVolume=0.000941679
new_planned_energy=21.2996
