gpsEpsilon=8.83763
gpsVolume=133.496
mQualEpsilon=-1
mQualVolume=0.0104767
new_planned_energy=55.3108
