gpsEpsilon=28.7386
gpsVolume=133.496
mQualEpsilon=1.64094
mQualVolume=45.0984
new_planned_energy=9.59259
