gpsEpsilon=28.7386
gpsVolume=133.496
mQualEpsilon=0.0468804
mQualVolume=0.00788841
new_planned_energy=11.0849
