gpsEpsilon=28.7386
gpsVolume=133.496
mQualEpsilon=1.49217
mQualVolume=42.6236
new_planned_energy=-1.49217
