gpsEpsilon=20.9994
gpsVolume=133.634
mQualEpsilon=0.596499
mQualVolume=34.9321
new_planned_energy=-0.596499
