gpsEpsilon=20.9994
gpsVolume=133.634
mQualEpsilon=0.661002
mQualVolume=40.5206
new_planned_energy=-0.661002
