gpsEpsilon=20.9994
gpsVolume=133.634
mQualEpsilon=0.0176661
mQualVolume=0.00119619
new_planned_energy=43.5816
