epsilon_quality=0.0801355
volume_quality=0.0427334
