epsilon_quality=0.104848
volume_quality=0.134175
