epsilon_quality=0.0410675
volume_quality=0.0614919
