epsilon_quality=0.0353632
volume_quality=0.0540605
