epsilon_quality=0.0753694
volume_quality=0.0621782
