epsilon_quality=0.0855743
volume_quality=0.0230786
