epsilon_quality=0.193599
volume_quality=0.182309
