epsilon_quality=0.0568934
volume_quality=0.0251663
