epsilon_quality=0.0475972
volume_quality=0.0266289
