epsilon_quality=0.265379
volume_quality=0.966336
