epsilon_quality=0.225268
volume_quality=0.95768
