epsilon_quality=0.123565
volume_quality=0.230812
