epsilon_quality=0.194015
volume_quality=1.21671
