epsilon_quality=0.121255
volume_quality=0.248072
