epsilon_quality=0.140442
volume_quality=0.31743
