epsilon_quality=0.0327853
volume_quality=0.041117
