epsilon_quality=0.189914
volume_quality=0.854861
