epsilon_quality=0.27362
volume_quality=1.86885
