epsilon_quality=0.104253
volume_quality=0.07068
