epsilon_quality=0.0339758
volume_quality=0.00880052
