epsilon_quality=0.0311067
volume_quality=0.047544
