epsilon_quality=0.0795218
volume_quality=0.0877046
