epsilon_quality=0.041439
volume_quality=0.0524565
