epsilon_quality=0.114628
volume_quality=0.275025
