epsilon_quality=0.124815
volume_quality=0.0794795
