epsilon_quality=0.0209895
volume_quality=0.0201869
