epsilon_quality=0.065201
volume_quality=0.135306
