epsilon_quality=0.0239191
volume_quality=0.0177711
