epsilon_quality=0.035297
volume_quality=0.0857554
