epsilon_quality=0.0669623
volume_quality=0.174542
