epsilon_quality=0.0988605
volume_quality=0.39035
