epsilon_quality=0.0544137
volume_quality=0.24706
