epsilon_quality=0.135774
volume_quality=0.408017
