epsilon_quality=0.0902056
volume_quality=0.259067
