epsilon_quality=0.0816661
volume_quality=0.0552986
