epsilon_quality=0.0588266
volume_quality=0.0280111
