epsilon_quality=0.0976442
volume_quality=0.310228
