gpsEpsilon=80.7232
gpsVolume=105.701
mQualEpsilon=0.0509784
mQualVolume=0.00455979
new_planned_energy=72.8155
