gpsEpsilon=82.3979
gpsVolume=84.2142
mQualEpsilon=0.00342644
mQualVolume=0.000662347
new_planned_energy=27.7663
