gpsEpsilon=112.521
gpsVolume=1.18478e-315
mQualEpsilon=-1
mQualVolume=0.01179
new_planned_energy=66.1709
