gpsEpsilon=102.291
gpsVolume=79.3145
mQualEpsilon=0.0416031
mQualVolume=0.0308216
new_planned_energy=60.1409
