gpsEpsilon=80.7298
gpsVolume=105.425
mQualEpsilon=0.0536797
mQualVolume=0.00748216
new_planned_energy=33.4243
