gpsEpsilon=247.65
gpsVolume=110.013
mQualEpsilon=0.0237594
mQualVolume=0.00135014
new_planned_energy=34.2304
