gpsEpsilon=20.2822
gpsVolume=69.3821
mQualEpsilon=0.0303262
mQualVolume=0.00555959
new_planned_energy=54.365
