gpsEpsilon=25.6794
gpsVolume=72.8304
mQualEpsilon=0.0180401
mQualVolume=0.00174736
new_planned_energy=63.0061
