gpsEpsilon=37.5569
gpsVolume=72.8304
mQualEpsilon=0.0110771
mQualVolume=0.0107658
new_planned_energy=67.6649
