gpsEpsilon=34.5857
gpsVolume=70.6732
mQualEpsilon=0.0516743
mQualVolume=0.00641758
new_planned_energy=12.537
