gpsEpsilon=41.5486
gpsVolume=62.7637
mQualEpsilon=0.0151233
mQualVolume=0.0148715
new_planned_energy=75.0777
