gpsEpsilon=43.8272
gpsVolume=63.4357
mQualEpsilon=0.00220385
mQualVolume=0.00607752
new_planned_energy=76.4176
