gpsEpsilon=1.14712e-315
gpsVolume=0
mQualEpsilon=-1
mQualVolume=0.00263171
new_planned_energy=57.2464
