gpsEpsilon=0
gpsVolume=0
mQualEpsilon=0.000873609
mQualVolume=0.000755753
new_planned_energy=97.6578
