gpsEpsilon=1.16502e-315
gpsVolume=0
mQualEpsilon=0.0220789
mQualVolume=0.0037412
new_planned_energy=72.8462
