gpsEpsilon=0
gpsVolume=0
mQualEpsilon=0.00732367
mQualVolume=0.00873087
new_planned_energy=40.9126
