gpsEpsilon=0.947638
gpsVolume=-0.0750425
mQualEpsilon=0.00979459
mQualVolume=0.000854087
new_planned_energy=56.6989
