gpsEpsilon=0.140975
gpsVolume=-0.907694
mQualEpsilon=-1
mQualVolume=4.59375e-05
new_planned_energy=66.8698
