gpsEpsilon=34.2951
gpsVolume=44.416
mQualEpsilon=0.0340526
mQualVolume=0.012241
new_planned_energy=64.5478
