gpsEpsilon=35.1866
gpsVolume=45.1366
mQualEpsilon=0.0489083
mQualVolume=0.00369955
new_planned_energy=58.6454
