epsilon_quality=0.0453748
volume_quality=0.0159015
