epsilon_quality=0.0331957
volume_quality=0.00740747
