epsilon_quality=0.0194714
volume_quality=0.0234888
