epsilon_quality=0.175034
volume_quality=0.286084
