epsilon_quality=0.139246
volume_quality=0.228436
