epsilon_quality=0.158353
volume_quality=0.251019
