epsilon_quality=0.0747728
volume_quality=0.154996
