epsilon_quality=0.170453
volume_quality=0.166091
