epsilon_quality=0.0753589
volume_quality=0.131407
