epsilon_quality=0.0443929
volume_quality=0.0859972
