epsilon_quality=0.0600945
volume_quality=0.125027
