epsilon_quality=0.017644
volume_quality=0.00190371
