epsilon_quality=0.00912216
volume_quality=0.00107816
