epsilon_quality=0.0016487
volume_quality=0.00716751
