epsilon_quality=0.0176648
volume_quality=0.0076335
