epsilon_quality=0.045061
volume_quality=0.0305231
