epsilon_quality=0.0590848
volume_quality=0.018456
