epsilon_quality=0.037046
volume_quality=0.128403
