epsilon_quality=0.00370713
volume_quality=0.0159953
