epsilon_quality=0.110039
volume_quality=0.256351
