epsilon_quality=0.0169024
volume_quality=0.0128342
