epsilon_quality=0.050468
volume_quality=0.139209
