epsilon_quality=0.0385284
volume_quality=0.0395129
