epsilon_quality=0.000891983
volume_quality=0.00223563
