epsilon_quality=0.0326207
volume_quality=0.00823103
