epsilon_quality=0.174006
volume_quality=0.165185
