epsilon_quality=0.0332776
volume_quality=0.00887638
