epsilon_quality=0.00755566
volume_quality=0.0342005
