epsilon_quality=0.037951
volume_quality=0.0403397
