epsilon_quality=0.010479
volume_quality=0.0286521
