epsilon_quality=0.142383
volume_quality=0.113711
