epsilon_quality=0.0714225
volume_quality=0.145095
