epsilon_quality=0.0351961
volume_quality=0.0245135
