epsilon_quality=0.173381
volume_quality=0.57524
