epsilon_quality=0.143764
volume_quality=0.462083
