epsilon_quality=0.0193126
volume_quality=0.0484644
