epsilon_quality=0.0596523
volume_quality=0.0378165
