epsilon_quality=0.0594591
volume_quality=0.0387383
