epsilon_quality=0.186141
volume_quality=1.15772
