epsilon_quality=0.0352706
volume_quality=0.0157698
