epsilon_quality=0.0318163
volume_quality=0.00670398
