epsilon_quality=0.0332021
volume_quality=0.021458
