epsilon_quality=0.0150797
volume_quality=0.00109017
