epsilon_quality=0.0239262
volume_quality=0.00227798
