epsilon_quality=0.0380709
volume_quality=0.00436101
