epsilon_quality=0.0141423
volume_quality=0.0018044
