epsilon_quality=0.143188
volume_quality=0.155769
