epsilon_quality=0.076126
volume_quality=0.332334
