epsilon_quality=0.0950203
volume_quality=0.0395951
