epsilon_quality=0.0153905
volume_quality=0.0329733
