epsilon_quality=0.0114784
volume_quality=0.0195251
