epsilon_quality=0.0952389
volume_quality=0.201539
