epsilon_quality=0.0390602
volume_quality=0.135338
