epsilon_quality=0.219144
volume_quality=1.25324
