epsilon_quality=0.0944693
volume_quality=0.104241
