epsilon_quality=0.105699
volume_quality=0.0663164
