epsilon_quality=0.0831562
volume_quality=0.0572067
