epsilon_quality=0.0377236
volume_quality=0.101193
