epsilon_quality=0.0357553
volume_quality=0.038134
