epsilon_quality=0.0928411
volume_quality=0.087856
