epsilon_quality=0.101171
volume_quality=0.244634
