epsilon_quality=0.00390911
volume_quality=0.0344867
