epsilon_quality=0.0642288
volume_quality=0.031936
