epsilon_quality=3.46945e-17
volume_quality=0.00306652
