epsilon_quality=0.143383
volume_quality=0.112492
