epsilon_quality=0.143338
volume_quality=0.199935
