epsilon_quality=0.0201343
volume_quality=0.0357722
