epsilon_quality=0.258114
volume_quality=1.15091
