epsilon_quality=0.000448117
volume_quality=0.275668
