epsilon_quality=0.133902
volume_quality=0.646266
