epsilon_quality=0.0903082
volume_quality=0.755377
