epsilon_quality=0.0386153
volume_quality=0.00494471
