epsilon_quality=0.106545
volume_quality=0.179852
