epsilon_quality=0.0767401
volume_quality=0.039311
