epsilon_quality=0.165857
volume_quality=0.276128
