epsilon_quality=0.0689983
volume_quality=0.0130532
