epsilon_quality=0.0945927
volume_quality=0.164148
