epsilon_quality=0.159283
volume_quality=0.308267
