epsilon_quality=0.00864767
volume_quality=0.225672
