epsilon_quality=0.129989
volume_quality=0.279477
