epsilon_quality=0.118525
volume_quality=0.17524
