epsilon_quality=0.191892
volume_quality=0.30856
