epsilon_quality=0.0554316
volume_quality=0.529483
