epsilon_quality=0.0701159
volume_quality=0.0752411
