epsilon_quality=0.0663944
volume_quality=0.0257611
