epsilon_quality=0.034136
volume_quality=0.028976
