epsilon_quality=0.0232197
volume_quality=0.00144829
