epsilon_quality=0.0286646
volume_quality=0.00110985
