epsilon_quality=0.0936734
volume_quality=0.293963
