epsilon_quality=0.0971939
volume_quality=0.357577
