epsilon_quality=0.258739
volume_quality=0.536126
