epsilon_quality=0.12706
volume_quality=0.428341
