epsilon_quality=0.0658842
volume_quality=0.206354
