epsilon_quality=0.0178088
volume_quality=0.00778596
