epsilon_quality=0.0361813
volume_quality=0.0278908
