epsilon_quality=0.0658072
volume_quality=0.0126361
