epsilon_quality=0.031194
volume_quality=0.00265346
