epsilon_quality=0.021428
volume_quality=0.0110496
