epsilon_quality=0.0521408
volume_quality=0.0531853
