epsilon_quality=0.0173758
volume_quality=0.0012115
