epsilon_quality=0.0715292
volume_quality=0.0574232
