epsilon_quality=0.0962924
volume_quality=0.0419526
