epsilon_quality=0.131897
volume_quality=0.0946174
