epsilon_quality=0.102274
volume_quality=0.102142
