epsilon_quality=0.0565016
volume_quality=0.0708522
