epsilon_quality=0.0898787
volume_quality=0.139978
