epsilon_quality=0.152532
volume_quality=0.131762
