epsilon_quality=0.118106
volume_quality=0.0592397
