epsilon_quality=0.148224
volume_quality=0.080112
