epsilon_quality=0.0997798
volume_quality=0.337122
