epsilon_quality=0.122734
volume_quality=0.0918869
