epsilon_quality=0.0948265
volume_quality=0.226046
