epsilon_quality=0.0656581
volume_quality=0.0704987
