epsilon_quality=0.132742
volume_quality=0.147418
