epsilon_quality=0.20163
volume_quality=0.393085
