epsilon_quality=0.0306581
volume_quality=0.0293887
