epsilon_quality=0.0753485
volume_quality=0.0692835
