epsilon_quality=0.0487703
volume_quality=0.0395958
