epsilon_quality=0.13061
volume_quality=0.108994
