epsilon_quality=0.0345698
volume_quality=0.00301269
