epsilon_quality=0.290141
volume_quality=1.02054
