epsilon_quality=0.0649908
volume_quality=0.0640839
