epsilon_quality=0.264216
volume_quality=0.540374
