gpsEpsilon=1.5865e-315
gpsVolume=0
mQualEpsilon=0.106857
mQualVolume=0.04199
new_planned_energy=22.2409
