gpsEpsilon=21.3992
gpsVolume=109.087
mQualEpsilon=0.671263
mQualVolume=39.3936
new_planned_energy=-0.671263
