gpsEpsilon=21.3992
gpsVolume=109.087
mQualEpsilon=0.561075
mQualVolume=38.5401
new_planned_energy=-0.561075
