gpsEpsilon=21.3992
gpsVolume=109.087
mQualEpsilon=0.544407
mQualVolume=39.7159
new_planned_energy=-0.544407
