gpsEpsilon=21.3992
gpsVolume=109.087
mQualEpsilon=0.335807
mQualVolume=34.973
new_planned_energy=-0.335807
