gpsEpsilon=21.3992
gpsVolume=109.087
mQualEpsilon=0.769942
mQualVolume=40.4105
new_planned_energy=-0.769942
