gpsEpsilon=21.3992
gpsVolume=109.087
mQualEpsilon=0.646272
mQualVolume=39.6344
new_planned_energy=-0.646272
