gpsEpsilon=21.3992
gpsVolume=108.948
mQualEpsilon=0.0162988
mQualVolume=27.1546
new_planned_energy=-0.0162988
