gpsEpsilon=1.92986e-315
gpsVolume=-0.0753905
mQualEpsilon=-1
mQualVolume=0.00167638
new_planned_energy=31.4736
