gpsEpsilon=109.108
gpsVolume=73.7299
mQualEpsilon=0.00990394
mQualVolume=0.031779
new_planned_energy=32.6298
