gpsEpsilon=10.73
gpsVolume=11.49
mQualEpsilon=0.00209191
mQualVolume=0.018746
new_planned_energy=23.2115
