gpsEpsilon=157.3
gpsVolume=71.4154
mQualEpsilon=0.117374
mQualVolume=34.2353
new_planned_energy=-0.117374
