gpsEpsilon=157.3
gpsVolume=71.4154
mQualEpsilon=0.168811
mQualVolume=35.0505
new_planned_energy=-0.168811
