gpsEpsilon=157.3
gpsVolume=71.4154
mQualEpsilon=0.242222
mQualVolume=35.931
new_planned_energy=-0.242222
