gpsEpsilon=157.3
gpsVolume=71.4154
mQualEpsilon=0.189106
mQualVolume=36.4703
new_planned_energy=-0.189106
