gpsEpsilon=122.744
gpsVolume=80.4619
mQualEpsilon=0.525699
mQualVolume=41.3919
new_planned_energy=-0.525699
