gpsEpsilon=122.744
gpsVolume=80.4619
mQualEpsilon=0.314251
mQualVolume=37.6057
new_planned_energy=-0.314251
