gpsEpsilon=122.744
gpsVolume=80.4619
mQualEpsilon=0.336928
mQualVolume=37.9269
new_planned_energy=-0.336928
