gpsEpsilon=122.744
gpsVolume=80.4619
mQualEpsilon=0.345316
mQualVolume=38.0683
new_planned_energy=-0.345316
