gpsEpsilon=122.744
gpsVolume=80.4619
mQualEpsilon=0.314731
mQualVolume=37.6555
new_planned_energy=-0.314731
