gpsEpsilon=122.744
gpsVolume=80.4619
mQualEpsilon=0.370005
mQualVolume=38.9168
new_planned_energy=-0.370005
