gpsEpsilon=198.758
gpsVolume=112.662
mQualEpsilon=0.0125801
mQualVolume=0.0222609
new_planned_energy=18.5402
