gpsEpsilon=154.052
gpsVolume=97.2083
mQualEpsilon=0.148438
mQualVolume=34.506
new_planned_energy=-0.148438
