gpsEpsilon=154.052
gpsVolume=97.2083
mQualEpsilon=0.0253402
mQualVolume=0.0438316
new_planned_energy=15.535
