gpsEpsilon=154.052
gpsVolume=97.2083
mQualEpsilon=0.0964225
mQualVolume=33.0737
new_planned_energy=-0.0964225
