gpsEpsilon=1.5899e-315
gpsVolume=0
mQualEpsilon=0.064821
mQualVolume=0.0337885
new_planned_energy=16.2371
