gpsEpsilon=1.17881e-315
gpsVolume=0
mQualEpsilon=0.081772
mQualVolume=34.3711
new_planned_energy=-0.081772
