gpsEpsilon=1.17881e-315
gpsVolume=0
mQualEpsilon=0.0556191
mQualVolume=0.0088695
new_planned_energy=12.2626
