gpsEpsilon=1.17881e-315
gpsVolume=0
mQualEpsilon=0.07066
mQualVolume=33.9398
new_planned_energy=-0.07066
