epsilon_quality=0.285991
volume_quality=0.754354
