epsilon_quality=0.0642772
volume_quality=0.0477819
