epsilon_quality=0.0430728
volume_quality=0.0681176
