epsilon_quality=0.109568
volume_quality=0.175023
