epsilon_quality=0.0894465
volume_quality=0.35693
