epsilon_quality=0.155014
volume_quality=0.915049
