epsilon_quality=0.319797
volume_quality=0.982056
