epsilon_quality=0.288711
volume_quality=1.47834
