epsilon_quality=0.212605
volume_quality=0.248491
