epsilon_quality=0.331441
volume_quality=3.90072
