epsilon_quality=0.00158231
volume_quality=0.0596173
