epsilon_quality=0.178565
volume_quality=0.23836
