epsilon_quality=0.178138
volume_quality=0.61186
