epsilon_quality=0.0433885
volume_quality=0.00542961
