epsilon_quality=0.0116113
volume_quality=0.00229681
