epsilon_quality=0.0682319
volume_quality=0.058035
