epsilon_quality=0.0603089
volume_quality=0.0210163
