epsilon_quality=0.0552819
volume_quality=0.0189308
