epsilon_quality=0.101433
volume_quality=0.356173
