epsilon_quality=0.207769
volume_quality=0.765091
