epsilon_quality=0.210743
volume_quality=0.884438
