epsilon_quality=0.112155
volume_quality=0.185871
