epsilon_quality=0.0469278
volume_quality=0.0363634
