epsilon_quality=0.0147158
volume_quality=0.0312369
