epsilon_quality=0.0668471
volume_quality=0.0263849
