epsilon_quality=0.0249669
volume_quality=0.0310302
