epsilon_quality=0.129759
volume_quality=0.219005
