epsilon_quality=0.158993
volume_quality=0.123962
