epsilon_quality=0.215679
volume_quality=0.508045
