epsilon_quality=0.198441
volume_quality=0.259204
