epsilon_quality=0.273885
volume_quality=0.799863
