epsilon_quality=0.219816
volume_quality=0.323876
