epsilon_quality=0.290854
volume_quality=0.650812
