epsilon_quality=0.152033
volume_quality=0.679825
