epsilon_quality=0.205048
volume_quality=0.366473
