epsilon_quality=0.159652
volume_quality=0.610634
