epsilon_quality=0.184003
volume_quality=0.480567
