epsilon_quality=0.0938328
volume_quality=0.119683
