epsilon_quality=0.152579
volume_quality=0.515583
