epsilon_quality=0.11078
volume_quality=0.11348
