epsilon_quality=0.0530438
volume_quality=0.0228777
