epsilon_quality=0.177523
volume_quality=0.321868
