epsilon_quality=0.00482767
volume_quality=0.0057289
