epsilon_quality=0.0246798
volume_quality=0.0139565
