epsilon_quality=0.146672
volume_quality=0.277796
