epsilon_quality=0.184082
volume_quality=0.765845
