epsilon_quality=0.0213448
volume_quality=0.226773
