epsilon_quality=0.153008
volume_quality=0.244389
