epsilon_quality=0.204372
volume_quality=0.461213
