epsilon_quality=0.065179
volume_quality=0.125362
