epsilon_quality=0.0778707
volume_quality=0.245775
