epsilon_quality=0.054626
volume_quality=0.0320569
