epsilon_quality=0.192979
volume_quality=0.480452
