epsilon_quality=0.0170506
volume_quality=0.118561
