epsilon_quality=0.15876
volume_quality=0.480532
