epsilon_quality=0.209732
volume_quality=0.56279
