epsilon_quality=0.252243
volume_quality=1.33003
