epsilon_quality=0.0543824
volume_quality=0.0232209
