epsilon_quality=0.0529033
volume_quality=0.239886
