epsilon_quality=0.0684198
volume_quality=0.0286549
