epsilon_quality=0.0208559
volume_quality=0.0531735
