epsilon_quality=0.0209746
volume_quality=0.0594528
