epsilon_quality=0.0638784
volume_quality=0.0813873
