epsilon_quality=0.0751228
volume_quality=0.0798439
