epsilon_quality=0.151653
volume_quality=0.0947915
