epsilon_quality=0.093649
volume_quality=0.0461083
