epsilon_quality=0.0317169
volume_quality=0.0437259
