epsilon_quality=0.0587613
volume_quality=0.0700583
