epsilon_quality=0.0957244
volume_quality=0.33462
