epsilon_quality=0.0699457
volume_quality=0.281948
