epsilon_quality=0.181079
volume_quality=0.370374
