epsilon_quality=0.0338079
volume_quality=0.103338
