epsilon_quality=0.151954
volume_quality=0.15946
