epsilon_quality=0.0273604
volume_quality=0.0080653
