epsilon_quality=0.143736
volume_quality=0.786697
