epsilon_quality=0.209896
volume_quality=0.677905
