epsilon_quality=0.236193
volume_quality=0.584313
