epsilon_quality=0.315455
volume_quality=1.43083
