epsilon_quality=0.0539268
volume_quality=0.154521
