epsilon_quality=0.0828151
volume_quality=0.0576324
