epsilon_quality=0.211017
volume_quality=0.465823
