epsilon_quality=0.210859
volume_quality=0.675949
