epsilon_quality=0.0456934
volume_quality=0.165631
