epsilon_quality=0.0600435
volume_quality=0.065087
