epsilon_quality=0.250907
volume_quality=0.401587
