epsilon_quality=0.0604914
volume_quality=0.134016
