epsilon_quality=0.0386154
volume_quality=0.00324207
