epsilon_quality=0.0800925
volume_quality=0.0404655
