epsilon_quality=0.0342908
volume_quality=0.0281188
