epsilon_quality=0.00172947
volume_quality=0.00485251
