epsilon_quality=0.109086
volume_quality=0.0564933
