epsilon_quality=0.115415
volume_quality=0.0542535
