epsilon_quality=0.0407377
volume_quality=0.0504379
