epsilon_quality=0.0246633
volume_quality=0.0089159
