epsilon_quality=0.198677
volume_quality=1.28871
