epsilon_quality=0.076533
volume_quality=0.222014
