epsilon_quality=0.0860241
volume_quality=0.139306
