epsilon_quality=0.0731137
volume_quality=0.19681
