epsilon_quality=0.0643041
volume_quality=0.065663
