epsilon_quality=0.0661865
volume_quality=0.291539
