epsilon_quality=0.184162
volume_quality=0.475911
