epsilon_quality=0.17759
volume_quality=0.326245
