epsilon_quality=0.10211
volume_quality=0.182859
