epsilon_quality=0.149397
volume_quality=0.504372
