epsilon_quality=0.00928039
volume_quality=0.0357883
