epsilon_quality=0.016111
volume_quality=0.0792408
