epsilon_quality=0.072162
volume_quality=0.064486
