epsilon_quality=0.125413
volume_quality=0.111995
