epsilon_quality=0.05547
volume_quality=0.0894952
