epsilon_quality=0.0620802
volume_quality=0.0544574
