epsilon_quality=0.0398146
volume_quality=0.00355559
