epsilon_quality=0.100194
volume_quality=0.0384375
