epsilon_quality=0.118422
volume_quality=0.420309
