epsilon_quality=0.0187773
volume_quality=0.00562301
