epsilon_quality=0.0385946
volume_quality=0.00927279
