epsilon_quality=0.0240079
volume_quality=0.00696148
