epsilon_quality=0.124249
volume_quality=0.154756
