epsilon_quality=0.336056
volume_quality=2.74563
