epsilon_quality=0.448778
volume_quality=3.95037
