epsilon_quality=0.469148
volume_quality=2.81361
