epsilon_quality=0.11688
volume_quality=0.279728
