epsilon_quality=0.181638
volume_quality=0.34386
