epsilon_quality=0.138645
volume_quality=0.153204
