epsilon_quality=0.216033
volume_quality=0.973496
