epsilon_quality=0.00872845
volume_quality=0.0225545
