epsilon_quality=0.311172
volume_quality=1.53779
