epsilon_quality=0.0227739
volume_quality=0.306295
