epsilon_quality=0.0796456
volume_quality=0.281129
