gpsEpsilon=119.385
gpsVolume=134.314
mQualEpsilon=1.81243
mQualVolume=46.5881
new_planned_energy=-1.81243
