gpsEpsilon=119.385
gpsVolume=134.314
mQualEpsilon=1.83223
mQualVolume=47.1395
new_planned_energy=-1.83223
