gpsEpsilon=119.385
gpsVolume=134.314
mQualEpsilon=1.82872
mQualVolume=46.9234
new_planned_energy=-1.82872
