gpsEpsilon=119.385
gpsVolume=134.314
mQualEpsilon=1.88121
mQualVolume=47.735
new_planned_energy=-1.88121
