gpsEpsilon=134.287
gpsVolume=135.768
mQualEpsilon=1.81029
mQualVolume=48.4784
new_planned_energy=-1.81029
