gpsEpsilon=134.287
gpsVolume=135.768
mQualEpsilon=0.0672759
mQualVolume=0.0111988
new_planned_energy=16.8562
