gpsEpsilon=137.675
gpsVolume=129.156
mQualEpsilon=1.81581
mQualVolume=46.2513
new_planned_energy=-1.81581
