gpsEpsilon=137.675
gpsVolume=129.156
mQualEpsilon=1.84804
mQualVolume=47.827
new_planned_energy=-1.84804
