gpsEpsilon=137.675
gpsVolume=129.156
mQualEpsilon=1.71696
mQualVolume=45.8551
new_planned_energy=-1.71696
