gpsEpsilon=137.675
gpsVolume=129.156
mQualEpsilon=1.84284
mQualVolume=47.7759
new_planned_energy=-1.84284
