gpsEpsilon=137.675
gpsVolume=129.156
mQualEpsilon=1.82002
mQualVolume=47.2331
new_planned_energy=-1.82002
