gpsEpsilon=137.675
gpsVolume=129.156
mQualEpsilon=1.74413
mQualVolume=46.0768
new_planned_energy=-1.74413
