gpsEpsilon=125.558
gpsVolume=115.972
mQualEpsilon=1.83326
mQualVolume=55.7174
new_planned_energy=-1.83326
