gpsEpsilon=125.558
gpsVolume=115.972
mQualEpsilon=1.89053
mQualVolume=57.4188
new_planned_energy=-1.89053
