gpsEpsilon=76.1757
gpsVolume=172.607
mQualEpsilon=1.85724
mQualVolume=58.5448
new_planned_energy=-1.85724
