gpsEpsilon=76.1757
gpsVolume=172.607
mQualEpsilon=1.90081
mQualVolume=57.4411
new_planned_energy=-1.90081
