gpsEpsilon=76.1757
gpsVolume=172.607
mQualEpsilon=1.93545
mQualVolume=58.4111
new_planned_energy=-1.93545
