gpsEpsilon=1.27378e-315
gpsVolume=1.27378e-315
mQualEpsilon=-1
mQualVolume=0.000330681
new_planned_energy=126.338
