gpsEpsilon=1.69608e-315
gpsVolume=9.88131e-324
mQualEpsilon=1.84078
mQualVolume=55.6139
new_planned_energy=-1.84078
