gpsEpsilon=1.69608e-315
gpsVolume=9.88131e-324
mQualEpsilon=1.93831
mQualVolume=59.2553
new_planned_energy=-1.93831
