gpsEpsilon=1.69608e-315
gpsVolume=9.88131e-324
mQualEpsilon=1.92478
mQualVolume=59.2158
new_planned_energy=-1.92478
