gpsEpsilon=1.69608e-315
gpsVolume=9.88131e-324
mQualEpsilon=1.7795
mQualVolume=55.9125
new_planned_energy=-1.7795
