gpsEpsilon=1.69608e-315
gpsVolume=9.88131e-324
mQualEpsilon=1.69789
mQualVolume=58.387
new_planned_energy=17.3114
