gpsEpsilon=1.86567e-315
gpsVolume=1.79538e-315
mQualEpsilon=0.00558406
mQualVolume=0.0175301
new_planned_energy=25.1116
