gpsEpsilon=130.256
gpsVolume=137.013
mQualEpsilon=0.0245767
mQualVolume=0.00567504
new_planned_energy=0
