gpsEpsilon=122.584
gpsVolume=116.987
mQualEpsilon=1.85719
mQualVolume=47.9656
new_planned_energy=-1.85719
