gpsEpsilon=122.584
gpsVolume=116.987
mQualEpsilon=1.81679
mQualVolume=45.7583
new_planned_energy=-1.81679
