gpsEpsilon=117.914
gpsVolume=121.957
mQualEpsilon=0.0470603
mQualVolume=0.0137628
new_planned_energy=26.8481
