epsilon_quality=0.0202015
volume_quality=0.00316159
