epsilon_quality=0.18052
volume_quality=0.188831
