epsilon_quality=0.0944475
volume_quality=0.0884324
