epsilon_quality=0.0218316
volume_quality=0.0239541
