epsilon_quality=0.0919823
volume_quality=0.284063
