epsilon_quality=0.108164
volume_quality=0.0725527
