epsilon_quality=0.0698374
volume_quality=0.0370657
