epsilon_quality=0.0695072
volume_quality=0.170746
