epsilon_quality=0.205962
volume_quality=0.458787
