gpsEpsilon=7.53951e-316
gpsVolume=0
mQualEpsilon=-1
mQualVolume=0.0010566
new_planned_energy=30.4954
