gpsEpsilon=236.929
gpsVolume=120.244
mQualEpsilon=0.0130931
mQualVolume=0.00249498
new_planned_energy=79.5991
