gpsEpsilon=159.748
gpsVolume=126.138
mQualEpsilon=0.000279326
mQualVolume=0.00529429
new_planned_energy=50.2687
