gpsEpsilon=22.6939
gpsVolume=137.928
mQualEpsilon=0.0566005
mQualVolume=0.00292696
new_planned_energy=79.1844
