gpsEpsilon=30.2405
gpsVolume=238.103
mQualEpsilon=0.0194224
mQualVolume=8.74039e-05
new_planned_energy=151.111
