gpsEpsilon=27.3665
gpsVolume=240.953
mQualEpsilon=1.51507
mQualVolume=41.7823
new_planned_energy=-1.51507
