gpsEpsilon=1.13838e-315
gpsVolume=1.11528e-315
mQualEpsilon=0.0766269
mQualVolume=0.00693898
new_planned_energy=25.9996
