gpsEpsilon=1.01655e-315
gpsVolume=0
mQualEpsilon=-1
mQualVolume=0.00417341
new_planned_energy=38.2408
