epsilon_quality=0.097225
volume_quality=0.0745979
