epsilon_quality=0.198425
volume_quality=0.596527
