epsilon_quality=0.0733979
volume_quality=0.144286
