epsilon_quality=0.0232185
volume_quality=0.00581575
