epsilon_quality=0.0205731
volume_quality=0.00656059
