epsilon_quality=0.0256101
volume_quality=0.00246874
