epsilon_quality=0.0352652
volume_quality=0.233855
