epsilon_quality=0.006074
volume_quality=0.00588881
