epsilon_quality=0.0738971
volume_quality=0.0136936
