epsilon_quality=0.0464767
volume_quality=0.0348226
