epsilon_quality=0.0340807
volume_quality=0.0121201
