epsilon_quality=0.22784
volume_quality=0.478119
