epsilon_quality=0.169035
volume_quality=0.188493
