epsilon_quality=0.0390475
volume_quality=0.174477
