epsilon_quality=0.0991636
volume_quality=0.402144
