epsilon_quality=0.105575
volume_quality=0.315954
