epsilon_quality=0.207957
volume_quality=1.40416
