epsilon_quality=0.0263059
volume_quality=0.00699338
