epsilon_quality=0.0121906
volume_quality=0.00528767
