epsilon_quality=0.266429
volume_quality=0.508476
