epsilon_quality=0.0986558
volume_quality=0.146752
