epsilon_quality=0.0271732
volume_quality=0.0198881
