epsilon_quality=0.115883
volume_quality=0.27574
