epsilon_quality=0.125081
volume_quality=0.419536
