epsilon_quality=0.0262671
volume_quality=0.00115912
