epsilon_quality=0.122596
volume_quality=0.0890758
