epsilon_quality=0.187908
volume_quality=1.10222
