epsilon_quality=0.120401
volume_quality=0.17705
