epsilon_quality=0.0126119
volume_quality=0.208295
