epsilon_quality=0.0858779
volume_quality=0.0769728
