epsilon_quality=0.0350911
volume_quality=0.0265978
