epsilon_quality=0.030098
volume_quality=0.0671141
