epsilon_quality=0.182434
volume_quality=0.415956
