epsilon_quality=0.0293586
volume_quality=0.13083
