epsilon_quality=0.0441461
volume_quality=0.121333
