epsilon_quality=0.140044
volume_quality=0.136687
