epsilon_quality=0.00590394
volume_quality=0.0346726
