epsilon_quality=0.109344
volume_quality=0.0906089
