epsilon_quality=0.0234695
volume_quality=0.0297103
