epsilon_quality=0.0357483
volume_quality=0.0735746
