epsilon_quality=0.0172394
volume_quality=0.100281
