epsilon_quality=0.0461013
volume_quality=0.0418523
