epsilon_quality=0.0378829
volume_quality=0.00272927
