epsilon_quality=0.0476392
volume_quality=0.00927909
