epsilon_quality=0.0299251
volume_quality=0.00567024
