epsilon_quality=0.0257485
volume_quality=0.0407555
