epsilon_quality=0.0486885
volume_quality=0.119707
