epsilon_quality=0.185795
volume_quality=0.455886
