epsilon_quality=0.139511
volume_quality=0.386232
