epsilon_quality=0.0265621
volume_quality=0.0133502
