epsilon_quality=0.0955272
volume_quality=0.210935
