epsilon_quality=0.0371963
volume_quality=0.0839945
