epsilon_quality=0.0170224
volume_quality=0.0198838
