epsilon_quality=0.0965963
volume_quality=0.257925
