epsilon_quality=0.0910633
volume_quality=0.100295
