epsilon_quality=0.0462511
volume_quality=0.0290522
