epsilon_quality=0.0735225
volume_quality=0.11988
