epsilon_quality=0.0208849
volume_quality=0.0491216
