gpsEpsilon=190.875
gpsVolume=109.415
mQualEpsilon=0.0845905
mQualVolume=0.0417541
new_planned_energy=29.5254
