gpsEpsilon=218.627
gpsVolume=107.815
mQualEpsilon=1.54898
mQualVolume=45.9057
new_planned_energy=-1.54898
