gpsEpsilon=218.627
gpsVolume=107.815
mQualEpsilon=0.109556
mQualVolume=0.0330775
new_planned_energy=39.3321
