gpsEpsilon=191.96
gpsVolume=45.5138
mQualEpsilon=0.0149249
mQualVolume=0.0123834
new_planned_energy=15.2343
