gpsEpsilon=191.96
gpsVolume=45.5138
mQualEpsilon=1.53586
mQualVolume=44.4897
new_planned_energy=-1.53586
