gpsEpsilon=187.165
gpsVolume=37.6055
mQualEpsilon=0.0495901
mQualVolume=0.0185263
new_planned_energy=45.6662
