gpsEpsilon=187.375
gpsVolume=109.865
mQualEpsilon=0.00273808
mQualVolume=0.0122455
new_planned_energy=63.6798
