gpsEpsilon=186.026
gpsVolume=109.415
mQualEpsilon=0.0982018
mQualVolume=0.0216029
new_planned_energy=22.387
