gpsEpsilon=174.013
gpsVolume=16.4992
mQualEpsilon=0.0988753
mQualVolume=0.0203066
new_planned_energy=32.0946
