gpsEpsilon=187.324
gpsVolume=19.7648
mQualEpsilon=0.00649106
mQualVolume=0.0144806
new_planned_energy=39.9485
