gpsEpsilon=176.874
gpsVolume=13.3515
mQualEpsilon=0.0713143
mQualVolume=0.0255594
new_planned_energy=32.3476
