gpsEpsilon=183.005
gpsVolume=109.865
mQualEpsilon=1.77279
mQualVolume=58.0768
new_planned_energy=-1.77279
