gpsEpsilon=181.759
gpsVolume=102.088
mQualEpsilon=1.67188
mQualVolume=53.955
new_planned_energy=-1.67188
