gpsEpsilon=181.759
gpsVolume=102.088
mQualEpsilon=1.65395
mQualVolume=53.0677
new_planned_energy=-1.65395
