gpsEpsilon=195.61
gpsVolume=107.675
mQualEpsilon=0.0438988
mQualVolume=0.0162624
new_planned_energy=55.2336
