epsilon_quality=0.0487587
volume_quality=0.577008
