epsilon_quality=0.0641352
volume_quality=0.268375
