epsilon_quality=0.140387
volume_quality=0.298751
