epsilon_quality=0.106734
volume_quality=0.0533014
