epsilon_quality=0.069798
volume_quality=0.0351346
