epsilon_quality=0.124321
volume_quality=0.343064
