epsilon_quality=0.0320213
volume_quality=0.0352025
