epsilon_quality=0.0476148
volume_quality=0.0209652
