epsilon_quality=0.0105407
volume_quality=0.021342
