epsilon_quality=0.00359622
volume_quality=0.00310376
