epsilon_quality=0.00339305
volume_quality=0.000587614
