epsilon_quality=0.110918
volume_quality=0.0926044
