epsilon_quality=0.055154
volume_quality=0.0761678
