epsilon_quality=0.0464321
volume_quality=0.0313865
