epsilon_quality=0.0217871
volume_quality=0.108494
