epsilon_quality=0.0548986
volume_quality=0.0265746
