epsilon_quality=0.100306
volume_quality=0.0508496
