epsilon_quality=0.141894
volume_quality=0.367433
