epsilon_quality=0.0740719
volume_quality=0.0236133
