epsilon_quality=0.108045
volume_quality=0.0419214
