epsilon_quality=0.0924374
volume_quality=0.22279
