epsilon_quality=0.0762126
volume_quality=0.0372599
