epsilon_quality=0.177114
volume_quality=0.195794
