epsilon_quality=0.0493579
volume_quality=0.049987
