epsilon_quality=0.040377
volume_quality=0.00765881
