epsilon_quality=0.169268
volume_quality=0.236751
