epsilon_quality=0.0525933
volume_quality=0.00820839
