epsilon_quality=0.0520981
volume_quality=0.479448
