epsilon_quality=0.149341
volume_quality=0.30046
