epsilon_quality=0.161153
volume_quality=1.05621
