epsilon_quality=0.159952
volume_quality=0.662031
