epsilon_quality=0.0937112
volume_quality=0.269732
