epsilon_quality=0.0173134
volume_quality=0.00317295
