epsilon_quality=0.171917
volume_quality=0.653916
