epsilon_quality=0.207851
volume_quality=0.26963
