epsilon_quality=0.0356401
volume_quality=0.0886313
