epsilon_quality=0.015407
volume_quality=0.0136444
