epsilon_quality=0.0614608
volume_quality=0.0824383
