epsilon_quality=0.0858341
volume_quality=0.109133
