epsilon_quality=0.0306222
volume_quality=0.00389051
