epsilon_quality=0.261227
volume_quality=0.842899
