epsilon_quality=0.0554892
volume_quality=0.259141
