epsilon_quality=0.0696391
volume_quality=0.130158
