epsilon_quality=0.236635
volume_quality=0.901765
