gpsEpsilon=221.966
gpsVolume=120.165
mQualEpsilon=0.0191255
mQualVolume=0.00109958
new_planned_energy=72.8059
