gpsEpsilon=137.646
gpsVolume=91.4603
mQualEpsilon=0.0142746
mQualVolume=0.00844801
new_planned_energy=39.83
