gpsEpsilon=139.944
gpsVolume=94.7771
mQualEpsilon=0.0290932
mQualVolume=0.00189716
new_planned_energy=50.2148
