gpsEpsilon=138.299
gpsVolume=94.7771
mQualEpsilon=0.019261
mQualVolume=0.00116091
new_planned_energy=53.9239
