gpsEpsilon=141.844
gpsVolume=94.1133
mQualEpsilon=0.0142747
mQualVolume=0.008448
new_planned_energy=39.1921
