gpsEpsilon=219.729
gpsVolume=119.701
mQualEpsilon=0.0732325
mQualVolume=0.0139666
new_planned_energy=15.8599
