gpsEpsilon=217.647
gpsVolume=118.354
mQualEpsilon=0.0235613
mQualVolume=0.00326052
new_planned_energy=36.2494
