gpsEpsilon=218.676
gpsVolume=121.343
mQualEpsilon=0.0123747
mQualVolume=0.00201131
new_planned_energy=62.0004
