gpsEpsilon=220.732
gpsVolume=121.837
mQualEpsilon=0.000508701
mQualVolume=0.00182462
new_planned_energy=45.6018
