gpsEpsilon=221.143
gpsVolume=121.343
mQualEpsilon=0.0476271
mQualVolume=0.00553016
new_planned_energy=97.8039
