epsilon_quality=0.0721281
volume_quality=0.0614822
