epsilon_quality=0.00167253
volume_quality=0.0387944
