epsilon_quality=0.0754203
volume_quality=0.187421
