epsilon_quality=0.211465
volume_quality=2.08536
