epsilon_quality=0.528469
volume_quality=6.93329
