epsilon_quality=0.0747843
volume_quality=0.0944454
