epsilon_quality=0.0996558
volume_quality=0.18168
