epsilon_quality=0.0688459
volume_quality=0.0280015
