epsilon_quality=0.24843
volume_quality=1.22683
