epsilon_quality=0.127601
volume_quality=0.233833
