epsilon_quality=0.0837078
volume_quality=0.187633
