epsilon_quality=0.183631
volume_quality=0.452542
