epsilon_quality=0.101341
volume_quality=0.109028
