epsilon_quality=0.0236601
volume_quality=0.082784
