epsilon_quality=0.031994
volume_quality=0.00272905
