epsilon_quality=0.0337529
volume_quality=0.00114086
