epsilon_quality=0.0694797
volume_quality=0.0808152
