epsilon_quality=0.0385515
volume_quality=0.0114459
