epsilon_quality=0.140501
volume_quality=0.152876
