epsilon_quality=0.0352746
volume_quality=0.00356264
