epsilon_quality=0.038681
volume_quality=0.0628643
