epsilon_quality=0.00896728
volume_quality=0.00260873
