epsilon_quality=0.00897353
volume_quality=0.397047
