epsilon_quality=0.0617822
volume_quality=0.0644899
