epsilon_quality=0.145652
volume_quality=0.120652
