epsilon_quality=0.0599468
volume_quality=0.0296044
