epsilon_quality=0.0953268
volume_quality=0.205687
