epsilon_quality=0.0831488
volume_quality=0.12506
