epsilon_quality=0.19305
volume_quality=0.659256
