gpsEpsilon=27.035
gpsVolume=44.9997
mQualEpsilon=0.0115918
mQualVolume=0.00616106
new_planned_energy=91.1146
