gpsEpsilon=39.1213
gpsVolume=20.683
mQualEpsilon=0.0130804
mQualVolume=0.00181415
new_planned_energy=48.0525
