gpsEpsilon=169.524
gpsVolume=43.435
mQualEpsilon=0.0439565
mQualVolume=0.00521589
new_planned_energy=40.0013
