gpsEpsilon=140.35
gpsVolume=31.5679
mQualEpsilon=0.0186879
mQualVolume=0.00587737
new_planned_energy=63.3139
