gpsEpsilon=24.397
gpsVolume=48.0355
mQualEpsilon=0.016617
mQualVolume=0.00934902
new_planned_energy=61.9589
