gpsEpsilon=27.1038
gpsVolume=51.3591
mQualEpsilon=0.0218614
mQualVolume=0.00138434
new_planned_energy=62.1165
