epsilon_quality=0.111492
volume_quality=0.967918
