epsilon_quality=0.0501266
volume_quality=0.718831
