epsilon_quality=0.0451536
volume_quality=0.516058
