epsilon_quality=0.0487518
volume_quality=0.366664
