epsilon_quality=0.0789586
volume_quality=1.02383
