epsilon_quality=0.0717799
volume_quality=0.332901
