epsilon_quality=0.596633
volume_quality=6.49662
