epsilon_quality=0.452305
volume_quality=4.71659
