epsilon_quality=0.35658
volume_quality=1.16095
