epsilon_quality=0.322822
volume_quality=0.953351
