epsilon_quality=0.365618
volume_quality=1.61291
