epsilon_quality=0.206334
volume_quality=0.815541
