epsilon_quality=0.348068
volume_quality=3.78995
