epsilon_quality=0.432561
volume_quality=3.83119
