epsilon_quality=0.104293
volume_quality=0.25759
