epsilon_quality=0.0388527
volume_quality=0.0554733
