epsilon_quality=0.0445535
volume_quality=0.00874368
