epsilon_quality=0.0182436
volume_quality=0.131083
