epsilon_quality=0.143914
volume_quality=0.207713
