epsilon_quality=0.131371
volume_quality=0.131263
