epsilon_quality=0.0697475
volume_quality=0.050312
