epsilon_quality=0.0994056
volume_quality=0.0544143
