epsilon_quality=0.0357469
volume_quality=0.00516749
