epsilon_quality=0.0425377
volume_quality=0.0135463
