epsilon_quality=0.063073
volume_quality=0.08542
