epsilon_quality=0.0445617
volume_quality=0.105171
