epsilon_quality=0.228122
volume_quality=0.958724
