epsilon_quality=0.035475
volume_quality=0.0545004
