epsilon_quality=0.0776019
volume_quality=0.208077
