epsilon_quality=0.0888819
volume_quality=0.21091
