gpsEpsilon=98.5429
gpsVolume=69.041
mQualEpsilon=0.0741441
mQualVolume=0.021916
new_planned_energy=35.8874
