gpsEpsilon=98.5429
gpsVolume=67.0885
mQualEpsilon=0.00549142
mQualVolume=0.00775775
new_planned_energy=22.8466
