gpsEpsilon=98.5429
gpsVolume=49.4538
mQualEpsilon=1.53409
mQualVolume=55.9597
new_planned_energy=-1.53409
