gpsEpsilon=98.5429
gpsVolume=49.4538
mQualEpsilon=1.54545
mQualVolume=55.9757
new_planned_energy=-1.54545
