gpsEpsilon=98.5429
gpsVolume=49.4538
mQualEpsilon=1.62459
mQualVolume=56.9889
new_planned_energy=-1.62459
