gpsEpsilon=98.5429
gpsVolume=49.4538
mQualEpsilon=1.58622
mQualVolume=56.2493
new_planned_energy=-1.58622
