gpsEpsilon=98.5429
gpsVolume=49.4538
mQualEpsilon=1.57309
mQualVolume=57.1716
new_planned_energy=-1.57309
