gpsEpsilon=128.254
gpsVolume=59.0314
mQualEpsilon=1.64911
mQualVolume=56.7399
new_planned_energy=-1.64911
