gpsEpsilon=128.254
gpsVolume=59.0314
mQualEpsilon=1.70363
mQualVolume=57.0822
new_planned_energy=-1.70363
