gpsEpsilon=128.254
gpsVolume=59.0314
mQualEpsilon=1.64132
mQualVolume=56.6125
new_planned_energy=-1.64132
