gpsEpsilon=128.254
gpsVolume=59.0314
mQualEpsilon=1.62867
mQualVolume=56.8354
new_planned_energy=-1.62867
