gpsEpsilon=128.254
gpsVolume=59.0314
mQualEpsilon=1.70872
mQualVolume=56.9226
new_planned_energy=-1.70872
