gpsEpsilon=128.254
gpsVolume=59.0314
mQualEpsilon=1.61915
mQualVolume=56.3906
new_planned_energy=-1.61915
