gpsEpsilon=0
gpsVolume=0
mQualEpsilon=0.030264
mQualVolume=0.0114566
new_planned_energy=22.2929
