gpsEpsilon=96.4357
gpsVolume=23.9983
mQualEpsilon=1.60262
mQualVolume=55.0147
new_planned_energy=-1.60262
