gpsEpsilon=96.4357
gpsVolume=23.9983
mQualEpsilon=1.59175
mQualVolume=55.03
new_planned_energy=-1.59175
