gpsEpsilon=96.4357
gpsVolume=23.9983
mQualEpsilon=1.60286
mQualVolume=55.1013
new_planned_energy=-1.60286
