gpsEpsilon=96.4357
gpsVolume=23.9983
mQualEpsilon=1.60269
mQualVolume=55.1559
new_planned_energy=-1.60269
