gpsEpsilon=158.553
gpsVolume=62.1924
mQualEpsilon=1.55184
mQualVolume=45.0986
new_planned_energy=-1.55184
