gpsEpsilon=158.553
gpsVolume=62.1924
mQualEpsilon=1.57827
mQualVolume=46.0833
new_planned_energy=-1.57827
