gpsEpsilon=158.553
gpsVolume=62.1924
mQualEpsilon=1.57337
mQualVolume=45.9379
new_planned_energy=-1.57337
