gpsEpsilon=158.553
gpsVolume=62.1924
mQualEpsilon=1.57888
mQualVolume=46.0444
new_planned_energy=-1.57888
