gpsEpsilon=95.9945
gpsVolume=104.301
mQualEpsilon=1.61896
mQualVolume=57.4712
new_planned_energy=-1.61896
