gpsEpsilon=95.9945
gpsVolume=104.301
mQualEpsilon=1.65141
mQualVolume=56.827
new_planned_energy=-1.65141
