gpsEpsilon=95.9945
gpsVolume=104.301
mQualEpsilon=1.56822
mQualVolume=56.8821
new_planned_energy=-1.56822
