gpsEpsilon=95.9945
gpsVolume=104.301
mQualEpsilon=1.64659
mQualVolume=57.7016
new_planned_energy=-1.64659
