gpsEpsilon=99.7786
gpsVolume=57.7609
mQualEpsilon=0.0558485
mQualVolume=0.00664741
new_planned_energy=15.8536
