gpsEpsilon=102.494
gpsVolume=56.9242
mQualEpsilon=0.008087
mQualVolume=0.00662675
new_planned_energy=28.7103
