gpsEpsilon=113.03
gpsVolume=47.0952
mQualEpsilon=1.63306
mQualVolume=49.2573
new_planned_energy=-1.63306
