gpsEpsilon=113.03
gpsVolume=47.0952
mQualEpsilon=1.61458
mQualVolume=50.3727
new_planned_energy=-1.61458
