epsilon_quality=0.050738
volume_quality=0.0230299
