epsilon_quality=0.177527
volume_quality=0.968897
