epsilon_quality=0.136421
volume_quality=0.437271
