epsilon_quality=0.0771538
volume_quality=0.386845
