epsilon_quality=0.115948
volume_quality=0.0630293
