epsilon_quality=0.0811703
volume_quality=0.0388111
