epsilon_quality=0.0197971
volume_quality=0.00989067
