epsilon_quality=0.103135
volume_quality=0.11336
