epsilon_quality=0.160011
volume_quality=0.231879
