epsilon_quality=0.0710055
volume_quality=0.134909
