epsilon_quality=0.109891
volume_quality=0.251459
