epsilon_quality=0.158159
volume_quality=0.138521
