epsilon_quality=0.0223999
volume_quality=0.0309196
