epsilon_quality=0.144433
volume_quality=0.511025
