epsilon_quality=0.148541
volume_quality=0.300998
