epsilon_quality=0.0903679
volume_quality=0.127841
