epsilon_quality=0.152607
volume_quality=0.475755
