epsilon_quality=0.20869
volume_quality=1.05246
