epsilon_quality=0.245954
volume_quality=1.74513
