epsilon_quality=0.0721417
volume_quality=0.142404
