epsilon_quality=0.113514
volume_quality=0.0473497
