epsilon_quality=0.117458
volume_quality=0.21471
