epsilon_quality=0.0917828
volume_quality=0.0839252
