epsilon_quality=0.0898362
volume_quality=0.137987
