epsilon_quality=0.237787
volume_quality=0.214039
