epsilon_quality=0.0566619
volume_quality=0.0440716
