gpsEpsilon=16.0949
gpsVolume=176.967
mQualEpsilon=0.0743627
mQualVolume=0.0202493
new_planned_energy=28.5744
