gpsEpsilon=17.7089
gpsVolume=176.967
mQualEpsilon=0.0520733
mQualVolume=0.0109141
new_planned_energy=52.3684
