gpsEpsilon=18.9438
gpsVolume=176.967
mQualEpsilon=1.86204
mQualVolume=58.2508
new_planned_energy=-1.86204
