gpsEpsilon=20.1236
gpsVolume=176.967
mQualEpsilon=0.0344049
mQualVolume=0.0139122
new_planned_energy=23.8492
