gpsEpsilon=1.7209e-315
gpsVolume=0
mQualEpsilon=0.0669534
mQualVolume=0.0255181
new_planned_energy=31.1366
