gpsEpsilon=169.342
gpsVolume=118.13
mQualEpsilon=0.00656989
mQualVolume=0.00625201
new_planned_energy=35.6376
