gpsEpsilon=0
gpsVolume=2.42092e-322
mQualEpsilon=0.0347423
mQualVolume=0.00839523
new_planned_energy=29.8289
