gpsEpsilon=17.1993
gpsVolume=176.967
mQualEpsilon=0.0516256
mQualVolume=0.031665
new_planned_energy=87.7105
