gpsEpsilon=17.8597
gpsVolume=176.967
mQualEpsilon=0.0496329
mQualVolume=0.00376575
new_planned_energy=44.0665
