gpsEpsilon=17.2232
gpsVolume=176.947
mQualEpsilon=0.0362265
mQualVolume=0.00136722
new_planned_energy=44.6143
