gpsEpsilon=17.9438
gpsVolume=200.35
mQualEpsilon=0.0160841
mQualVolume=0.0073802
new_planned_energy=21.1424
