gpsEpsilon=17.2982
gpsVolume=176.967
mQualEpsilon=0.0331462
mQualVolume=0.0135713
new_planned_energy=16.6489
