epsilon_quality=0.00443438
volume_quality=0.0168388
