epsilon_quality=0.0628611
volume_quality=0.0143392
