epsilon_quality=0.143901
volume_quality=0.217184
