epsilon_quality=0.123247
volume_quality=0.125524
