epsilon_quality=0.0552525
volume_quality=0.0240603
