epsilon_quality=0.0102494
volume_quality=0.00734361
