epsilon_quality=0.0239874
volume_quality=0.00339941
