epsilon_quality=0.127031
volume_quality=0.232293
