epsilon_quality=0.218663
volume_quality=0.380777
