epsilon_quality=0.0433401
volume_quality=0.0698141
