epsilon_quality=0.0285355
volume_quality=0.174048
