epsilon_quality=0.00964547
volume_quality=0.132246
