epsilon_quality=0.174893
volume_quality=0.461914
