gpsEpsilon=23.332
gpsVolume=222.721
mQualEpsilon=0.0554464
mQualVolume=0.015898
new_planned_energy=53.2123
