gpsEpsilon=0.0859055
gpsVolume=-0.150551
mQualEpsilon=0.0329987
mQualVolume=0.0165807
new_planned_energy=60.2759
