gpsEpsilon=34.3418
gpsVolume=216.003
mQualEpsilon=0.103401
mQualVolume=0.0160899
new_planned_energy=42.397
