gpsEpsilon=-0.784097
gpsVolume=1.95305
mQualEpsilon=0.100204
mQualVolume=0.0182947
new_planned_energy=49.9444
