gpsEpsilon=49.1637
gpsVolume=67.8243
mQualEpsilon=0.0131303
mQualVolume=0.00550802
new_planned_energy=56.6373
