gpsEpsilon=2.122e-314
gpsVolume=7.62431e-316
mQualEpsilon=0.0874398
mQualVolume=0.0184304
new_planned_energy=26.0069
