gpsEpsilon=0
gpsVolume=0
mQualEpsilon=0.119502
mQualVolume=0.0248038
new_planned_energy=37.1094
