gpsEpsilon=43.7896
gpsVolume=101.008
mQualEpsilon=0.11283
mQualVolume=0.0183984
new_planned_energy=54.6087
