gpsEpsilon=46.2554
gpsVolume=109.558
mQualEpsilon=0.0181165
mQualVolume=0.00276808
new_planned_energy=50.3807
