gpsEpsilon=9.59427
gpsVolume=220.324
mQualEpsilon=0.0137713
mQualVolume=0.00160006
new_planned_energy=44.3593
