gpsEpsilon=39.2478
gpsVolume=20.0824
mQualEpsilon=0.0611469
mQualVolume=0.00623336
new_planned_energy=21.0431
