gpsEpsilon=45.4922
gpsVolume=24.4487
mQualEpsilon=0.0162442
mQualVolume=0.0273768
new_planned_energy=27.6751
