gpsEpsilon=17.4219
gpsVolume=226.992
mQualEpsilon=0.0611469
mQualVolume=0.00623336
new_planned_energy=44.2264
