epsilon_quality=0.0405993
volume_quality=0.125963
