epsilon_quality=0.0263936
volume_quality=0.00330883
