epsilon_quality=0.0324216
volume_quality=0.0180998
