epsilon_quality=0.12034
volume_quality=0.13059
