epsilon_quality=0.257463
volume_quality=0.566955
