epsilon_quality=0.234008
volume_quality=0.883767
