epsilon_quality=0.0665878
volume_quality=0.0229418
