epsilon_quality=0.146947
volume_quality=0.144366
