epsilon_quality=0.24956
volume_quality=0.786016
