epsilon_quality=0.204175
volume_quality=0.728659
