epsilon_quality=0.00418958
volume_quality=0.0167789
