epsilon_quality=0.172845
volume_quality=1.60135
