epsilon_quality=0.175613
volume_quality=0.904631
