epsilon_quality=0.286952
volume_quality=1.24992
