epsilon_quality=0.143415
volume_quality=0.222895
