epsilon_quality=0.0218055
volume_quality=0.0862602
