epsilon_quality=0.160181
volume_quality=0.51906
