epsilon_quality=0.187629
volume_quality=0.386895
