epsilon_quality=0.253424
volume_quality=0.641173
