epsilon_quality=0.0923187
volume_quality=0.190728
