epsilon_quality=0.145844
volume_quality=0.191581
