epsilon_quality=0.10571
volume_quality=0.151402
