epsilon_quality=0.0403968
volume_quality=0.0110776
