epsilon_quality=0.0683645
volume_quality=0.0392393
