epsilon_quality=0.0472197
volume_quality=0.0236416
