epsilon_quality=0.0407007
volume_quality=0.0447098
