epsilon_quality=0.0762296
volume_quality=0.0266936
