epsilon_quality=0.0918948
volume_quality=0.134406
