epsilon_quality=0.120045
volume_quality=0.0528013
