epsilon_quality=0.0109433
volume_quality=0.132908
