epsilon_quality=0.144094
volume_quality=0.322532
