epsilon_quality=0.111818
volume_quality=0.563954
