epsilon_quality=0.161048
volume_quality=0.383876
