epsilon_quality=0.0291328
volume_quality=0.103209
