epsilon_quality=0.0639215
volume_quality=0.149251
