epsilon_quality=0.00404959
volume_quality=0.394166
