epsilon_quality=0.143045
volume_quality=0.348546
