epsilon_quality=0.0102617
volume_quality=0.0788154
