epsilon_quality=0.0392223
volume_quality=0.179699
