epsilon_quality=0.154225
volume_quality=0.39948
