epsilon_quality=0.103701
volume_quality=0.111548
