epsilon_quality=0.0918769
volume_quality=0.0745824
