epsilon_quality=0.224665
volume_quality=1.14485
