epsilon_quality=0.238453
volume_quality=1.32072
