epsilon_quality=0.0135882
volume_quality=0.0149391
