epsilon_quality=0.0943642
volume_quality=0.0316798
