epsilon_quality=0.101802
volume_quality=0.162244
