epsilon_quality=0.0807347
volume_quality=0.0997705
