epsilon_quality=0.0952154
volume_quality=0.267116
