epsilon_quality=0.198242
volume_quality=0.449919
