epsilon_quality=0.0389611
volume_quality=0.0530211
