epsilon_quality=0.024645
volume_quality=0.027518
