epsilon_quality=0.107342
volume_quality=0.163157
