epsilon_quality=0.0414632
volume_quality=0.00710788
