epsilon_quality=0.0218891
volume_quality=0.0070576
