epsilon_quality=0.0347052
volume_quality=0.0123525
