epsilon_quality=0.0751694
volume_quality=0.064157
