epsilon_quality=0.17935
volume_quality=0.432464
