epsilon_quality=0.124592
volume_quality=0.0871096
