epsilon_quality=0.0563183
volume_quality=0.0768309
