epsilon_quality=3.46945e-18
volume_quality=0.0717604
