epsilon_quality=0.110208
volume_quality=0.0561071
