epsilon_quality=0.0591031
volume_quality=0.053686
