epsilon_quality=0.269061
volume_quality=1.86045
