epsilon_quality=0.195479
volume_quality=0.399103
