epsilon_quality=0.317849
volume_quality=1.06015
