epsilon_quality=0.211227
volume_quality=0.418542
