epsilon_quality=0.0813733
volume_quality=0.248462
