epsilon_quality=0.0735793
volume_quality=0.0643907
