epsilon_quality=0.028615
volume_quality=0.00882828
