epsilon_quality=0.0243045
volume_quality=0.0517193
