epsilon_quality=0.267166
volume_quality=0.59102
