epsilon_quality=0.195529
volume_quality=0.358996
