epsilon_quality=0.0431072
volume_quality=0.067104
