epsilon_quality=0.0641399
volume_quality=0.061271
