epsilon_quality=0.0962105
volume_quality=0.901553
