epsilon_quality=0.0575413
volume_quality=0.0742941
