epsilon_quality=0.154758
volume_quality=0.802592
