epsilon_quality=0.220064
volume_quality=0.86494
