epsilon_quality=0.119172
volume_quality=0.154727
