epsilon_quality=0.206602
volume_quality=0.340304
