epsilon_quality=0.148785
volume_quality=0.198046
