epsilon_quality=0.172072
volume_quality=0.310171
