epsilon_quality=0.0679411
volume_quality=0.386768
