epsilon_quality=0.0856034
volume_quality=0.115863
