epsilon_quality=0.0784732
volume_quality=0.17718
