epsilon_quality=0.0926756
volume_quality=0.204091
