epsilon_quality=0.0316215
volume_quality=0.133825
