epsilon_quality=0.20512
volume_quality=0.615932
