epsilon_quality=0.136275
volume_quality=0.217333
