epsilon_quality=0.154487
volume_quality=0.31466
