epsilon_quality=0.0222084
volume_quality=0.020595
