epsilon_quality=0.0787398
volume_quality=0.190227
