epsilon_quality=0.152035
volume_quality=0.220175
