epsilon_quality=0.185471
volume_quality=0.461036
