epsilon_quality=0.12507
volume_quality=0.206798
