epsilon_quality=0.112126
volume_quality=0.126138
