epsilon_quality=0.0663177
volume_quality=0.0645906
