epsilon_quality=0.0219302
volume_quality=0.0326466
