epsilon_quality=0.0311287
volume_quality=0.0731632
