gpsEpsilon=1.40321e-315
gpsVolume=0.0645439
mQualEpsilon=0.0354082
mQualVolume=0.00351527
new_planned_energy=45.6191
