gpsEpsilon=71.154
gpsVolume=191.499
mQualEpsilon=0.00720719
mQualVolume=0.00394807
new_planned_energy=50.5958
