gpsEpsilon=97.8726
gpsVolume=140.947
mQualEpsilon=0.00732947
mQualVolume=0.00351172
new_planned_energy=37.6486
