gpsEpsilon=45.0487
gpsVolume=98.5139
mQualEpsilon=0.0402692
mQualVolume=0.00102365
new_planned_energy=82.0257
