gpsEpsilon=1.08955e-315
gpsVolume=0
mQualEpsilon=-1
mQualVolume=0.00119842
new_planned_energy=61.6104
