gpsEpsilon=1.40413e-315
gpsVolume=0
mQualEpsilon=-1
mQualVolume=0.00113003
new_planned_energy=30.1229
