gpsEpsilon=1.31514e-315
gpsVolume=0
mQualEpsilon=0.0291617
mQualVolume=0.00197444
new_planned_energy=63.8512
