gpsEpsilon=1.24477e-315
gpsVolume=0
mQualEpsilon=0.00960854
mQualVolume=0.00126874
new_planned_energy=46.6551
