gpsEpsilon=1.24477e-315
gpsVolume=0
mQualEpsilon=1.35198
mQualVolume=39.4354
new_planned_energy=23.3446
