gpsEpsilon=1.40395e-315
gpsVolume=0
mQualEpsilon=0.0363891
mQualVolume=0.00424454
new_planned_energy=57.822
