gpsEpsilon=1.3926e-315
gpsVolume=0
mQualEpsilon=0.0478308
mQualVolume=0.00786326
new_planned_energy=21.4854
