gpsEpsilon=7.25371
gpsVolume=131.028
mQualEpsilon=0.00769305
mQualVolume=0.00809331
new_planned_energy=28.2318
