gpsEpsilon=8.83346
gpsVolume=167.063
mQualEpsilon=-1
mQualVolume=0.00417174
new_planned_energy=42.1883
