epsilon_quality=0.203602
volume_quality=0.166072
