epsilon_quality=0.232449
volume_quality=0.484784
