epsilon_quality=0.159832
volume_quality=0.811017
