epsilon_quality=0.0315304
volume_quality=0.0724199
