epsilon_quality=0.193609
volume_quality=0.472434
