epsilon_quality=0.187654
volume_quality=0.325266
