epsilon_quality=0.0522941
volume_quality=0.0256476
