epsilon_quality=0.0288964
volume_quality=0.0068994
