epsilon_quality=0.0233727
volume_quality=0.00246682
