epsilon_quality=0.0769974
volume_quality=0.0461553
