epsilon_quality=0.169976
volume_quality=1.34714
