epsilon_quality=0.019856
volume_quality=0.000769365
