epsilon_quality=0.0762811
volume_quality=0.0797077
