epsilon_quality=0.265676
volume_quality=0.643882
