epsilon_quality=0.229457
volume_quality=0.998255
