epsilon_quality=0.0118287
volume_quality=0.158682
