epsilon_quality=0.117942
volume_quality=0.255702
