epsilon_quality=0.356375
volume_quality=0.936861
