epsilon_quality=0.296181
volume_quality=3.25448
