gpsEpsilon=226.859
gpsVolume=104.235
mQualEpsilon=1.75398
mQualVolume=44.3636
new_planned_energy=-1.75398
