gpsEpsilon=226.859
gpsVolume=104.235
mQualEpsilon=1.74035
mQualVolume=44.2278
new_planned_energy=-1.74035
