gpsEpsilon=189.503
gpsVolume=91.7171
mQualEpsilon=0.0318611
mQualVolume=0.00269485
new_planned_energy=49.6032
