gpsEpsilon=199.85
gpsVolume=97.2132
mQualEpsilon=0.0164883
mQualVolume=0.00322057
new_planned_energy=74.6416
