gpsEpsilon=197.809
gpsVolume=100.073
mQualEpsilon=0.01133
mQualVolume=0.00603121
new_planned_energy=36.7878
