gpsEpsilon=0
gpsVolume=2.42092e-322
mQualEpsilon=0.000182424
mQualVolume=0.00828683
new_planned_energy=67.8333
