gpsEpsilon=0
gpsVolume=2.42092e-322
mQualEpsilon=0.0376976
mQualVolume=0.0165633
new_planned_energy=67.4825
