gpsEpsilon=238.332
gpsVolume=167.918
mQualEpsilon=0.0230192
mQualVolume=0.00390932
new_planned_energy=43.8477
