gpsEpsilon=184.175
gpsVolume=109.535
mQualEpsilon=0.0195956
mQualVolume=0.00516584
new_planned_energy=41.0966
