gpsEpsilon=199.512
gpsVolume=109.301
mQualEpsilon=0.0597844
mQualVolume=0.0120893
new_planned_energy=69.2961
