epsilon_quality=0.035857
volume_quality=0.214629
