epsilon_quality=0.232844
volume_quality=0.45484
