epsilon_quality=0.275163
volume_quality=0.48159
