epsilon_quality=0.00603802
volume_quality=0.0115367
