epsilon_quality=0.0883089
volume_quality=0.0308134
