epsilon_quality=0.122524
volume_quality=0.0563737
