epsilon_quality=0.0893421
volume_quality=0.134695
