epsilon_quality=0.0952411
volume_quality=0.0874298
