epsilon_quality=0.190716
volume_quality=0.172424
