epsilon_quality=0.0791833
volume_quality=0.297201
