epsilon_quality=0.072641
volume_quality=0.496004
