epsilon_quality=0.229275
volume_quality=0.433567
