epsilon_quality=0.286345
volume_quality=1.14592
