epsilon_quality=0.15338
volume_quality=1.09896
