epsilon_quality=0.111278
volume_quality=0.445223
