epsilon_quality=0.0673145
volume_quality=0.04012
