epsilon_quality=0.266221
volume_quality=0.510257
