epsilon_quality=0.0684349
volume_quality=0.0410899
