epsilon_quality=0.0601129
volume_quality=0.0117788
