epsilon_quality=0.0899292
volume_quality=0.19808
