epsilon_quality=0.0413443
volume_quality=0.0856402
