epsilon_quality=0.0866613
volume_quality=0.168042
