epsilon_quality=0.235655
volume_quality=0.306758
