epsilon_quality=0.0288887
volume_quality=0.022373
