epsilon_quality=0.0675638
volume_quality=0.0157611
