epsilon_quality=0.0707103
volume_quality=0.0206912
