epsilon_quality=0.0456471
volume_quality=0.0407432
