epsilon_quality=0.0674504
volume_quality=0.0439479
