epsilon_quality=0.116328
volume_quality=0.0535859
