epsilon_quality=0.0808535
volume_quality=0.0158009
