epsilon_quality=0.0713045
volume_quality=0.0350075
