epsilon_quality=0.138644
volume_quality=0.350569
