epsilon_quality=0.0881655
volume_quality=0.108281
