epsilon_quality=0.040829
volume_quality=0.253681
