epsilon_quality=0.0598836
volume_quality=0.0517514
