epsilon_quality=0.0621338
volume_quality=0.012113
