epsilon_quality=0.199526
volume_quality=0.241854
