epsilon_quality=0.130333
volume_quality=0.0619629
