epsilon_quality=0.111866
volume_quality=0.193783
