epsilon_quality=0.174773
volume_quality=0.376005
