epsilon_quality=0.185935
volume_quality=0.426789
