epsilon_quality=0.0478853
volume_quality=0.248124
