gpsEpsilon=116.525
gpsVolume=95.5891
mQualEpsilon=0.0738634
mQualVolume=0.0525778
new_planned_energy=66.908
