gpsEpsilon=116.121
gpsVolume=92.1009
mQualEpsilon=0.103646
mQualVolume=0.0281174
new_planned_energy=49.7473
