gpsEpsilon=110.991
gpsVolume=85.4809
mQualEpsilon=0.0951468
mQualVolume=0.0213654
new_planned_energy=45.0633
