gpsEpsilon=4.58434e-316
gpsVolume=0
mQualEpsilon=0.13918
mQualVolume=0.0347123
new_planned_energy=63.2512
