gpsEpsilon=108.217
gpsVolume=215.465
mQualEpsilon=0.0183004
mQualVolume=0.000319531
new_planned_energy=65.1364
