gpsEpsilon=111.84
gpsVolume=98.5675
mQualEpsilon=0.0616069
mQualVolume=0.0265885
new_planned_energy=62.5528
