gpsEpsilon=106.824
gpsVolume=95.0064
mQualEpsilon=0.00235599
mQualVolume=0.0078441
new_planned_energy=83.8994
