gpsEpsilon=107.768
gpsVolume=71.0471
mQualEpsilon=0.101376
mQualVolume=0.012868
new_planned_energy=32.7321
