gpsEpsilon=109.87
gpsVolume=72.7517
mQualEpsilon=0.0662372
mQualVolume=0.011113
new_planned_energy=35.6977
