gpsEpsilon=113.174
gpsVolume=102.015
mQualEpsilon=0.0137968
mQualVolume=0.0223294
new_planned_energy=105.281
