gpsEpsilon=109.483
gpsVolume=90.8581
mQualEpsilon=0.117288
mQualVolume=0.0297948
new_planned_energy=20.2709
