gpsEpsilon=109.876
gpsVolume=91.0245
mQualEpsilon=0.0705413
mQualVolume=0.0179554
new_planned_energy=39.7659
