gpsEpsilon=105.232
gpsVolume=95.2485
mQualEpsilon=0.102513
mQualVolume=0.0129502
new_planned_energy=48.0738
