epsilon_quality=0.138673
volume_quality=0.0985168
