epsilon_quality=0.102664
volume_quality=0.102385
