epsilon_quality=0.100831
volume_quality=0.320467
