epsilon_quality=0.297828
volume_quality=0.858184
