epsilon_quality=0.0604642
volume_quality=0.177668
