epsilon_quality=0.101212
volume_quality=0.28972
