epsilon_quality=0.083732
volume_quality=0.0802257
