epsilon_quality=0.05491
volume_quality=0.0468206
