epsilon_quality=0.0739052
volume_quality=0.072412
