epsilon_quality=0.236776
volume_quality=0.776319
