epsilon_quality=0.348592
volume_quality=1.20058
