epsilon_quality=0.0442255
volume_quality=0.0106882
