epsilon_quality=0.0488838
volume_quality=0.022714
