epsilon_quality=0.123769
volume_quality=0.135219
