epsilon_quality=0.125071
volume_quality=0.266288
