epsilon_quality=0.0370525
volume_quality=0.0228564
