epsilon_quality=0.148043
volume_quality=0.101799
