epsilon_quality=0.0222586
volume_quality=0.066608
