epsilon_quality=0.215165
volume_quality=0.650009
