epsilon_quality=0.265997
volume_quality=0.798846
