epsilon_quality=0.0952837
volume_quality=0.152808
