epsilon_quality=0.049021
volume_quality=0.0273159
