epsilon_quality=0.0156749
volume_quality=0.0110917
