epsilon_quality=0.0180655
volume_quality=0.0316378
