epsilon_quality=0.24154
volume_quality=2.13703
