epsilon_quality=0.249538
volume_quality=0.608165
