epsilon_quality=0.0629953
volume_quality=0.045041
