epsilon_quality=0.0613713
volume_quality=0.075667
