epsilon_quality=0.0134324
volume_quality=0.0216675
