epsilon_quality=0.0497899
volume_quality=0.0363014
