epsilon_quality=0.0729652
volume_quality=0.163305
