epsilon_quality=0.0312234
volume_quality=0.0225176
