epsilon_quality=0.0212862
volume_quality=0.00595116
