epsilon_quality=0.10494
volume_quality=0.0424031
