epsilon_quality=0.127359
volume_quality=0.0892968
