epsilon_quality=0.121852
volume_quality=0.129703
