epsilon_quality=0.0575457
volume_quality=0.056162
