epsilon_quality=0.0879184
volume_quality=0.0939244
