epsilon_quality=0.0293743
volume_quality=0.0811414
