epsilon_quality=0.111178
volume_quality=0.14547
