epsilon_quality=0.0417409
volume_quality=0.0377973
