epsilon_quality=0.0407818
volume_quality=0.040722
