epsilon_quality=0.0895178
volume_quality=0.0287716
