epsilon_quality=0.205283
volume_quality=0.639018
