epsilon_quality=0.0325922
volume_quality=0.0157222
