epsilon_quality=0.0936759
volume_quality=0.206617
