epsilon_quality=0.0634886
volume_quality=0.00574764
