epsilon_quality=0.0803359
volume_quality=0.0126135
