epsilon_quality=0.0261281
volume_quality=0.00437679
