epsilon_quality=0.0520182
volume_quality=0.00431829
