epsilon_quality=0.0377692
volume_quality=0.00211067
