epsilon_quality=0.00134078
volume_quality=0.045181
