epsilon_quality=0.0775844
volume_quality=0.0491538
