epsilon_quality=0.236335
volume_quality=0.683626
