epsilon_quality=0.101803
volume_quality=0.340618
