epsilon_quality=0.0245203
volume_quality=0.0382773
