epsilon_quality=0.0354336
volume_quality=0.196119
