epsilon_quality=0.0664332
volume_quality=0.00631053
