epsilon_quality=0.0535673
volume_quality=0.106534
