epsilon_quality=0.0804352
volume_quality=0.0732626
