epsilon_quality=0.165328
volume_quality=0.323344
