epsilon_quality=0.144068
volume_quality=0.32651
