epsilon_quality=0.0279574
volume_quality=0.0402071
