epsilon_quality=0.104585
volume_quality=0.412392
