epsilon_quality=0.0851484
volume_quality=0.10821
