epsilon_quality=0.19202
volume_quality=0.281441
