epsilon_quality=0.106581
volume_quality=0.0973605
