epsilon_quality=0.18185
volume_quality=0.216008
