epsilon_quality=0.197665
volume_quality=0.168873
