epsilon_quality=0.180869
volume_quality=0.57113
