epsilon_quality=0.266156
volume_quality=0.644073
