epsilon_quality=0.116475
volume_quality=0.0968786
