epsilon_quality=0.15578
volume_quality=0.380492
