epsilon_quality=0.0325707
volume_quality=0.0170938
