epsilon_quality=0.131189
volume_quality=0.441019
