epsilon_quality=0.13043
volume_quality=0.271667
