epsilon_quality=0.0194329
volume_quality=0.224892
