epsilon_quality=0.235349
volume_quality=0.436564
