epsilon_quality=0.230708
volume_quality=0.963175
