epsilon_quality=0.0118567
volume_quality=0.303441
