epsilon_quality=0.0232872
volume_quality=0.231723
