epsilon_quality=0.0224228
volume_quality=0.107352
