epsilon_quality=0.118562
volume_quality=0.0704781
