epsilon_quality=0.0202397
volume_quality=0.00746829
