epsilon_quality=0.135867
volume_quality=0.571526
