epsilon_quality=0.0922028
volume_quality=0.215535
