epsilon_quality=0.0364689
volume_quality=0.10058
