epsilon_quality=0.122758
volume_quality=0.128434
