epsilon_quality=0.0576808
volume_quality=0.0352672
