epsilon_quality=0.0592171
volume_quality=0.0079162
