epsilon_quality=0.109238
volume_quality=0.182678
