epsilon_quality=0.13415
volume_quality=0.115985
