epsilon_quality=0.0715152
volume_quality=0.171612
