epsilon_quality=0.114415
volume_quality=0.173374
