epsilon_quality=0.0669277
volume_quality=0.0968016
