epsilon_quality=0.183011
volume_quality=0.270271
