epsilon_quality=0.0900412
volume_quality=0.136866
