epsilon_quality=0.0416117
volume_quality=0.0314193
