epsilon_quality=0.0388394
volume_quality=0.0559858
