epsilon_quality=0.0857141
volume_quality=0.14799
