epsilon_quality=0.191441
volume_quality=0.234241
