epsilon_quality=0.0782871
volume_quality=0.284607
