epsilon_quality=0.125452
volume_quality=0.0382046
