epsilon_quality=0.16522
volume_quality=0.185274
