epsilon_quality=0.0166755
volume_quality=0.0868003
