epsilon_quality=0.0406889
volume_quality=0.0164023
