epsilon_quality=0.116218
volume_quality=0.115479
