epsilon_quality=0.151158
volume_quality=0.372862
