epsilon_quality=0.204897
volume_quality=0.358375
