epsilon_quality=0.0286581
volume_quality=0.0197448
