epsilon_quality=0.0417459
volume_quality=0.0157881
