epsilon_quality=0.127973
volume_quality=0.0688656
