epsilon_quality=0.0486788
volume_quality=0.0504238
