epsilon_quality=0.379939
volume_quality=2.60015
