epsilon_quality=0.227139
volume_quality=2.29748
