epsilon_quality=0.156926
volume_quality=0.340811
