epsilon_quality=0.0484522
volume_quality=0.013909
