epsilon_quality=0.0564745
volume_quality=0.0502637
