epsilon_quality=0.0243555
volume_quality=0.0233314
