epsilon_quality=0.0325805
volume_quality=0.116993
