epsilon_quality=0.0421843
volume_quality=0.0958507
