epsilon_quality=0.0153299
volume_quality=0.0351357
