epsilon_quality=0.179747
volume_quality=0.253445
