epsilon_quality=0.030565
volume_quality=0.0181913
