epsilon_quality=0.0831798
volume_quality=0.0623244
