epsilon_quality=0.132398
volume_quality=0.602746
