epsilon_quality=0.165917
volume_quality=0.748156
