epsilon_quality=0.0130411
volume_quality=0.0221759
