epsilon_quality=0.0116055
volume_quality=0.0629794
