epsilon_quality=0.0286921
volume_quality=0.0116888
