epsilon_quality=0.0259007
volume_quality=0.0580096
