epsilon_quality=0.0215354
volume_quality=0.012999
