epsilon_quality=0.0423441
volume_quality=0.00783048
