epsilon_quality=0.0211232
volume_quality=0.00108715
