epsilon_quality=0.151338
volume_quality=0.230239
