epsilon_quality=0.233672
volume_quality=0.662678
