epsilon_quality=0.0706859
volume_quality=0.0912888
