epsilon_quality=0.0119755
volume_quality=0.0170096
