epsilon_quality=0.035405
volume_quality=0.0615873
