epsilon_quality=0.126229
volume_quality=0.0629343
