epsilon_quality=0.0232796
volume_quality=0.00931856
