epsilon_quality=0.133797
volume_quality=0.296985
