epsilon_quality=0.0604939
volume_quality=0.0804304
