epsilon_quality=0.0559746
volume_quality=0.0469384
