epsilon_quality=0.0693299
volume_quality=0.0212279
