epsilon_quality=0.12406
volume_quality=0.0779899
