epsilon_quality=0.113154
volume_quality=0.048951
