epsilon_quality=0.171016
volume_quality=0.742766
