epsilon_quality=0.121947
volume_quality=0.133244
