epsilon_quality=0.137297
volume_quality=0.26496
