epsilon_quality=0.132988
volume_quality=0.444917
