epsilon_quality=0.0123379
volume_quality=0.048831
