epsilon_quality=0.0177559
volume_quality=0.0853678
