epsilon_quality=0.0915925
volume_quality=0.0447628
