epsilon_quality=0.0773427
volume_quality=0.205292
