epsilon_quality=0.0632158
volume_quality=0.105416
