epsilon_quality=0.0449836
volume_quality=0.0199609
