epsilon_quality=0.0624753
volume_quality=0.0130445
