epsilon_quality=0.103654
volume_quality=0.0240738
