epsilon_quality=0.0461133
volume_quality=0.0407086
