epsilon_quality=0.119871
volume_quality=0.13238
