epsilon_quality=0.0252533
volume_quality=0.0463989
