epsilon_quality=0.0792332
volume_quality=0.0686109
