epsilon_quality=0.110743
volume_quality=0.408672
