epsilon_quality=0.162659
volume_quality=0.59771
