epsilon_quality=0.121248
volume_quality=0.124177
