epsilon_quality=0.238902
volume_quality=0.476743
