epsilon_quality=0.0532407
volume_quality=0.299925
