epsilon_quality=0.119043
volume_quality=0.200112
