epsilon_quality=0.0433958
volume_quality=0.00679888
