epsilon_quality=0.0317452
volume_quality=0.039842
