epsilon_quality=0.0391661
volume_quality=0.154632
