epsilon_quality=0.0544828
volume_quality=0.0629384
