epsilon_quality=0.0310484
volume_quality=0.0305851
