epsilon_quality=0.0186519
volume_quality=0.00889704
