epsilon_quality=0.0442923
volume_quality=0.0157092
