epsilon_quality=0.0367277
volume_quality=0.0301159
