epsilon_quality=0.00130871
volume_quality=0.000597505
