epsilon_quality=0.0302984
volume_quality=0.00732232
