epsilon_quality=0.13555
volume_quality=0.0860597
