epsilon_quality=0.168012
volume_quality=0.497882
