gpsEpsilon=221.563
gpsVolume=168.304
mQualEpsilon=0.0186267
mQualVolume=0.00581459
new_planned_energy=17.2468
