gpsEpsilon=221.563
gpsVolume=168.304
mQualEpsilon=1.75233
mQualVolume=51.3304
new_planned_energy=-1.75233
