epsilon_quality=0.0395405
volume_quality=0.193008
