epsilon_quality=0.101225
volume_quality=0.336658
