epsilon_quality=0.0689772
volume_quality=0.282924
