epsilon_quality=0.0816776
volume_quality=0.186279
