epsilon_quality=0.245979
volume_quality=0.940785
