epsilon_quality=0.0769813
volume_quality=0.110746
