epsilon_quality=0.0866718
volume_quality=0.107636
