gpsEpsilon=137.893
gpsVolume=98.6836
mQualEpsilon=0.0862136
mQualVolume=0.0315296
new_planned_energy=62.3939
