gpsEpsilon=0
gpsVolume=2.42092e-322
mQualEpsilon=0.00281375
mQualVolume=0.00108045
new_planned_energy=77.6809
