gpsEpsilon=11.8705
gpsVolume=91.9714
mQualEpsilon=0.00281375
mQualVolume=0.00108045
new_planned_energy=69.5618
