gpsEpsilon=23.0896
gpsVolume=105.577
mQualEpsilon=0.00724559
mQualVolume=0.00851238
new_planned_energy=73.7483
