gpsEpsilon=1.21319e-315
gpsVolume=1.30847e-315
mQualEpsilon=0.0392922
mQualVolume=0.0139666
new_planned_energy=49.7271
