gpsEpsilon=1.16654e-315
gpsVolume=1.58331e-315
mQualEpsilon=0.0247929
mQualVolume=0.00805457
new_planned_energy=53.7675
