gpsEpsilon=1.71077e-315
gpsVolume=6.95335e-310
mQualEpsilon=-1
mQualVolume=0.00557172
new_planned_energy=87.2867
