gpsEpsilon=76.1098
gpsVolume=13.5435
mQualEpsilon=0.0499878
mQualVolume=0.0108103
new_planned_energy=75.8678
