gpsEpsilon=1.00063e-315
gpsVolume=1.97626e-323
mQualEpsilon=-1
mQualVolume=0.0195612
new_planned_energy=21.7298
