epsilon_quality=0.0411558
volume_quality=0.0145238
