epsilon_quality=0.0408926
volume_quality=0.0177178
