epsilon_quality=0.0126212
volume_quality=0.00140075
