epsilon_quality=0.038795
volume_quality=0.0498519
