epsilon_quality=0.0225793
volume_quality=0.0173594
