epsilon_quality=0.093176
volume_quality=0.044782
