epsilon_quality=0.0292155
volume_quality=0.0345605
