epsilon_quality=0.182547
volume_quality=0.67991
