epsilon_quality=0.0250721
volume_quality=0.300509
