epsilon_quality=0.0547385
volume_quality=0.0346637
