epsilon_quality=0.0289084
volume_quality=0.000911546
