epsilon_quality=0.0205756
volume_quality=0.00533318
