epsilon_quality=0.0525503
volume_quality=0.00300787
