epsilon_quality=0.0619686
volume_quality=0.0193194
