epsilon_quality=0.0108274
volume_quality=0.049506
