epsilon_quality=0.0542729
volume_quality=0.00804403
