epsilon_quality=0.13297
volume_quality=0.137299
