epsilon_quality=0.129746
volume_quality=0.181746
