epsilon_quality=0.113214
volume_quality=0.117197
