epsilon_quality=0.0522762
volume_quality=0.170766
