epsilon_quality=0.15315
volume_quality=0.338124
