epsilon_quality=0.010528
volume_quality=0.182694
