epsilon_quality=0.0142455
volume_quality=0.00738782
