epsilon_quality=0.0328515
volume_quality=0.0712862
