epsilon_quality=0.0184465
volume_quality=0.00915666
