epsilon_quality=0.234833
volume_quality=0.697278
