epsilon_quality=0.0105237
volume_quality=0.0435932
