epsilon_quality=0.00869156
volume_quality=0.0524407
