epsilon_quality=0.0415858
volume_quality=0.131644
