epsilon_quality=0.121098
volume_quality=0.0898149
