epsilon_quality=0.207857
volume_quality=0.188159
