epsilon_quality=0.0301085
volume_quality=0.276894
