epsilon_quality=0.0659834
volume_quality=0.0186361
