epsilon_quality=0.0162676
volume_quality=0.111605
