epsilon_quality=0.178403
volume_quality=0.337773
