epsilon_quality=0.209745
volume_quality=0.286092
