epsilon_quality=0.257542
volume_quality=1.04303
