epsilon_quality=0.181964
volume_quality=0.543974
