epsilon_quality=0.12134
volume_quality=0.0778405
