epsilon_quality=0.0351571
volume_quality=0.143932
