epsilon_quality=0.142764
volume_quality=0.335788
