epsilon_quality=0.030701
volume_quality=0.0585596
