epsilon_quality=0.0510287
volume_quality=0.410273
