epsilon_quality=0.046224
volume_quality=0.540184
