epsilon_quality=0.0911079
volume_quality=0.0566695
