epsilon_quality=0.0505553
volume_quality=0.190076
