epsilon_quality=0.161671
volume_quality=0.632491
