epsilon_quality=0.0190202
volume_quality=0.0683374
