epsilon_quality=0.0456829
volume_quality=0.0412311
