epsilon_quality=0.00784602
volume_quality=0.148659
