epsilon_quality=0.170192
volume_quality=0.245049
