epsilon_quality=0.204792
volume_quality=0.255091
