epsilon_quality=0.00110024
volume_quality=0.00674091
