epsilon_quality=0.0224821
volume_quality=0.00432106
