epsilon_quality=0.0141015
volume_quality=0.0259613
