epsilon_quality=0.0953476
volume_quality=0.0357226
