epsilon_quality=0.0225568
volume_quality=0.00350045
