epsilon_quality=0.0505904
volume_quality=0.011633
