epsilon_quality=0.0146382
volume_quality=0.0795353
