epsilon_quality=0.0828807
volume_quality=0.0664518
