epsilon_quality=0.0510747
volume_quality=0.00667802
