epsilon_quality=0.102472
volume_quality=0.0626799
