epsilon_quality=0.0648876
volume_quality=0.117506
