epsilon_quality=0.139845
volume_quality=0.264345
