epsilon_quality=0.162419
volume_quality=0.457265
