gpsEpsilon=19.2635
gpsVolume=214.689
mQualEpsilon=0.0539688
mQualVolume=0.0153195
new_planned_energy=93.9735
