gpsEpsilon=21.8976
gpsVolume=215.614
mQualEpsilon=0.0111589
mQualVolume=0.00951665
new_planned_energy=58.1575
