gpsEpsilon=19.1937
gpsVolume=213.801
mQualEpsilon=0.0606305
mQualVolume=0.010177
new_planned_energy=52.4038
