gpsEpsilon=22.0177
gpsVolume=213.46
mQualEpsilon=0.0303085
mQualVolume=0.0174817
new_planned_energy=80.5117
