gpsEpsilon=20.4745
gpsVolume=211.307
mQualEpsilon=0.0776043
mQualVolume=0.00438407
new_planned_energy=60.3552
