gpsEpsilon=46.3812
gpsVolume=75.4931
mQualEpsilon=0.0455355
mQualVolume=0.00466946
new_planned_energy=19.1874
