gpsEpsilon=75.2737
gpsVolume=97.092
mQualEpsilon=0.0195834
mQualVolume=0.00390709
new_planned_energy=24.068
