gpsEpsilon=15.259
gpsVolume=214.431
mQualEpsilon=0.000387788
mQualVolume=0.00781923
new_planned_energy=48.2455
