gpsEpsilon=18.8418
gpsVolume=212.344
mQualEpsilon=1.42071
mQualVolume=55.0397
new_planned_energy=-1.42071
