gpsEpsilon=18.8418
gpsVolume=212.344
mQualEpsilon=1.43627
mQualVolume=55.7631
new_planned_energy=-1.43627
