gpsEpsilon=17.7425
gpsVolume=211.083
mQualEpsilon=0.0132652
mQualVolume=0.000275145
new_planned_energy=65.7222
