gpsEpsilon=19.3099
gpsVolume=215.282
mQualEpsilon=1.40277
mQualVolume=48.2848
new_planned_energy=-1.40277
