epsilon_quality=0.0454363
volume_quality=0.0462153
