epsilon_quality=0.0671565
volume_quality=0.151141
