epsilon_quality=0.0444696
volume_quality=0.0250848
