epsilon_quality=0.0953425
volume_quality=0.256332
