epsilon_quality=0.125572
volume_quality=0.234515
