epsilon_quality=0.0668403
volume_quality=0.157735
