epsilon_quality=0.273144
volume_quality=0.585279
