epsilon_quality=0.0980213
volume_quality=0.19467
