epsilon_quality=0.336415
volume_quality=0.955894
