epsilon_quality=0.0243607
volume_quality=0.00356081
