epsilon_quality=0.109174
volume_quality=0.218719
