epsilon_quality=0.0493018
volume_quality=0.0656789
