epsilon_quality=0.0407745
volume_quality=0.0371992
