epsilon_quality=0.177675
volume_quality=0.792604
