epsilon_quality=0.181173
volume_quality=0.720181
