epsilon_quality=0.080226
volume_quality=0.075019
