epsilon_quality=0.127944
volume_quality=0.272426
