epsilon_quality=0.0218313
volume_quality=0.0123327
