epsilon_quality=0.027962
volume_quality=0.0326551
