epsilon_quality=0.0632349
volume_quality=0.0569872
