epsilon_quality=0.185468
volume_quality=0.387551
