epsilon_quality=0.111919
volume_quality=0.230758
