epsilon_quality=0.0872408
volume_quality=0.297174
