epsilon_quality=0.177254
volume_quality=0.48224
