epsilon_quality=0.0111642
volume_quality=0.168918
