epsilon_quality=0.132727
volume_quality=0.0715758
