epsilon_quality=0.0892168
volume_quality=0.0659644
