epsilon_quality=0.0739927
volume_quality=0.231648
