epsilon_quality=0.37188
volume_quality=1.59019
