epsilon_quality=0.0396123
volume_quality=0.0404834
