epsilon_quality=0.150563
volume_quality=0.451757
