epsilon_quality=0.198302
volume_quality=0.368057
