epsilon_quality=0.0372506
volume_quality=0.0138204
