epsilon_quality=0.192226
volume_quality=0.823788
