epsilon_quality=0.198053
volume_quality=0.599651
