epsilon_quality=0.0664581
volume_quality=0.0874779
