epsilon_quality=0.20526
volume_quality=0.406642
