epsilon_quality=0.0328336
volume_quality=0.138294
