epsilon_quality=0.0532273
volume_quality=0.142972
