epsilon_quality=0.065614
volume_quality=0.0430621
