epsilon_quality=0.0841538
volume_quality=0.365778
