epsilon_quality=0.124199
volume_quality=0.225907
