epsilon_quality=0.0201935
volume_quality=0.00773939
