epsilon_quality=0.0919525
volume_quality=0.194744
