epsilon_quality=0.0361802
volume_quality=0.117334
