epsilon_quality=0.0120277
volume_quality=0.0224976
