epsilon_quality=0.0127153
volume_quality=0.0216281
