epsilon_quality=0.135199
volume_quality=0.834377
