epsilon_quality=0.0920517
volume_quality=0.765745
