epsilon_quality=0.106875
volume_quality=0.0681445
