epsilon_quality=0.0278347
volume_quality=0.00541867
