epsilon_quality=0.00650112
volume_quality=0.0457474
