epsilon_quality=0.0940995
volume_quality=0.221733
