epsilon_quality=0.0618634
volume_quality=0.113377
