epsilon_quality=0.297109
volume_quality=0.838985
