epsilon_quality=0.187283
volume_quality=0.654397
