epsilon_quality=0.0863042
volume_quality=0.415338
