epsilon_quality=0.0962532
volume_quality=0.0265306
