epsilon_quality=0.0083852
volume_quality=0.0119334
