epsilon_quality=0.0779287
volume_quality=0.0687971
