epsilon_quality=0.0975432
volume_quality=0.300739
