epsilon_quality=0.0446638
volume_quality=0.00827443
