epsilon_quality=0.0470493
volume_quality=0.0182986
