epsilon_quality=0.0329167
volume_quality=0.00219703
