epsilon_quality=0.0369581
volume_quality=0.00729799
