epsilon_quality=0.0410662
volume_quality=0.0304664
