epsilon_quality=0.241951
volume_quality=1.06242
