epsilon_quality=0.133235
volume_quality=0.38464
