epsilon_quality=0.166136
volume_quality=0.207783
