epsilon_quality=0.198542
volume_quality=0.343264
