epsilon_quality=0.153545
volume_quality=0.366097
