epsilon_quality=0.0663353
volume_quality=0.0403672
