epsilon_quality=0.143803
volume_quality=0.244641
