epsilon_quality=0.299006
volume_quality=0.708293
