epsilon_quality=0.0894589
volume_quality=0.262572
