epsilon_quality=0.0598878
volume_quality=0.340831
