epsilon_quality=0.00498802
volume_quality=0.334543
