epsilon_quality=0.0489431
volume_quality=0.920172
