epsilon_quality=0.204662
volume_quality=0.98788
