epsilon_quality=0.141499
volume_quality=0.508487
