epsilon_quality=0.0478524
volume_quality=0.209711
