epsilon_quality=0.020411
volume_quality=0.00130748
