epsilon_quality=0.0126963
volume_quality=0.0273569
