epsilon_quality=0.088028
volume_quality=0.0915937
