epsilon_quality=0.203669
volume_quality=0.271819
