epsilon_quality=0.146052
volume_quality=0.123251
