epsilon_quality=0.119177
volume_quality=0.251988
