epsilon_quality=0.0224008
volume_quality=0.0152533
