epsilon_quality=0.0198315
volume_quality=0.122579
