epsilon_quality=0.134207
volume_quality=0.136301
