epsilon_quality=0.152412
volume_quality=0.170774
