epsilon_quality=0.00604088
volume_quality=0.0147556
