epsilon_quality=0.0625806
volume_quality=0.0548083
