epsilon_quality=0.0784988
volume_quality=0.109043
