epsilon_quality=0.0656853
volume_quality=0.0601635
