epsilon_quality=0.150562
volume_quality=0.387047
