epsilon_quality=0.078055
volume_quality=0.0249333
