epsilon_quality=0.0052678
volume_quality=0.103618
