epsilon_quality=0.046088
volume_quality=0.0849018
