gpsEpsilon=154.978
gpsVolume=121.794
mQualEpsilon=0.0175809
mQualVolume=0.00794856
new_planned_energy=32.2153
