gpsEpsilon=2.29237e-316
gpsVolume=2.31556e-316
mQualEpsilon=-1
mQualVolume=0.00232434
new_planned_energy=43.1269
