gpsEpsilon=0
gpsVolume=0
mQualEpsilon=0.0610469
mQualVolume=0.0182212
new_planned_energy=44.4869
