gpsEpsilon=173.687
gpsVolume=118.883
mQualEpsilon=0.0187083
mQualVolume=0.0460722
new_planned_energy=33.88
