gpsEpsilon=182.236
gpsVolume=101.363
mQualEpsilon=0.0409273
mQualVolume=0.0269043
new_planned_energy=61.9147
