gpsEpsilon=164.002
gpsVolume=179.894
mQualEpsilon=0.0702297
mQualVolume=0.0302403
new_planned_energy=57.265
