epsilon_quality=0.0333562
volume_quality=0.0171134
