epsilon_quality=0.11406
volume_quality=0.122929
