epsilon_quality=0.106888
volume_quality=0.0701571
