epsilon_quality=0.16718
volume_quality=0.111706
