epsilon_quality=0.167515
volume_quality=0.305413
