epsilon_quality=0.0703213
volume_quality=0.0891404
