gpsEpsilon=8.54295e-72
gpsVolume=1.2597e-76
mQualEpsilon=0.0137099
mQualVolume=0.0366509
new_planned_energy=60.4296
