gpsEpsilon=3.54574e-62
gpsVolume=7.98474e-72
mQualEpsilon=5.55112e-17
mQualVolume=0.000442226
new_planned_energy=87.6135
