gpsEpsilon=8.89884e-316
gpsVolume=71.7006
mQualEpsilon=0.0137099
mQualVolume=0.0366509
new_planned_energy=72.534
