gpsEpsilon=3.45304e-86
gpsVolume=3.25194e-86
mQualEpsilon=-1
mQualVolume=0.00842616
new_planned_energy=48.0243
