gpsEpsilon=8.44852e-322
gpsVolume=8.44852e-322
mQualEpsilon=0.100607
mQualVolume=0.0182212
new_planned_energy=42.599
