gpsEpsilon=2.9451
gpsVolume=-4.60863
mQualEpsilon=0.00511926
mQualVolume=0.00188525
new_planned_energy=40.4645
