gpsEpsilon=0
gpsVolume=0
mQualEpsilon=5.55112e-17
mQualVolume=0.000442226
new_planned_energy=57.9234
