gpsEpsilon=10.7333
gpsVolume=8.71157
mQualEpsilon=0.0222734
mQualVolume=0.00443321
new_planned_energy=63.2975
