gpsEpsilon=2.00058
gpsVolume=1.39067
mQualEpsilon=0.0657319
mQualVolume=0.011538
new_planned_energy=56.2982
