gpsEpsilon=2.58808e-316
gpsVolume=2.58808e-316
mQualEpsilon=-1
mQualVolume=0.00941405
new_planned_energy=59.6368
