gpsEpsilon=1
gpsVolume=0
mQualEpsilon=0.00535567
mQualVolume=0.00066247
new_planned_energy=41.5789
