gpsEpsilon=-6.3429
gpsVolume=-0.066849
mQualEpsilon=0.0137099
mQualVolume=0.0366509
new_planned_energy=36.6263
