gpsEpsilon=14.5743
gpsVolume=0.723726
mQualEpsilon=0.0987727
mQualVolume=0.0301483
new_planned_energy=68.9216
