gpsEpsilon=3.40822e-316
gpsVolume=3.49157e-316
mQualEpsilon=0.0716177
mQualVolume=0.0135946
new_planned_energy=20.3845
