epsilon_quality=0.0862518
volume_quality=0.0308376
