epsilon_quality=0.0162343
volume_quality=0.0386521
