epsilon_quality=0.0370934
volume_quality=0.124811
