epsilon_quality=0.114496
volume_quality=0.0728253
