epsilon_quality=0.219675
volume_quality=0.304596
