epsilon_quality=0.0300843
volume_quality=0.000847663
