epsilon_quality=0.022837
volume_quality=0.000725376
