epsilon_quality=0.0281558
volume_quality=0.000910577
