epsilon_quality=0.317282
volume_quality=1.05588
