epsilon_quality=0.0667075
volume_quality=0.035485
