epsilon_quality=0.011937
volume_quality=0.0245542
