epsilon_quality=0.178345
volume_quality=0.548825
