epsilon_quality=0.0518308
volume_quality=0.342269
