epsilon_quality=0.325388
volume_quality=1.17994
