epsilon_quality=0.0129344
volume_quality=0.00460122
