epsilon_quality=0.0143952
volume_quality=0.00927513
