epsilon_quality=0.0778286
volume_quality=0.0116597
