epsilon_quality=0.113128
volume_quality=0.0225322
