epsilon_quality=0.0691801
volume_quality=0.0231709
