epsilon_quality=0.0494219
volume_quality=0.0134745
