epsilon_quality=0.0995585
volume_quality=0.34311
