epsilon_quality=0.00808067
volume_quality=0.0854629
