epsilon_quality=0.107325
volume_quality=0.086194
