epsilon_quality=0.035048
volume_quality=0.0347366
