epsilon_quality=0.0149285
volume_quality=0.00226868
