epsilon_quality=0.157115
volume_quality=0.301307
