epsilon_quality=0.107054
volume_quality=0.10052
