epsilon_quality=0.0869969
volume_quality=0.242175
