epsilon_quality=0.0832337
volume_quality=0.0818916
