epsilon_quality=0.115007
volume_quality=0.426352
