epsilon_quality=0.0450301
volume_quality=0.0470309
