epsilon_quality=0.028314
volume_quality=0.00403191
