epsilon_quality=0.0126225
volume_quality=0.0325182
