epsilon_quality=0.149873
volume_quality=0.495423
