epsilon_quality=0.16235
volume_quality=0.200004
