epsilon_quality=0.0651078
volume_quality=0.0881325
