gpsEpsilon=2.27409e-316
gpsVolume=-0.0375635
mQualEpsilon=0.015838
mQualVolume=0.0156211
new_planned_energy=95.9085
