gpsEpsilon=44.6522
gpsVolume=76.043
mQualEpsilon=0.0921151
mQualVolume=0.0649651
new_planned_energy=43.8478
