gpsEpsilon=1.05607e-315
gpsVolume=-0.238961
mQualEpsilon=0.022005
mQualVolume=0.00677543
new_planned_energy=73.0661
