gpsEpsilon=0.743984
gpsVolume=2.42092e-322
mQualEpsilon=-1
mQualVolume=0.000559338
new_planned_energy=97.9698
