gpsEpsilon=21.7261
gpsVolume=59.8802
mQualEpsilon=0.0288193
mQualVolume=0.00590686
new_planned_energy=85.0958
