gpsEpsilon=20.3563
gpsVolume=62.9321
mQualEpsilon=0.0112994
mQualVolume=0.00130028
new_planned_energy=48.8684
