gpsEpsilon=30.6487
gpsVolume=38.2636
mQualEpsilon=0.031909
mQualVolume=0.00756662
new_planned_energy=58.005
