epsilon_quality=0.0802728
volume_quality=0.108004
