epsilon_quality=0.139466
volume_quality=0.201899
