epsilon_quality=0.0425797
volume_quality=0.059894
