epsilon_quality=0.0268767
volume_quality=0.0355118
