epsilon_quality=0.204041
volume_quality=0.687837
