epsilon_quality=0.0278312
volume_quality=0.0848503
