epsilon_quality=0.135071
volume_quality=0.08085
