epsilon_quality=0.0261721
volume_quality=0.141986
