epsilon_quality=0.0983362
volume_quality=0.0817064
