epsilon_quality=0.225811
volume_quality=0.691738
