epsilon_quality=0.00378159
volume_quality=0.0411593
