epsilon_quality=0.00788504
volume_quality=0.00557374
