epsilon_quality=0.0378823
volume_quality=0.00724093
