epsilon_quality=0.0939287
volume_quality=0.0392886
