epsilon_quality=0.102047
volume_quality=0.310509
