epsilon_quality=0.0247668
volume_quality=0.00266938
