epsilon_quality=0.0220519
volume_quality=0.0576459
