epsilon_quality=0.0435996
volume_quality=0.00418587
