epsilon_quality=0.067501
volume_quality=0.0443404
