epsilon_quality=0.0679703
volume_quality=0.0270433
