epsilon_quality=0.157818
volume_quality=0.457359
