epsilon_quality=0.0472684
volume_quality=0.0291977
