epsilon_quality=0.0145108
volume_quality=0.0110238
