epsilon_quality=0.0721136
volume_quality=0.393744
