epsilon_quality=0.125936
volume_quality=0.623822
