epsilon_quality=0.252886
volume_quality=0.870002
