epsilon_quality=0.141598
volume_quality=0.0923888
