epsilon_quality=0.0203661
volume_quality=0.0796238
