epsilon_quality=0.125025
volume_quality=0.593977
