epsilon_quality=0.155991
volume_quality=0.258546
