epsilon_quality=0.189246
volume_quality=0.423747
