epsilon_quality=0.0717639
volume_quality=0.0143381
