epsilon_quality=0.0408512
volume_quality=0.011916
