epsilon_quality=0.0956278
volume_quality=0.17543
