epsilon_quality=0.0228439
volume_quality=0.0301582
