epsilon_quality=0.087662
volume_quality=0.315208
