epsilon_quality=0.0901473
volume_quality=0.0338634
