gpsEpsilon=158.905
gpsVolume=119.146
mQualEpsilon=0.0534204
mQualVolume=0.0434546
new_planned_energy=13.3567
