gpsEpsilon=156.286
gpsVolume=113.734
mQualEpsilon=0.00221006
mQualVolume=0.000174697
new_planned_energy=55.9576
