gpsEpsilon=163.44
gpsVolume=197.248
mQualEpsilon=0.0128362
mQualVolume=0.000930474
new_planned_energy=0
