gpsEpsilon=158.973
gpsVolume=139.745
mQualEpsilon=0.0383086
mQualVolume=0.0168459
new_planned_energy=23.3688
