gpsEpsilon=129.741
gpsVolume=161.927
mQualEpsilon=0.49021
mQualVolume=39.2046
new_planned_energy=-0.49021
