gpsEpsilon=139.656
gpsVolume=154.349
mQualEpsilon=1.30036
mQualVolume=47.2509
new_planned_energy=-1.30036
