gpsEpsilon=139.656
gpsVolume=154.349
mQualEpsilon=1.22858
mQualVolume=44.7647
new_planned_energy=-1.22858
