gpsEpsilon=139.656
gpsVolume=154.349
mQualEpsilon=0.710287
mQualVolume=42.937
new_planned_energy=-0.710287
