gpsEpsilon=106.83
gpsVolume=161.589
mQualEpsilon=0.0239301
mQualVolume=0.0212797
new_planned_energy=31.2978
