epsilon_quality=0.0439117
volume_quality=0.0331797
