epsilon_quality=0.0783203
volume_quality=0.191158
