epsilon_quality=0.233149
volume_quality=0.520918
