epsilon_quality=0.0755521
volume_quality=0.0269636
