epsilon_quality=0.0897446
volume_quality=0.115283
