epsilon_quality=0.122769
volume_quality=0.17977
