epsilon_quality=0.174401
volume_quality=0.618687
