epsilon_quality=0.138485
volume_quality=0.292372
