epsilon_quality=0.00935134
volume_quality=0.00108776
