epsilon_quality=0.0350608
volume_quality=0.0272484
