epsilon_quality=0.0586414
volume_quality=0.0443282
