epsilon_quality=0.0922286
volume_quality=0.0345993
