epsilon_quality=0.286918
volume_quality=0.973775
