epsilon_quality=0.359877
volume_quality=3.12227
