epsilon_quality=0.0187491
volume_quality=0.513341
