epsilon_quality=0.135111
volume_quality=0.535368
