epsilon_quality=0.248607
volume_quality=0.96132
