epsilon_quality=0.0445495
volume_quality=0.164265
