epsilon_quality=0.105495
volume_quality=0.449366
