epsilon_quality=0.0345144
volume_quality=0.0251569
