epsilon_quality=0.0272572
volume_quality=0.00106166
