epsilon_quality=0.155457
volume_quality=0.140643
