epsilon_quality=0.107364
volume_quality=0.254043
