epsilon_quality=0.0942332
volume_quality=0.0563995
