epsilon_quality=0.0425677
volume_quality=0.0202421
