epsilon_quality=0.0882633
volume_quality=0.111582
