epsilon_quality=0.10022
volume_quality=0.0676719
