epsilon_quality=0.0731775
volume_quality=0.0294051
