epsilon_quality=0.0768343
volume_quality=0.0661539
