epsilon_quality=0.111096
volume_quality=0.0593314
