epsilon_quality=0.0466346
volume_quality=0.0603332
