epsilon_quality=0.0145304
volume_quality=0.0169752
