gpsEpsilon=102.148
gpsVolume=182.492
mQualEpsilon=1.71352
mQualVolume=56.7234
new_planned_energy=-1.71352
