gpsEpsilon=102.148
gpsVolume=182.492
mQualEpsilon=1.69284
mQualVolume=57.3764
new_planned_energy=-1.69284
