gpsEpsilon=102.148
gpsVolume=182.492
mQualEpsilon=1.70248
mQualVolume=57.1415
new_planned_energy=-1.70248
