gpsEpsilon=102.148
gpsVolume=182.492
mQualEpsilon=1.74917
mQualVolume=57.8135
new_planned_energy=-1.74917
