gpsEpsilon=102.148
gpsVolume=182.492
mQualEpsilon=1.76621
mQualVolume=57.731
new_planned_energy=-1.76621
