gpsEpsilon=97.8566
gpsVolume=179.142
mQualEpsilon=0.0238748
mQualVolume=0.00961253
new_planned_energy=26.018
