gpsEpsilon=102.033
gpsVolume=188.903
mQualEpsilon=0.00140907
mQualVolume=3.07148e-05
new_planned_energy=30.4461
