gpsEpsilon=138.42
gpsVolume=208.251
mQualEpsilon=0.0447476
mQualVolume=0.00493919
new_planned_energy=37.2029
