gpsEpsilon=125.451
gpsVolume=191.245
mQualEpsilon=1.75611
mQualVolume=56.8992
new_planned_energy=-1.75611
