gpsEpsilon=97.3816
gpsVolume=178.857
mQualEpsilon=1.69461
mQualVolume=55.1745
new_planned_energy=-1.69461
