gpsEpsilon=97.3816
gpsVolume=178.857
mQualEpsilon=1.60613
mQualVolume=56.2226
new_planned_energy=-1.60613
