gpsEpsilon=97.3816
gpsVolume=178.857
mQualEpsilon=1.67765
mQualVolume=56.4359
new_planned_energy=-1.67765
