gpsEpsilon=122.538
gpsVolume=216.919
mQualEpsilon=1.85137
mQualVolume=49.7699
new_planned_energy=-1.85137
