gpsEpsilon=122.538
gpsVolume=216.919
mQualEpsilon=1.85027
mQualVolume=47.2825
new_planned_energy=-1.85027
