gpsEpsilon=94.4753
gpsVolume=211.012
mQualEpsilon=1.75517
mQualVolume=45.6021
new_planned_energy=-1.75517
