gpsEpsilon=94.4753
gpsVolume=211.012
mQualEpsilon=1.75016
mQualVolume=48.2567
new_planned_energy=-1.75016
