gpsEpsilon=94.4753
gpsVolume=211.012
mQualEpsilon=1.73638
mQualVolume=47.9441
new_planned_energy=-1.73638
