gpsEpsilon=94.4753
gpsVolume=211.012
mQualEpsilon=1.74991
mQualVolume=48.7473
new_planned_energy=-1.74991
