gpsEpsilon=94.4753
gpsVolume=211.012
mQualEpsilon=1.73619
mQualVolume=48.0089
new_planned_energy=-1.73619
