gpsEpsilon=94.4753
gpsVolume=211.012
mQualEpsilon=0.000863095
mQualVolume=0.00628386
new_planned_energy=19.3852
