gpsEpsilon=130.195
gpsVolume=190.537
mQualEpsilon=0.0617019
mQualVolume=0.00549774
new_planned_energy=17.6497
