epsilon_quality=0.0200693
volume_quality=0.0557831
