epsilon_quality=0.0478184
volume_quality=0.0724987
