epsilon_quality=0.0437062
volume_quality=0.0360953
