gpsEpsilon=76.2874
gpsVolume=100.115
mQualEpsilon=0.0238411
mQualVolume=0.00676578
new_planned_energy=33.2025
