gpsEpsilon=17.5352
gpsVolume=138.098
mQualEpsilon=0.0357418
mQualVolume=0.00924026
new_planned_energy=51.9202
