gpsEpsilon=20.9724
gpsVolume=138.215
mQualEpsilon=0.024731
mQualVolume=0.0101501
new_planned_energy=86.1107
