gpsEpsilon=43.197
gpsVolume=120.417
mQualEpsilon=0.0407534
mQualVolume=0.0052567
new_planned_energy=58.9845
