gpsEpsilon=56.5379
gpsVolume=122.31
mQualEpsilon=0.00228206
mQualVolume=0.00258473
new_planned_energy=33.5062
