gpsEpsilon=64.2282
gpsVolume=88.9584
mQualEpsilon=4.64247e-05
mQualVolume=0.00321442
new_planned_energy=59.2655
