epsilon_quality=0.0312632
volume_quality=0.029163
