epsilon_quality=0.0537086
volume_quality=0.00776647
