epsilon_quality=0.023404
volume_quality=0.00619385
