epsilon_quality=0.0155797
volume_quality=0.0384862
