epsilon_quality=0.0962616
volume_quality=0.0935728
