epsilon_quality=0.0841225
volume_quality=0.0638267
