epsilon_quality=0.0578258
volume_quality=0.653527
