epsilon_quality=0.130395
volume_quality=0.432512
