epsilon_quality=0.0849977
volume_quality=0.0711407
