epsilon_quality=0.0649378
volume_quality=0.309871
