epsilon_quality=0.00493534
volume_quality=0.00285623
