epsilon_quality=0.0419712
volume_quality=0.101864
