epsilon_quality=0.122214
volume_quality=0.112678
