epsilon_quality=0.183734
volume_quality=0.361255
