epsilon_quality=0.103284
volume_quality=0.131398
