epsilon_quality=0.0385236
volume_quality=0.0135366
