epsilon_quality=0.012461
volume_quality=0.000986765
