epsilon_quality=0.0905691
volume_quality=0.0999261
