epsilon_quality=0.12389
volume_quality=0.123267
