epsilon_quality=0.100836
volume_quality=0.0961424
