epsilon_quality=0.0480698
volume_quality=0.0723545
