epsilon_quality=0.0110098
volume_quality=0.111591
