epsilon_quality=0.0262543
volume_quality=0.0352089
