epsilon_quality=0.0721215
volume_quality=0.157221
