epsilon_quality=0.0425995
volume_quality=0.0392532
