epsilon_quality=0.117474
volume_quality=0.0797286
