epsilon_quality=0.0367681
volume_quality=0.0323186
