epsilon_quality=0.0592248
volume_quality=0.019797
