epsilon_quality=0.0451233
volume_quality=0.116858
