epsilon_quality=0.125884
volume_quality=0.0667977
