epsilon_quality=0.0269238
volume_quality=0.0131952
