epsilon_quality=0.0955301
volume_quality=0.0407654
