epsilon_quality=0.0208906
volume_quality=0.0767337
