epsilon_quality=0.0588707
volume_quality=0.0265954
