epsilon_quality=0.00680552
volume_quality=0.00173653
