epsilon_quality=0.0912645
volume_quality=0.0858665
