epsilon_quality=0.259115
volume_quality=0.748411
