epsilon_quality=0.121001
volume_quality=0.0684183
