epsilon_quality=0.0567801
volume_quality=0.0290273
