epsilon_quality=0.123963
volume_quality=0.191844
