epsilon_quality=0.0665997
volume_quality=0.0312846
