epsilon_quality=0.104474
volume_quality=0.191458
