epsilon_quality=0.107528
volume_quality=0.253664
