epsilon_quality=1.17094e-17
volume_quality=0.108237
