epsilon_quality=0.0107837
volume_quality=0.070451
