epsilon_quality=0.233365
volume_quality=0.440077
