epsilon_quality=0.24305
volume_quality=0.769726
