epsilon_quality=0.315639
volume_quality=1.21252
