epsilon_quality=0.38743
volume_quality=2.95849
