epsilon_quality=0.175656
volume_quality=2.92106
