epsilon_quality=0.0752484
volume_quality=0.174629
