epsilon_quality=0.0599726
volume_quality=0.0076319
