epsilon_quality=0.00652429
volume_quality=0.00287803
