epsilon_quality=0.0469232
volume_quality=0.00483183
