epsilon_quality=0.029555
volume_quality=0.0130628
