epsilon_quality=0.132999
volume_quality=0.21034
