epsilon_quality=0.198726
volume_quality=1.01315
