epsilon_quality=0.0651606
volume_quality=0.651499
