epsilon_quality=0.0601563
volume_quality=0.104013
