epsilon_quality=0.0177386
volume_quality=0.0278381
