epsilon_quality=0.0358549
volume_quality=0.0123177
