epsilon_quality=0.00899844
volume_quality=0.203155
