epsilon_quality=0.081671
volume_quality=0.0378181
