epsilon_quality=0.0721297
volume_quality=0.0302841
