epsilon_quality=0.0229382
volume_quality=0.0434196
