epsilon_quality=0.181836
volume_quality=1.37226
