epsilon_quality=0.121088
volume_quality=0.0442282
