epsilon_quality=0.0537917
volume_quality=0.168477
