epsilon_quality=0.0904838
volume_quality=0.0326973
