epsilon_quality=0.0233701
volume_quality=0.0539595
