epsilon_quality=0.258072
volume_quality=1.14016
