gpsEpsilon=10.5601
gpsVolume=66.9366
mQualEpsilon=0.0294471
mQualVolume=0.00321142
new_planned_energy=29.122
