gpsEpsilon=10.5601
gpsVolume=67.1462
mQualEpsilon=0.0203138
mQualVolume=0.000746251
new_planned_energy=85.1505
