gpsEpsilon=9.27476
gpsVolume=68.7926
mQualEpsilon=-1
mQualVolume=0.0229661
new_planned_energy=86.9596
