gpsEpsilon=10.924
gpsVolume=69.3654
mQualEpsilon=0.00594108
mQualVolume=0.000177708
new_planned_energy=51.3484
