gpsEpsilon=9.96196
gpsVolume=69.0314
mQualEpsilon=0.00594108
mQualVolume=0.000177708
new_planned_energy=49.8077
