gpsEpsilon=18.6943
gpsVolume=143.9
mQualEpsilon=0.0140968
mQualVolume=0.000193639
new_planned_energy=57.9016
