gpsEpsilon=23.0188
gpsVolume=85.9356
mQualEpsilon=0.0250289
mQualVolume=0.00118187
new_planned_energy=59.5889
