gpsEpsilon=10.9536
gpsVolume=67.2856
mQualEpsilon=0.00408141
mQualVolume=0.00540672
new_planned_energy=33.0205
