gpsEpsilon=12.3829
gpsVolume=65.6714
mQualEpsilon=0.0139624
mQualVolume=0.00200732
new_planned_energy=59.3557
