gpsEpsilon=11.5368
gpsVolume=65.0436
mQualEpsilon=0.0247624
mQualVolume=0.00268522
new_planned_energy=60.7366
