epsilon_quality=0.0931666
volume_quality=0.0534729
