epsilon_quality=0.0585396
volume_quality=0.0692866
