epsilon_quality=0.10361
volume_quality=0.199809
