epsilon_quality=0.00921693
volume_quality=0.0273123
