epsilon_quality=0.00736921
volume_quality=0.0793558
