epsilon_quality=0.103621
volume_quality=0.518412
