epsilon_quality=0.0490335
volume_quality=0.0803779
