epsilon_quality=0.142695
volume_quality=0.316089
