epsilon_quality=0.189665
volume_quality=0.687527
