epsilon_quality=0.0556392
volume_quality=0.0183159
