epsilon_quality=0.142128
volume_quality=0.255238
