epsilon_quality=0.111181
volume_quality=0.164822
