epsilon_quality=0.158805
volume_quality=0.32195
