epsilon_quality=0.150461
volume_quality=1.02091
