epsilon_quality=0.322849
volume_quality=1.58012
