epsilon_quality=0.157354
volume_quality=0.570336
