epsilon_quality=0.272398
volume_quality=1.40507
