epsilon_quality=0.0164808
volume_quality=0.0596411
