epsilon_quality=0.0530913
volume_quality=0.00655667
