epsilon_quality=0.0344083
volume_quality=0.00198838
