epsilon_quality=0.119157
volume_quality=0.221477
