epsilon_quality=0.0692419
volume_quality=0.133657
