epsilon_quality=0.0862529
volume_quality=0.201108
