epsilon_quality=0.0648965
volume_quality=0.215567
