epsilon_quality=0.185387
volume_quality=0.522209
