epsilon_quality=0.0842829
volume_quality=0.132944
