epsilon_quality=0.278016
volume_quality=0.727736
