epsilon_quality=0.350389
volume_quality=1.66444
