epsilon_quality=0.0945321
volume_quality=0.132633
