epsilon_quality=0.0226049
volume_quality=0.105989
