epsilon_quality=0.0087101
volume_quality=0.0142246
