epsilon_quality=0.0530423
volume_quality=0.138803
