epsilon_quality=0.0450212
volume_quality=0.00939813
