epsilon_quality=0.0110677
volume_quality=0.00105143
