epsilon_quality=0.0257253
volume_quality=0.0273681
