epsilon_quality=0.0788194
volume_quality=0.0583585
