epsilon_quality=0.0100176
volume_quality=0.0748388
