epsilon_quality=0.0850356
volume_quality=0.0890679
