epsilon_quality=0.0913876
volume_quality=0.149747
