epsilon_quality=0.0398723
volume_quality=0.043484
