epsilon_quality=0.139759
volume_quality=0.259604
