epsilon_quality=0.0864681
volume_quality=0.0807012
