epsilon_quality=0.160432
volume_quality=0.222742
