epsilon_quality=0.00150992
volume_quality=0.164563
