epsilon_quality=0.073045
volume_quality=0.0475888
