epsilon_quality=0.165764
volume_quality=0.193774
