epsilon_quality=0.0454508
volume_quality=0.0568834
