epsilon_quality=0.0103605
volume_quality=0.109813
