epsilon_quality=0.0401727
volume_quality=0.0491776
