epsilon_quality=0.0641495
volume_quality=0.034333
