epsilon_quality=0.167304
volume_quality=0.321742
