epsilon_quality=0.10379
volume_quality=0.294987
