epsilon_quality=0.0136542
volume_quality=0.031714
