epsilon_quality=0.0331783
volume_quality=0.00913335
