epsilon_quality=0.0475096
volume_quality=0.0319769
