epsilon_quality=0.0724957
volume_quality=0.0717174
