epsilon_quality=0.116351
volume_quality=0.0948131
