epsilon_quality=0.0527722
volume_quality=0.0604243
