epsilon_quality=0.0363625
volume_quality=0.0842037
