epsilon_quality=0.181715
volume_quality=0.800386
