epsilon_quality=0.0831436
volume_quality=0.183517
