epsilon_quality=0.0845109
volume_quality=0.173361
