epsilon_quality=0.0370137
volume_quality=0.122193
