epsilon_quality=0.0840008
volume_quality=0.0906244
