epsilon_quality=0.0393781
volume_quality=0.108466
