epsilon_quality=0.022214
volume_quality=0.0713308
