epsilon_quality=0.0281069
volume_quality=0.00935863
