epsilon_quality=0.026672
volume_quality=0.00345649
