epsilon_quality=0.0343087
volume_quality=0.0338682
