epsilon_quality=0.00546043
volume_quality=0.00974192
