epsilon_quality=0.0591037
volume_quality=0.0259806
