epsilon_quality=0.0989644
volume_quality=0.0692651
