epsilon_quality=0.00590098
volume_quality=0.000913295
