epsilon_quality=0.0494176
volume_quality=0.0352286
