epsilon_quality=0.0134327
volume_quality=0.0305653
