epsilon_quality=0.104064
volume_quality=0.203351
