epsilon_quality=0.04754
volume_quality=0.0257881
