epsilon_quality=0.0441776
volume_quality=0.0187532
