epsilon_quality=0.0908198
volume_quality=0.0378312
