epsilon_quality=0.0434052
volume_quality=0.0377695
