epsilon_quality=0.0418129
volume_quality=0.00264277
