epsilon_quality=0.166394
volume_quality=0.260382
