epsilon_quality=0.0589721
volume_quality=0.165022
