epsilon_quality=0.0427183
volume_quality=0.0408566
