epsilon_quality=0.00406646
volume_quality=0.0165791
