epsilon_quality=0.139154
volume_quality=0.0947351
