epsilon_quality=0.0241269
volume_quality=0.0177452
