epsilon_quality=0.105628
volume_quality=0.103041
