epsilon_quality=0.0669848
volume_quality=0.0516988
