epsilon_quality=0.0892897
volume_quality=0.026419
