epsilon_quality=0.0769956
volume_quality=0.0144106
