epsilon_quality=0.0336096
volume_quality=0.0342099
