epsilon_quality=0.0833514
volume_quality=0.0312739
