epsilon_quality=0.0723575
volume_quality=0.0188717
