epsilon_quality=0.0661322
volume_quality=0.0335721
