epsilon_quality=0.19191
volume_quality=0.947497
