epsilon_quality=0.026005
volume_quality=0.00560778
