epsilon_quality=0.0395088
volume_quality=0.236917
