epsilon_quality=0.136523
volume_quality=0.552206
