epsilon_quality=0.0767678
volume_quality=0.0890362
