epsilon_quality=0.0117413
volume_quality=0.0196229
