epsilon_quality=0.198752
volume_quality=0.420424
