epsilon_quality=0.11273
volume_quality=0.639219
