epsilon_quality=0.020591
volume_quality=0.0298821
