gpsEpsilon=1.26467e-315
gpsVolume=0
mQualEpsilon=-1
mQualVolume=0.00548265
new_planned_energy=47.4246
