gpsEpsilon=3.10836e-316
gpsVolume=3.10836e-316
mQualEpsilon=-1
mQualVolume=0.00142609
new_planned_energy=45.9523
