gpsEpsilon=1.36791e-315
gpsVolume=1.36791e-315
mQualEpsilon=-1
mQualVolume=0.001485
new_planned_energy=58.0267
