gpsEpsilon=1.15815e-315
gpsVolume=1.27327e-315
mQualEpsilon=-1
mQualVolume=0.00270048
new_planned_energy=26.279
