gpsEpsilon=1.15815e-315
gpsVolume=1.27327e-315
mQualEpsilon=1.06516
mQualVolume=30.1566
new_planned_energy=39.9137
