gpsEpsilon=1.15815e-315
gpsVolume=1.27327e-315
mQualEpsilon=1.01317
mQualVolume=28.4312
new_planned_energy=-1.01317
