gpsEpsilon=10.7308
gpsVolume=-11.51
mQualEpsilon=0.0298834
mQualVolume=0.00345083
new_planned_energy=79.7312
