epsilon_quality=0.0531909
volume_quality=0.0237955
