epsilon_quality=0.0862754
volume_quality=0.0500622
