epsilon_quality=0.0833107
volume_quality=0.0381824
