epsilon_quality=0.0709992
volume_quality=0.0227941
