epsilon_quality=0.199569
volume_quality=0.429423
