epsilon_quality=0.116053
volume_quality=0.140766
