epsilon_quality=0.0589114
volume_quality=0.0249178
