epsilon_quality=0.0860239
volume_quality=0.136247
