epsilon_quality=0.0275845
volume_quality=0.17749
