epsilon_quality=0.110577
volume_quality=0.31128
