epsilon_quality=0.181882
volume_quality=1.81285
