epsilon_quality=0.0441216
volume_quality=0.39494
