epsilon_quality=0.160032
volume_quality=0.171193
