epsilon_quality=0.124232
volume_quality=0.277197
