epsilon_quality=0.0719308
volume_quality=0.0493674
