epsilon_quality=0.148495
volume_quality=0.256463
