epsilon_quality=0.0416383
volume_quality=0.0184606
