epsilon_quality=0.0176514
volume_quality=0.025518
