epsilon_quality=0.0909899
volume_quality=0.11325
