epsilon_quality=0.0287835
volume_quality=0.0491284
