epsilon_quality=0.020824
volume_quality=0.015573
