epsilon_quality=0.0946763
volume_quality=0.0943441
