epsilon_quality=0.0984547
volume_quality=0.0773062
