epsilon_quality=0.0971849
volume_quality=0.157234
