epsilon_quality=0.0914117
volume_quality=0.179384
