epsilon_quality=0.00147568
volume_quality=0.000575678
