epsilon_quality=0.0221708
volume_quality=0.00139955
