epsilon_quality=0.0133141
volume_quality=0.00686531
