epsilon_quality=0.0740293
volume_quality=0.0614047
