epsilon_quality=0.0105384
volume_quality=0.0357158
