epsilon_quality=0.171081
volume_quality=0.239777
