epsilon_quality=0.0368102
volume_quality=0.0310333
