epsilon_quality=0.156583
volume_quality=0.423768
