epsilon_quality=0.100283
volume_quality=0.239742
