epsilon_quality=0.118876
volume_quality=0.255781
