epsilon_quality=0.100979
volume_quality=0.0898432
