epsilon_quality=0.0403599
volume_quality=0.235601
