epsilon_quality=0.103886
volume_quality=0.14671
