epsilon_quality=0.150444
volume_quality=0.334543
