epsilon_quality=0.0722777
volume_quality=0.205735
