epsilon_quality=0.044025
volume_quality=0.0723088
