epsilon_quality=0.119858
volume_quality=0.183329
