epsilon_quality=0.00756876
volume_quality=0.0511791
