epsilon_quality=0.181155
volume_quality=0.231326
