epsilon_quality=0.0330762
volume_quality=0.00944078
