epsilon_quality=0.249755
volume_quality=0.411087
