epsilon_quality=0.0585134
volume_quality=0.0676096
