epsilon_quality=0.0621698
volume_quality=0.0370034
