epsilon_quality=0.106543
volume_quality=0.0551638
