epsilon_quality=0.00138193
volume_quality=0.0320215
