epsilon_quality=0.158067
volume_quality=0.30779
