epsilon_quality=0.0630028
volume_quality=0.0428041
