epsilon_quality=0.120811
volume_quality=0.20905
