epsilon_quality=0.0497977
volume_quality=0.300461
