epsilon_quality=0.0221276
volume_quality=0.0623622
