epsilon_quality=0.0335174
volume_quality=0.0267509
