epsilon_quality=0.226954
volume_quality=0.816433
