epsilon_quality=0.0448645
volume_quality=0.0242247
