epsilon_quality=0.0823636
volume_quality=0.0701214
