epsilon_quality=0.113782
volume_quality=0.0966843
