epsilon_quality=0.00629873
volume_quality=0.0336279
