epsilon_quality=0.0899725
volume_quality=0.385295
