epsilon_quality=0.0629296
volume_quality=0.100413
