epsilon_quality=0.0444174
volume_quality=0.0564733
