epsilon_quality=0.127565
volume_quality=0.111577
