epsilon_quality=0.00941706
volume_quality=0.166747
