epsilon_quality=0.091238
volume_quality=0.124017
