epsilon_quality=0.139068
volume_quality=0.340025
