epsilon_quality=0.0257617
volume_quality=0.202477
