epsilon_quality=0.214489
volume_quality=0.86327
