epsilon_quality=0.0899903
volume_quality=0.229714
