epsilon_quality=0.0713955
volume_quality=0.0951025
