epsilon_quality=0.188166
volume_quality=0.499979
