epsilon_quality=0.0542798
volume_quality=0.0208302
