epsilon_quality=0.245829
volume_quality=0.48973
