epsilon_quality=0.120976
volume_quality=0.378305
