epsilon_quality=0.0427123
volume_quality=0.0598951
