epsilon_quality=0.146442
volume_quality=0.653165
