epsilon_quality=0.0973778
volume_quality=0.0324087
