epsilon_quality=0.143868
volume_quality=0.185806
