epsilon_quality=0.0596593
volume_quality=0.057346
