epsilon_quality=0.0490858
volume_quality=0.0517859
