epsilon_quality=0.164164
volume_quality=0.27249
