epsilon_quality=0.121508
volume_quality=0.0784105
