epsilon_quality=0.164233
volume_quality=0.348587
