epsilon_quality=0.0542276
volume_quality=0.170029
