epsilon_quality=0.0175989
volume_quality=0.00143456
