epsilon_quality=0.00376626
volume_quality=0.00140334
