epsilon_quality=0.0417688
volume_quality=0.0391069
