epsilon_quality=0.0177432
volume_quality=0.0122414
