epsilon_quality=0.128024
volume_quality=0.369398
