epsilon_quality=0.103773
volume_quality=0.123158
