epsilon_quality=0.0970645
volume_quality=0.113308
