epsilon_quality=0.138138
volume_quality=0.211182
