epsilon_quality=0.000371011
volume_quality=0.0357773
