epsilon_quality=0.0592225
volume_quality=0.0292448
