epsilon_quality=0.0693876
volume_quality=0.0532923
