epsilon_quality=0.14451
volume_quality=0.232632
