epsilon_quality=0.145304
volume_quality=0.278984
