epsilon_quality=0.0427815
volume_quality=0.097402
