epsilon_quality=0.124282
volume_quality=0.168184
