epsilon_quality=0.109267
volume_quality=0.0465019
