epsilon_quality=0.122038
volume_quality=0.078291
