epsilon_quality=0.149321
volume_quality=0.186815
