epsilon_quality=0.0507271
volume_quality=0.158401
