epsilon_quality=0.0109273
volume_quality=0.043859
