epsilon_quality=0.127247
volume_quality=0.0798502
