epsilon_quality=0.129247
volume_quality=0.336674
