epsilon_quality=0.0562936
volume_quality=0.0802319
