epsilon_quality=0.0406377
volume_quality=0.0148808
