epsilon_quality=0.0721065
volume_quality=0.0163496
