epsilon_quality=0.0471485
volume_quality=0.0188932
