epsilon_quality=0.062009
volume_quality=0.0207358
