epsilon_quality=0.00536357
volume_quality=0.111746
