epsilon_quality=0.0138366
volume_quality=0.00533858
