epsilon_quality=0.0262831
volume_quality=0.00992229
