epsilon_quality=0.0926043
volume_quality=0.186597
