epsilon_quality=0.0804706
volume_quality=0.179219
