epsilon_quality=0.122265
volume_quality=0.065564
