epsilon_quality=0.0532058
volume_quality=0.107326
