epsilon_quality=0.0450303
volume_quality=0.0380855
