epsilon_quality=0.0569598
volume_quality=0.0915066
