epsilon_quality=0.209781
volume_quality=0.591401
