epsilon_quality=0.143355
volume_quality=0.386804
