epsilon_quality=0.115267
volume_quality=0.111267
