epsilon_quality=0.100737
volume_quality=0.204621
