epsilon_quality=0.349691
volume_quality=6.30442
