gpsEpsilon=8.32645e-316
gpsVolume=0
mQualEpsilon=-1
mQualVolume=0.00114532
new_planned_energy=55.9875
