gpsEpsilon=1.11611e-315
gpsVolume=0
mQualEpsilon=-1
mQualVolume=0.0153149
new_planned_energy=45.5707
