gpsEpsilon=200.507
gpsVolume=96.2701
mQualEpsilon=0.00951985
mQualVolume=0.000549599
new_planned_energy=98.6733
