gpsEpsilon=178.857
gpsVolume=13.9406
mQualEpsilon=0.00640971
mQualVolume=0.0420807
new_planned_energy=63.869
