gpsEpsilon=139.92
gpsVolume=57.3339
mQualEpsilon=0.0697566
mQualVolume=0.0171965
new_planned_energy=67.7447
