gpsEpsilon=14.9714
gpsVolume=2.42092e-322
mQualEpsilon=0.0113112
mQualVolume=0.00511628
new_planned_energy=39.0458
