gpsEpsilon=9.31706e-316
gpsVolume=0
mQualEpsilon=1.53847
mQualVolume=52.2568
new_planned_energy=-1.53847
