gpsEpsilon=9.31706e-316
gpsVolume=0
mQualEpsilon=1.60946
mQualVolume=55.1227
new_planned_energy=-1.60946
