gpsEpsilon=9.31706e-316
gpsVolume=0
mQualEpsilon=0.070807
mQualVolume=0.00770167
new_planned_energy=17.0603
