gpsEpsilon=9.07525e-316
gpsVolume=0
mQualEpsilon=0.0477396
mQualVolume=0.00597474
new_planned_energy=16.4282
