gpsEpsilon=1.11985e-315
gpsVolume=0
mQualEpsilon=-1
mQualVolume=0.00446979
new_planned_energy=87.3487
