gpsEpsilon=21.0302
gpsVolume=2.42092e-322
mQualEpsilon=1.81485
mQualVolume=49.1717
new_planned_energy=-1.81485
