gpsEpsilon=21.0302
gpsVolume=2.42092e-322
mQualEpsilon=1.82894
mQualVolume=48.4007
new_planned_energy=-1.82894
