gpsEpsilon=21.0302
gpsVolume=2.42092e-322
mQualEpsilon=1.79247
mQualVolume=46.7101
new_planned_energy=12.9841
