gpsEpsilon=1.00949e-315
gpsVolume=0
mQualEpsilon=0.0633907
mQualVolume=0.00914429
new_planned_energy=62.7428
