gpsEpsilon=1.27699e-315
gpsVolume=0
mQualEpsilon=0.0290392
mQualVolume=0.0137019
new_planned_energy=45.7032
