epsilon_quality=0.242745
volume_quality=0.403292
