epsilon_quality=0.131313
volume_quality=0.414829
