epsilon_quality=0.0380742
volume_quality=0.206532
