epsilon_quality=0.180817
volume_quality=0.913228
