epsilon_quality=0.0811807
volume_quality=0.176143
