epsilon_quality=0.133399
volume_quality=0.0876622
