epsilon_quality=0.0181846
volume_quality=0.013374
