epsilon_quality=0.223356
volume_quality=0.820544
