epsilon_quality=0.0753663
volume_quality=0.231576
