epsilon_quality=0.165232
volume_quality=0.699521
