epsilon_quality=0.0614109
volume_quality=0.0212016
