epsilon_quality=0.0371362
volume_quality=0.0311052
