epsilon_quality=0.0100528
volume_quality=0.339419
