epsilon_quality=0.0860379
volume_quality=0.0569317
