epsilon_quality=0.0852077
volume_quality=0.0631394
