epsilon_quality=0.0450426
volume_quality=0.0239281
