epsilon_quality=0.0114485
volume_quality=0.0102134
