epsilon_quality=0.0815909
volume_quality=0.0509778
