epsilon_quality=0.159805
volume_quality=0.318884
