epsilon_quality=0.151222
volume_quality=0.193389
