epsilon_quality=0.0864484
volume_quality=0.337254
