epsilon_quality=0.0492501
volume_quality=0.279946
