epsilon_quality=0.22158
volume_quality=0.476228
