epsilon_quality=0.127236
volume_quality=0.25992
