epsilon_quality=0.0875079
volume_quality=0.100518
