epsilon_quality=0.132268
volume_quality=0.171624
