epsilon_quality=0.105998
volume_quality=0.380815
