epsilon_quality=0.198075
volume_quality=0.833366
