epsilon_quality=0.10003
volume_quality=0.14222
