epsilon_quality=0.0154884
volume_quality=0.0165723
