epsilon_quality=0.0574577
volume_quality=0.0294833
