epsilon_quality=0.023721
volume_quality=0.151484
