epsilon_quality=0.253233
volume_quality=0.856232
