epsilon_quality=0.083376
volume_quality=0.0802462
