epsilon_quality=0.0384481
volume_quality=0.0091281
