epsilon_quality=0.0955556
volume_quality=0.104239
