epsilon_quality=0.0607892
volume_quality=0.071125
