epsilon_quality=0.0146363
volume_quality=0.0142701
