epsilon_quality=0.0513537
volume_quality=0.0330845
