epsilon_quality=0.032787
volume_quality=0.0479301
