epsilon_quality=0.0413857
volume_quality=0.030992
