epsilon_quality=0.196923
volume_quality=0.314516
