epsilon_quality=0.0420142
volume_quality=0.077044
