epsilon_quality=0.133341
volume_quality=0.153199
