epsilon_quality=0.10023
volume_quality=0.152395
