epsilon_quality=0.258574
volume_quality=0.830908
