epsilon_quality=0.178829
volume_quality=0.596503
