epsilon_quality=0.0970384
volume_quality=0.10415
