epsilon_quality=0.114592
volume_quality=0.319239
