epsilon_quality=0.0508457
volume_quality=0.068608
