epsilon_quality=0.104658
volume_quality=0.0921126
