gpsEpsilon=0.820732
gpsVolume=0.173924
mQualEpsilon=0.0118229
mQualVolume=0.00563827
new_planned_energy=29.9916
