gpsEpsilon=0.151793
gpsVolume=2.42284
mQualEpsilon=-1
mQualVolume=0.00256078
new_planned_energy=41.3478
