gpsEpsilon=44.0649
gpsVolume=188.006
mQualEpsilon=0.056133
mQualVolume=0.00904112
new_planned_energy=79.6492
