gpsEpsilon=37.8696
gpsVolume=84.3625
mQualEpsilon=0.00368159
mQualVolume=0.00129912
new_planned_energy=71.1847
