gpsEpsilon=0.673419
gpsVolume=2.42092e-322
mQualEpsilon=0.00342888
mQualVolume=0.00109675
new_planned_energy=67.8791
