gpsEpsilon=0.820732
gpsVolume=0.173924
mQualEpsilon=0.0885624
mQualVolume=0.0223797
new_planned_energy=54.2697
