gpsEpsilon=0.660252
gpsVolume=2.42092e-322
mQualEpsilon=-1
mQualVolume=0.00610296
new_planned_energy=55.7844
