gpsEpsilon=0
gpsVolume=0
mQualEpsilon=0.0517813
mQualVolume=0.00651166
new_planned_energy=30.8752
