gpsEpsilon=157.693
gpsVolume=12.3286
mQualEpsilon=0.0230869
mQualVolume=0.00443899
new_planned_energy=52.3581
