gpsEpsilon=0.690788
gpsVolume=-0.318763
mQualEpsilon=0.00679492
mQualVolume=0.000554389
new_planned_energy=43.8067
