epsilon_quality=0.14925
volume_quality=0.298578
