epsilon_quality=0.0710448
volume_quality=0.608568
