epsilon_quality=0.0721262
volume_quality=0.0514179
