epsilon_quality=0.052524
volume_quality=0.110434
