epsilon_quality=0.0236496
volume_quality=0.0206005
