epsilon_quality=0.0538665
volume_quality=0.0571728
