epsilon_quality=0.0155172
volume_quality=0.0598901
