epsilon_quality=0.168151
volume_quality=0.873659
