epsilon_quality=0.126248
volume_quality=0.286157
