gpsEpsilon=102.382
gpsVolume=24.4668
mQualEpsilon=1.84388
mQualVolume=50.5514
new_planned_energy=-1.84388
