gpsEpsilon=240.792
gpsVolume=36.6715
mQualEpsilon=0.0633956
mQualVolume=0.00285982
new_planned_energy=48.9237
