gpsEpsilon=234.444
gpsVolume=55.596
mQualEpsilon=0.0376131
mQualVolume=0.00247938
new_planned_energy=45.4996
