gpsEpsilon=124.343
gpsVolume=79.2851
mQualEpsilon=0.0410506
mQualVolume=0.00734647
new_planned_energy=33.5548
