gpsEpsilon=171.312
gpsVolume=66.2661
mQualEpsilon=0.103544
mQualVolume=0.0421155
new_planned_energy=39.9268
