gpsEpsilon=102.37
gpsVolume=14.4401
mQualEpsilon=0.0254452
mQualVolume=0.00769738
new_planned_energy=42.2273
