gpsEpsilon=235.109
gpsVolume=20.2556
mQualEpsilon=0.0388132
mQualVolume=0.00727461
new_planned_energy=42.752
