gpsEpsilon=141.292
gpsVolume=94.0732
mQualEpsilon=1.92114
mQualVolume=58.0747
new_planned_energy=-1.92114
