gpsEpsilon=102.37
gpsVolume=34.2679
mQualEpsilon=1.88784
mQualVolume=57.8364
new_planned_energy=-1.88784
