epsilon_quality=0.031178
volume_quality=0.0221282
