epsilon_quality=0.0473382
volume_quality=0.144729
