epsilon_quality=0.0931365
volume_quality=0.027754
