epsilon_quality=0.0506612
volume_quality=0.0630485
