epsilon_quality=0.119941
volume_quality=0.090888
