epsilon_quality=0.0266965
volume_quality=0.384085
