epsilon_quality=0.0494148
volume_quality=0.0440441
