epsilon_quality=0.0562943
volume_quality=0.0243133
