epsilon_quality=0.144096
volume_quality=0.210423
