epsilon_quality=0.0834307
volume_quality=0.240644
