epsilon_quality=0.0433986
volume_quality=0.131856
