epsilon_quality=0.0162151
volume_quality=0.0670655
