epsilon_quality=0.217828
volume_quality=0.503464
