epsilon_quality=0.157935
volume_quality=0.324711
