epsilon_quality=0.0854016
volume_quality=0.776213
