epsilon_quality=0.0411542
volume_quality=0.0305079
