epsilon_quality=0.00525139
volume_quality=0.00411339
