epsilon_quality=0.00677843
volume_quality=0.026037
