epsilon_quality=0.0103163
volume_quality=0.0113231
