epsilon_quality=0.0893298
volume_quality=0.0600586
