epsilon_quality=0.0219681
volume_quality=0.078196
