epsilon_quality=0.0364178
volume_quality=0.0221293
