epsilon_quality=0.132084
volume_quality=0.243745
