epsilon_quality=0.0781641
volume_quality=0.217505
