epsilon_quality=0.0955083
volume_quality=0.177496
