epsilon_quality=0.065829
volume_quality=0.0900386
