epsilon_quality=0.127065
volume_quality=0.340288
