epsilon_quality=0.165806
volume_quality=0.334927
