epsilon_quality=0.0369476
volume_quality=0.0969775
