epsilon_quality=0.0259816
volume_quality=0.108402
