epsilon_quality=0.156859
volume_quality=0.28713
