epsilon_quality=0.0980828
volume_quality=0.267792
