epsilon_quality=0.0746601
volume_quality=0.0568248
