epsilon_quality=0.0278087
volume_quality=0.00715166
