epsilon_quality=0.0627555
volume_quality=0.226753
