epsilon_quality=0.00127581
volume_quality=0.00636677
