epsilon_quality=0.289582
volume_quality=1.06514
