epsilon_quality=0.031456
volume_quality=0.0650135
