epsilon_quality=0.184675
volume_quality=0.560336
