epsilon_quality=0.158417
volume_quality=0.574772
