epsilon_quality=0.122356
volume_quality=1.75983
