epsilon_quality=0.0921311
volume_quality=0.0477724
