epsilon_quality=0.0271558
volume_quality=0.0290393
