epsilon_quality=0.0399997
volume_quality=0.0509953
