epsilon_quality=0.275262
volume_quality=1.71256
