epsilon_quality=0.0628179
volume_quality=0.0776795
