epsilon_quality=0.215368
volume_quality=0.612375
