gpsEpsilon=97.6353
gpsVolume=90.7369
mQualEpsilon=0.0211171
mQualVolume=0.00569307
new_planned_energy=27.0016
