gpsEpsilon=190.692
gpsVolume=93.8728
mQualEpsilon=0.0127084
mQualVolume=0.000456423
new_planned_energy=42.179
