gpsEpsilon=153.713
gpsVolume=93.8728
mQualEpsilon=1.29688
mQualVolume=42.6812
new_planned_energy=-1.29688
