gpsEpsilon=153.713
gpsVolume=93.8728
mQualEpsilon=1.39349
mQualVolume=44.1271
new_planned_energy=-1.39349
