gpsEpsilon=42.4589
gpsVolume=99.6127
mQualEpsilon=0.0115896
mQualVolume=0.00794494
new_planned_energy=22.8506
