gpsEpsilon=97.6353
gpsVolume=94.7979
mQualEpsilon=0.000793031
mQualVolume=0.00171497
new_planned_energy=49.8055
