gpsEpsilon=123.542
gpsVolume=110.759
mQualEpsilon=0.0427111
mQualVolume=0.00323829
new_planned_energy=36.9226
