gpsEpsilon=143.656
gpsVolume=76.5426
mQualEpsilon=0.0429662
mQualVolume=0.00463361
new_planned_energy=29.3574
