gpsEpsilon=143.656
gpsVolume=71.9699
mQualEpsilon=0.00261001
mQualVolume=0.00283258
new_planned_energy=23.6328
