gpsEpsilon=123.542
gpsVolume=81.9666
mQualEpsilon=0.0587044
mQualVolume=0.00847751
new_planned_energy=26.0836
