gpsEpsilon=205.65
gpsVolume=82.4794
mQualEpsilon=0.0211171
mQualVolume=0.00569307
new_planned_energy=31.3839
