gpsEpsilon=31.924
gpsVolume=110.023
mQualEpsilon=0.0191157
mQualVolume=0.00295927
new_planned_energy=27.6003
