gpsEpsilon=123.542
gpsVolume=89.7877
mQualEpsilon=0.00603852
mQualVolume=0.00027458
new_planned_energy=92.3582
