gpsEpsilon=166.04
gpsVolume=92.995
mQualEpsilon=0.0419841
mQualVolume=0.00580111
new_planned_energy=49.0651
