epsilon_quality=0.0707913
volume_quality=0.181087
