epsilon_quality=0.0134278
volume_quality=1.08135
