epsilon_quality=0.178856
volume_quality=0.160811
