epsilon_quality=0.054445
volume_quality=0.0902612
