epsilon_quality=0.112451
volume_quality=0.165299
