epsilon_quality=0.0412454
volume_quality=0.0181279
