epsilon_quality=0.282461
volume_quality=0.443381
