epsilon_quality=0.273375
volume_quality=0.790895
