epsilon_quality=0.0318324
volume_quality=0.249137
