epsilon_quality=0.130663
volume_quality=0.431524
