epsilon_quality=0.115766
volume_quality=0.149858
