epsilon_quality=0.0636368
volume_quality=0.23111
