epsilon_quality=0.134186
volume_quality=0.131899
