epsilon_quality=0.108119
volume_quality=0.292874
