epsilon_quality=0.13344
volume_quality=0.24571
