epsilon_quality=0.236494
volume_quality=0.450808
