epsilon_quality=0.150061
volume_quality=0.289779
