epsilon_quality=0.0779419
volume_quality=0.0633022
