epsilon_quality=0.118516
volume_quality=0.260962
