epsilon_quality=0.0463465
volume_quality=0.0249779
