epsilon_quality=0.0839865
volume_quality=0.11159
