epsilon_quality=0.107706
volume_quality=0.125655
