epsilon_quality=0.0636464
volume_quality=0.0816695
