epsilon_quality=0.0525995
volume_quality=0.0136832
