epsilon_quality=0.532383
volume_quality=6.88529
