epsilon_quality=0.0370071
volume_quality=0.281464
