epsilon_quality=0.0684286
volume_quality=0.06318
