epsilon_quality=0.122108
volume_quality=0.0762534
