epsilon_quality=0.100722
volume_quality=0.231045
