epsilon_quality=0.13319
volume_quality=0.295914
