epsilon_quality=0.100323
volume_quality=0.301102
