epsilon_quality=0.0487817
volume_quality=0.0636482
