epsilon_quality=0.0427122
volume_quality=0.055475
