epsilon_quality=0.0387378
volume_quality=0.00589371
