epsilon_quality=0.138805
volume_quality=0.207508
