epsilon_quality=0.175191
volume_quality=0.519265
