epsilon_quality=0.00840199
volume_quality=0.0253898
