epsilon_quality=0.0725416
volume_quality=0.782172
