epsilon_quality=0.198961
volume_quality=0.787385
