epsilon_quality=0.060182
volume_quality=0.038833
