epsilon_quality=0.128002
volume_quality=0.201842
