epsilon_quality=0.0429548
volume_quality=0.0260043
