epsilon_quality=0.116439
volume_quality=0.0344194
