epsilon_quality=0.0390483
volume_quality=0.0940037
