epsilon_quality=0.0205786
volume_quality=0.0206743
