epsilon_quality=0.0257201
volume_quality=0.00701915
