epsilon_quality=0.0710362
volume_quality=0.0349198
