epsilon_quality=0.0698101
volume_quality=0.0391859
