epsilon_quality=0.0675904
volume_quality=0.0296607
