epsilon_quality=0.058481
volume_quality=0.0164061
