epsilon_quality=0.0187152
volume_quality=0.0279137
