epsilon_quality=0.0388399
volume_quality=0.0494082
