epsilon_quality=0.0951129
volume_quality=0.13179
