epsilon_quality=0.0360298
volume_quality=0.0302864
