epsilon_quality=0.0268538
volume_quality=0.00798044
