epsilon_quality=0.0878431
volume_quality=0.029112
