epsilon_quality=0.160108
volume_quality=0.149395
