epsilon_quality=0.0412099
volume_quality=0.160222
