epsilon_quality=0.0977602
volume_quality=0.101267
