epsilon_quality=0.224112
volume_quality=1.50223
