epsilon_quality=0.00317806
volume_quality=0.00525171
