epsilon_quality=0.274135
volume_quality=1.24736
