epsilon_quality=0.0137866
volume_quality=0.0129632
