epsilon_quality=0.0339331
volume_quality=0.0459164
