epsilon_quality=0.00851351
volume_quality=0.0271364
