epsilon_quality=0.057235
volume_quality=0.102494
