epsilon_quality=0.291993
volume_quality=1.15563
