epsilon_quality=0.000165445
volume_quality=0.0560145
