epsilon_quality=0.0695564
volume_quality=0.0541886
