epsilon_quality=0.11036
volume_quality=0.0491014
