epsilon_quality=0.0626213
volume_quality=0.0591883
