epsilon_quality=0.123076
volume_quality=0.106188
