epsilon_quality=0.137576
volume_quality=0.0877808
