epsilon_quality=0.11998
volume_quality=0.117664
