epsilon_quality=0.0906763
volume_quality=0.0962114
