epsilon_quality=0.0399182
volume_quality=0.00878647
