epsilon_quality=0.0388328
volume_quality=0.0225283
