epsilon_quality=0.0377682
volume_quality=0.0209564
