epsilon_quality=0.205113
volume_quality=0.479699
