epsilon_quality=0.0805576
volume_quality=0.178813
