epsilon_quality=0.00849245
volume_quality=0.00882425
