epsilon_quality=0.176461
volume_quality=0.344427
