epsilon_quality=0.047548
volume_quality=0.180372
