epsilon_quality=0.166156
volume_quality=0.26322
