epsilon_quality=0.0557059
volume_quality=0.0440501
