epsilon_quality=0.154156
volume_quality=0.420397
