epsilon_quality=0.0303855
volume_quality=0.00362665
