gpsEpsilon=163.925
gpsVolume=109.959
mQualEpsilon=0.0340849
mQualVolume=0.00228747
new_planned_energy=85.4842
