gpsEpsilon=117.006
gpsVolume=125.737
mQualEpsilon=0.0193047
mQualVolume=0.000722896
new_planned_energy=71.5197
