gpsEpsilon=210.249
gpsVolume=145.375
mQualEpsilon=0.00886784
mQualVolume=0.0016358
new_planned_energy=23.6547
