gpsEpsilon=202.167
gpsVolume=144.461
mQualEpsilon=0.000208262
mQualVolume=7.86189e-05
new_planned_energy=76.6965
