gpsEpsilon=190.287
gpsVolume=145.438
mQualEpsilon=0.0112404
mQualVolume=0.000176005
new_planned_energy=85.5548
