gpsEpsilon=0
gpsVolume=2.42092e-322
mQualEpsilon=0.00904234
mQualVolume=0.000923755
new_planned_energy=81.0893
