gpsEpsilon=3.10431e-316
gpsVolume=6.95335e-310
mQualEpsilon=-1
mQualVolume=0.00426666
new_planned_energy=69.2547
