gpsEpsilon=2.99514e-316
gpsVolume=1.97626e-323
mQualEpsilon=0.0039981
mQualVolume=9.27257e-05
new_planned_energy=77.607
