gpsEpsilon=114.017
gpsVolume=124.178
mQualEpsilon=0.0340849
mQualVolume=0.00228747
new_planned_energy=55.9912
