gpsEpsilon=114.989
gpsVolume=128.481
mQualEpsilon=0.0138014
mQualVolume=0.000513569
new_planned_energy=57.9857
