gpsEpsilon=115.983
gpsVolume=126.004
mQualEpsilon=0.0208916
mQualVolume=0.000969305
new_planned_energy=21.2485
