gpsEpsilon=114.76
gpsVolume=230.755
mQualEpsilon=0.00526877
mQualVolume=0.000108799
new_planned_energy=70.373
