gpsEpsilon=1.18576e-321
gpsVolume=3.95253e-322
mQualEpsilon=0.0164131
mQualVolume=0.00123014
new_planned_energy=29.1947
