gpsEpsilon=1.18576e-321
gpsVolume=3.95253e-322
mQualEpsilon=0.0311011
mQualVolume=0.000718559
new_planned_energy=57.7971
