gpsEpsilon=1.17189e-315
gpsVolume=0.104833
mQualEpsilon=0.0311011
mQualVolume=0.000718559
new_planned_energy=49.2807
