gpsEpsilon=1.18576e-321
gpsVolume=3.16202e-322
mQualEpsilon=0.0333766
mQualVolume=0.000718837
new_planned_energy=48.0662
