gpsEpsilon=1.38988e-315
gpsVolume=0
mQualEpsilon=1.17583
mQualVolume=39.8298
new_planned_energy=-1.17583
