gpsEpsilon=1.38988e-315
gpsVolume=0
mQualEpsilon=1.43653
mQualVolume=43.0134
new_planned_energy=32.4289
