gpsEpsilon=0
gpsVolume=1.061e-314
mQualEpsilon=0.0043102
mQualVolume=0.00459004
new_planned_energy=41.9674
