gpsEpsilon=0
gpsVolume=1.061e-314
mQualEpsilon=1.71475
mQualVolume=45.3509
new_planned_energy=-1.71475
