gpsEpsilon=9.99104
gpsVolume=108.653
mQualEpsilon=0.0260857
mQualVolume=0.00061279
new_planned_energy=99.5911
