gpsEpsilon=36.5214
gpsVolume=71.9772
mQualEpsilon=0.0303079
mQualVolume=0.00115554
new_planned_energy=44.57
