gpsEpsilon=32.4914
gpsVolume=61.501
mQualEpsilon=0.0344128
mQualVolume=0.0014267
new_planned_energy=40.3817
