gpsEpsilon=10.0879
gpsVolume=45.2679
mQualEpsilon=0.0220437
mQualVolume=0.0015656
new_planned_energy=23.8669
