gpsEpsilon=21.773
gpsVolume=2.42092e-322
mQualEpsilon=0.0233005
mQualVolume=0.00100553
new_planned_energy=74.245
