gpsEpsilon=7.28307e-316
gpsVolume=1.36458e-315
mQualEpsilon=0.0402635
mQualVolume=0.00121841
new_planned_energy=59.8061
