gpsEpsilon=161.471
gpsVolume=112.637
mQualEpsilon=0.00420439
mQualVolume=0.0039372
new_planned_energy=45.9127
