gpsEpsilon=0.677242
gpsVolume=-11.51
mQualEpsilon=-1
mQualVolume=0.00573166
new_planned_energy=25.7246
