epsilon_quality=0.0421108
volume_quality=0.0248595
