epsilon_quality=0.0338527
volume_quality=0.0337025
