epsilon_quality=0.182989
volume_quality=0.22868
