epsilon_quality=0.211775
volume_quality=0.654842
