epsilon_quality=0.177577
volume_quality=0.384367
