epsilon_quality=0.17369
volume_quality=0.38693
