epsilon_quality=0.129193
volume_quality=0.0662088
