epsilon_quality=0.194832
volume_quality=0.399204
