epsilon_quality=0.0706365
volume_quality=0.210843
