epsilon_quality=0.0421628
volume_quality=0.0452202
