epsilon_quality=0.140231
volume_quality=0.52518
