epsilon_quality=0.0748514
volume_quality=0.0282368
