epsilon_quality=0.151634
volume_quality=0.187496
