epsilon_quality=0.18487
volume_quality=0.483491
