epsilon_quality=0.0365007
volume_quality=0.0203079
