epsilon_quality=0.0644664
volume_quality=0.088049
