epsilon_quality=0.27597
volume_quality=1.25291
