epsilon_quality=0.0483538
volume_quality=0.306001
