epsilon_quality=0.186851
volume_quality=0.452353
