epsilon_quality=0.232422
volume_quality=1.25857
