epsilon_quality=0.0107089
volume_quality=0.000479329
