epsilon_quality=0.0229856
volume_quality=0.0014212
