epsilon_quality=0.223067
volume_quality=0.52141
