epsilon_quality=0.122501
volume_quality=0.127101
