epsilon_quality=0.0913063
volume_quality=0.0244975
