epsilon_quality=0.0141032
volume_quality=0.0574803
