epsilon_quality=0.227872
volume_quality=0.79385
