epsilon_quality=0.0239413
volume_quality=0.273016
