epsilon_quality=0.0629199
volume_quality=0.105705
