epsilon_quality=0.0361216
volume_quality=0.0416987
