epsilon_quality=0.211125
volume_quality=0.493404
