epsilon_quality=0.121342
volume_quality=0.262432
