epsilon_quality=0.00557682
volume_quality=0.0444259
