epsilon_quality=0.0258123
volume_quality=0.000817534
