epsilon_quality=0.0206728
volume_quality=0.00167095
