epsilon_quality=0.0211782
volume_quality=0.00109468
