epsilon_quality=0.0762025
volume_quality=0.0512109
