epsilon_quality=0.00996282
volume_quality=0.000295054
