epsilon_quality=0.104287
volume_quality=0.0770522
