epsilon_quality=0.135574
volume_quality=0.352905
