epsilon_quality=0.0906259
volume_quality=0.818638
