epsilon_quality=0.0478745
volume_quality=0.234367
