epsilon_quality=0.0927166
volume_quality=0.0957502
