gpsEpsilon=22.7991
gpsVolume=54.624
mQualEpsilon=0.0123905
mQualVolume=0.000881815
new_planned_energy=92.9047
