gpsEpsilon=19.8902
gpsVolume=140.679
mQualEpsilon=0.0178853
mQualVolume=0.0015249
new_planned_energy=61.2505
