gpsEpsilon=10.1939
gpsVolume=176.694
mQualEpsilon=0.0169793
mQualVolume=0.00388502
new_planned_energy=70.212
