gpsEpsilon=26.9893
gpsVolume=128.108
mQualEpsilon=0.0226742
mQualVolume=0.00023777
new_planned_energy=50.975
