gpsEpsilon=19.9595
gpsVolume=68.6143
mQualEpsilon=0.0393961
mQualVolume=0.0151037
new_planned_energy=42.4576
