gpsEpsilon=21.7602
gpsVolume=74.0166
mQualEpsilon=0.0154633
mQualVolume=0.0010905
new_planned_energy=90.1832
