gpsEpsilon=16.6697
gpsVolume=69.7916
mQualEpsilon=0.0157648
mQualVolume=0.00266344
new_planned_energy=76.7767
