epsilon_quality=0.0620095
volume_quality=0.107961
