epsilon_quality=0.188387
volume_quality=0.357404
