epsilon_quality=0.0507777
volume_quality=0.527292
