epsilon_quality=0.00330589
volume_quality=0.412805
