epsilon_quality=0.0444283
volume_quality=0.327007
