epsilon_quality=0.119916
volume_quality=0.271532
