epsilon_quality=0.123816
volume_quality=0.120177
