epsilon_quality=0.0594195
volume_quality=0.0206845
