epsilon_quality=0.0893003
volume_quality=0.0457694
