epsilon_quality=0.0306315
volume_quality=0.169261
