epsilon_quality=0.135924
volume_quality=0.112178
