epsilon_quality=0.153284
volume_quality=0.204428
