epsilon_quality=0.114451
volume_quality=0.180835
