epsilon_quality=0.234766
volume_quality=0.598424
