epsilon_quality=0.0384907
volume_quality=0.0165986
