epsilon_quality=0.0649286
volume_quality=0.218079
