epsilon_quality=0.112283
volume_quality=0.155643
