epsilon_quality=0.199413
volume_quality=0.552572
