epsilon_quality=0.134543
volume_quality=0.465177
