epsilon_quality=0.0653762
volume_quality=0.0825115
