epsilon_quality=0.106916
volume_quality=0.0331266
