epsilon_quality=0.0788354
volume_quality=0.16005
