epsilon_quality=0.0840284
volume_quality=0.129403
