gpsEpsilon=206.178
gpsVolume=84.1789
mQualEpsilon=0.00815153
mQualVolume=0.00972527
new_planned_energy=51.9098
