gpsEpsilon=209.024
gpsVolume=91.9094
mQualEpsilon=0.0170131
mQualVolume=0.00274501
new_planned_energy=44.1946
