gpsEpsilon=208.819
gpsVolume=85.9861
mQualEpsilon=0.00606658
mQualVolume=0.0146075
new_planned_energy=44.2903
