gpsEpsilon=209.478
gpsVolume=83.4939
mQualEpsilon=0.0432164
mQualVolume=0.00305577
new_planned_energy=59.9097
