gpsEpsilon=202.686
gpsVolume=88.044
mQualEpsilon=0.0155558
mQualVolume=0.00382538
new_planned_energy=126.91
