gpsEpsilon=176.748
gpsVolume=100.61
mQualEpsilon=0.00514795
mQualVolume=0.00294845
new_planned_energy=60.0586
