gpsEpsilon=157.646
gpsVolume=85.9226
mQualEpsilon=0.0237865
mQualVolume=0.00118059
new_planned_energy=55.4517
