gpsEpsilon=1.32633e-315
gpsVolume=6.95335e-310
mQualEpsilon=-1
mQualVolume=0.0011193
new_planned_energy=44.7649
