gpsEpsilon=0.0817933
gpsVolume=2.42092e-322
mQualEpsilon=0.0105296
mQualVolume=0.0121558
new_planned_energy=108.917
