gpsEpsilon=209.38
gpsVolume=91.3577
mQualEpsilon=0.00277487
mQualVolume=0.00284305
new_planned_energy=65.841
