gpsEpsilon=208.362
gpsVolume=92.1024
mQualEpsilon=0.0081165
mQualVolume=0.00495506
new_planned_energy=55.6525
