epsilon_quality=0.067485
volume_quality=0.0469261
