epsilon_quality=0.0891025
volume_quality=0.161265
