epsilon_quality=0.0478425
volume_quality=0.0298224
