epsilon_quality=0.204808
volume_quality=0.860832
