epsilon_quality=0.121886
volume_quality=0.109422
