epsilon_quality=0.0316324
volume_quality=0.00339127
