epsilon_quality=0.0167689
volume_quality=0.000663833
