epsilon_quality=0.0561116
volume_quality=0.0463063
