epsilon_quality=0.0630975
volume_quality=0.0586486
