epsilon_quality=0.098143
volume_quality=0.103638
