epsilon_quality=0.0740647
volume_quality=0.0568503
