epsilon_quality=0.0165159
volume_quality=0.00210556
