epsilon_quality=0.0226071
volume_quality=0.0214908
