epsilon_quality=0.0580724
volume_quality=0.0520124
