epsilon_quality=0.0662921
volume_quality=0.0652407
