epsilon_quality=0.0748852
volume_quality=0.0790687
