epsilon_quality=0.108576
volume_quality=0.058233
