epsilon_quality=0.10178
volume_quality=0.568349
