gpsEpsilon=81.1967
gpsVolume=129.142
mQualEpsilon=0.0109471
mQualVolume=0.00222898
new_planned_energy=24.8076
