gpsEpsilon=80.7337
gpsVolume=133.36
mQualEpsilon=0.00516331
mQualVolume=0.000707402
new_planned_energy=64.3538
