gpsEpsilon=76.9381
gpsVolume=138.812
mQualEpsilon=0.862501
mQualVolume=41.9024
new_planned_energy=-0.862501
