gpsEpsilon=76.9381
gpsVolume=138.812
mQualEpsilon=0.0101415
mQualVolume=0.00169203
new_planned_energy=31.2328
