gpsEpsilon=103.95
gpsVolume=147.871
mQualEpsilon=0.0314071
mQualVolume=0.0068375
new_planned_energy=25.4071
