gpsEpsilon=94.8418
gpsVolume=179.121
mQualEpsilon=0.04419
mQualVolume=0.0237859
new_planned_energy=38.7035
