gpsEpsilon=105.199
gpsVolume=125.743
mQualEpsilon=0.0396814
mQualVolume=0.00355276
new_planned_energy=45.7425
