gpsEpsilon=92.3214
gpsVolume=186.748
mQualEpsilon=0.101368
mQualVolume=0.0538511
new_planned_energy=63.478
