gpsEpsilon=114.55
gpsVolume=158.99
mQualEpsilon=0.0788062
mQualVolume=0.026552
new_planned_energy=71.0012
