gpsEpsilon=94.0923
gpsVolume=176.834
mQualEpsilon=0.0406927
mQualVolume=0.0159382
new_planned_energy=44.4929
