gpsEpsilon=94.8723
gpsVolume=172.094
mQualEpsilon=0.0591235
mQualVolume=0.016313
new_planned_energy=27.4607
