epsilon_quality=0.00621662
volume_quality=0.000107904
