epsilon_quality=0.0187332
volume_quality=0.00534595
