epsilon_quality=0.0376321
volume_quality=0.0184399
