epsilon_quality=0.171463
volume_quality=0.369231
