epsilon_quality=0.116436
volume_quality=0.41493
