epsilon_quality=0.0782292
volume_quality=0.138405
