epsilon_quality=0.0619708
volume_quality=0.0891027
