epsilon_quality=0.224936
volume_quality=1.03267
