epsilon_quality=0.00822055
volume_quality=0.00259492
