epsilon_quality=0.11388
volume_quality=0.216121
