epsilon_quality=0.100223
volume_quality=0.0642715
