epsilon_quality=0.0608232
volume_quality=0.0660164
