epsilon_quality=0.150361
volume_quality=0.610972
