epsilon_quality=0.0214422
volume_quality=0.00502678
