epsilon_quality=0.110956
volume_quality=0.13925
