epsilon_quality=0.0278241
volume_quality=0.302431
