epsilon_quality=0.106914
volume_quality=0.700683
