epsilon_quality=0.17342
volume_quality=0.56483
