epsilon_quality=0.0116608
volume_quality=0.0781524
