epsilon_quality=0.0403308
volume_quality=0.0791159
