epsilon_quality=0.00892464
volume_quality=0.00052294
