epsilon_quality=0.0247089
volume_quality=0.00248058
