gpsEpsilon=0
gpsVolume=0.0078125
mQualEpsilon=0.0303553
mQualVolume=0.00192684
new_planned_energy=66.0816
