gpsEpsilon=3.08297e-321
gpsVolume=2.37152e-322
mQualEpsilon=0.0468576
mQualVolume=0.0111589
new_planned_energy=33.8161
