gpsEpsilon=104.389
gpsVolume=112.058
mQualEpsilon=0.0165518
mQualVolume=0.005683
new_planned_energy=57.0128
