gpsEpsilon=104.197
gpsVolume=47.6138
mQualEpsilon=0.0498652
mQualVolume=0.0155317
new_planned_energy=61.8814
