gpsEpsilon=101.519
gpsVolume=51.3334
mQualEpsilon=0.0302396
mQualVolume=0.00395
new_planned_energy=31.1984
