gpsEpsilon=2.54639e-313
gpsVolume=1.63042e-322
mQualEpsilon=-1
mQualVolume=0.00266061
new_planned_energy=57.6071
