gpsEpsilon=1.03e-315
gpsVolume=99.6912
mQualEpsilon=0.0157904
mQualVolume=0.000428084
new_planned_energy=66.977
