gpsEpsilon=165.945
gpsVolume=82.0834
mQualEpsilon=0.0588919
mQualVolume=0.00877918
new_planned_energy=53.719
