gpsEpsilon=182.377
gpsVolume=81.1665
mQualEpsilon=0.0096988
mQualVolume=0.00310159
new_planned_energy=38.5943
