gpsEpsilon=162.547
gpsVolume=80.7964
mQualEpsilon=0.0885781
mQualVolume=0.0093586
new_planned_energy=52.6269
