gpsEpsilon=117.268
gpsVolume=113.407
mQualEpsilon=0.00219146
mQualVolume=0.0065982
new_planned_energy=49.8197
