gpsEpsilon=0.346497
gpsVolume=2.42092e-322
mQualEpsilon=0.0581155
mQualVolume=0.0258434
new_planned_energy=43.4155
