epsilon_quality=0.0253866
volume_quality=0.0223861
