epsilon_quality=0.0616131
volume_quality=0.0303826
