epsilon_quality=0.0407599
volume_quality=0.079842
