epsilon_quality=0.106716
volume_quality=0.0406861
