epsilon_quality=0.0836475
volume_quality=0.031726
