epsilon_quality=0.117287
volume_quality=0.138259
