epsilon_quality=0.0276263
volume_quality=0.368226
