epsilon_quality=0.0248442
volume_quality=0.0133513
