epsilon_quality=0.118239
volume_quality=0.197627
