epsilon_quality=0.0689055
volume_quality=0.113252
