epsilon_quality=0.140458
volume_quality=0.100015
