epsilon_quality=0.00395467
volume_quality=0.0295439
