epsilon_quality=0.02165
volume_quality=0.029636
