epsilon_quality=0.0589734
volume_quality=0.0928897
