epsilon_quality=0.101154
volume_quality=0.0650411
