epsilon_quality=0.0291654
volume_quality=0.0204019
