epsilon_quality=0.0613623
volume_quality=0.0172601
