epsilon_quality=0.0207636
volume_quality=0.00466013
