epsilon_quality=0.0264681
volume_quality=0.0906254
