epsilon_quality=0.0398489
volume_quality=0.0703758
