epsilon_quality=0.0879736
volume_quality=0.130492
