epsilon_quality=0.0485402
volume_quality=0.100007
