epsilon_quality=0.114839
volume_quality=0.338778
