epsilon_quality=0.0448041
volume_quality=0.0135108
