epsilon_quality=0.0645107
volume_quality=0.0438868
