epsilon_quality=0.284745
volume_quality=0.721915
