epsilon_quality=0.0636473
volume_quality=0.0739121
