epsilon_quality=0.151301
volume_quality=0.121038
