epsilon_quality=0.157266
volume_quality=0.677104
