epsilon_quality=0.119547
volume_quality=0.0509625
