epsilon_quality=0.131193
volume_quality=0.204212
