epsilon_quality=0.0323987
volume_quality=0.005288
