epsilon_quality=0.0684843
volume_quality=0.0641486
