epsilon_quality=0.0530919
volume_quality=0.0213606
