epsilon_quality=0.137323
volume_quality=0.106016
