epsilon_quality=0.0480409
volume_quality=0.122357
