epsilon_quality=0.132309
volume_quality=0.135107
