epsilon_quality=0.00586319
volume_quality=0.204935
