epsilon_quality=0.106725
volume_quality=0.351934
