epsilon_quality=0.0837847
volume_quality=0.0542401
