epsilon_quality=0.0790075
volume_quality=0.0574065
