epsilon_quality=0.0279625
volume_quality=0.270845
