epsilon_quality=0.0323557
volume_quality=0.0328326
