epsilon_quality=0.189929
volume_quality=0.330306
