epsilon_quality=0.178785
volume_quality=0.321456
