epsilon_quality=0.289536
volume_quality=0.651786
