epsilon_quality=0.011328
volume_quality=0.0153806
