epsilon_quality=0.0213716
volume_quality=0.0038973
