epsilon_quality=0.144716
volume_quality=0.13637
