epsilon_quality=0.133504
volume_quality=0.344755
