epsilon_quality=0.0443971
volume_quality=0.0711447
