epsilon_quality=0.150208
volume_quality=0.562386
