epsilon_quality=0.0381537
volume_quality=0.0410016
