epsilon_quality=0.0625086
volume_quality=0.11375
