epsilon_quality=0.033727
volume_quality=0.00568719
