epsilon_quality=0.00909456
volume_quality=0.00149609
