epsilon_quality=0.0996915
volume_quality=0.14888
