epsilon_quality=0.168114
volume_quality=0.485884
