epsilon_quality=0.197953
volume_quality=0.936305
