epsilon_quality=0.0634109
volume_quality=0.0225775
