epsilon_quality=0.137793
volume_quality=0.184871
