epsilon_quality=0.33148
volume_quality=2.00989
