gpsEpsilon=156.776
gpsVolume=140.754
mQualEpsilon=0.0350741
mQualVolume=0.00663952
new_planned_energy=41.216
