gpsEpsilon=170.04
gpsVolume=163.353
mQualEpsilon=1.19279
mQualVolume=41.7444
new_planned_energy=-1.19279
