gpsEpsilon=146.186
gpsVolume=131.729
mQualEpsilon=0.0242556
mQualVolume=0.00776445
new_planned_energy=57.4731
