gpsEpsilon=0
gpsVolume=2.42092e-322
mQualEpsilon=0.0505255
mQualVolume=0.0117262
new_planned_energy=82.5905
