gpsEpsilon=1.36516e-315
gpsVolume=0
mQualEpsilon=0.0231336
mQualVolume=0.0116242
new_planned_energy=53.2715
