gpsEpsilon=142.671
gpsVolume=245.855
mQualEpsilon=0.0743534
mQualVolume=0.0189107
new_planned_energy=51.4845
