gpsEpsilon=138.046
gpsVolume=195.241
mQualEpsilon=0.0303156
mQualVolume=0.00480227
new_planned_energy=45.7123
