gpsEpsilon=146.094
gpsVolume=140.286
mQualEpsilon=0.0615476
mQualVolume=0.0133552
new_planned_energy=45.1843
