epsilon_quality=0.155402
volume_quality=0.685033
