epsilon_quality=0.0985229
volume_quality=0.0437231
