epsilon_quality=0.0320937
volume_quality=0.133982
