epsilon_quality=0.0512403
volume_quality=0.024923
