epsilon_quality=0.110749
volume_quality=0.223797
