epsilon_quality=0.0933115
volume_quality=0.0850603
