epsilon_quality=0.0278839
volume_quality=0.0486409
