epsilon_quality=0.180303
volume_quality=0.282236
