epsilon_quality=0.247928
volume_quality=1.02124
