epsilon_quality=0.0182813
volume_quality=0.0327148
