epsilon_quality=0.00354699
volume_quality=0.00192607
