epsilon_quality=0.0983381
volume_quality=0.0688512
