epsilon_quality=0.121926
volume_quality=0.169123
