epsilon_quality=0.0348271
volume_quality=0.0480294
