epsilon_quality=0.00964934
volume_quality=0.0333114
