epsilon_quality=0.0112255
volume_quality=0.0147733
