gpsEpsilon=92.5286
gpsVolume=162.249
mQualEpsilon=0.00310259
mQualVolume=0.0041831
new_planned_energy=31.5712
