gpsEpsilon=153.715
gpsVolume=92.5286
mQualEpsilon=0.0699718
mQualVolume=0.0106271
new_planned_energy=25.8812
