gpsEpsilon=-19.9234
gpsVolume=7.10543e-15
mQualEpsilon=0.00780366
mQualVolume=0.00161732
new_planned_energy=28.0462
