gpsEpsilon=1.60704e-315
gpsVolume=0
mQualEpsilon=-1
mQualVolume=0.00783112
new_planned_energy=30.0195
