gpsEpsilon=1.60704e-315
gpsVolume=0
mQualEpsilon=0.15426
mQualVolume=28.8886
new_planned_energy=40.3112
