gpsEpsilon=1.60704e-315
gpsVolume=0
mQualEpsilon=0.116461
mQualVolume=24.8988
new_planned_energy=-0.116461
