gpsEpsilon=1.267e-315
gpsVolume=-0.0359389
mQualEpsilon=-1
mQualVolume=0.0105724
new_planned_energy=45.73
