gpsEpsilon=1.60312e-315
gpsVolume=0
mQualEpsilon=1.07665
mQualVolume=38.1407
new_planned_energy=-1.07665
