gpsEpsilon=1.60312e-315
gpsVolume=0
mQualEpsilon=1.31293
mQualVolume=50.8544
new_planned_energy=-1.31293
