gpsEpsilon=1.60312e-315
gpsVolume=0
mQualEpsilon=0.0143641
mQualVolume=0.0145623
new_planned_energy=13.8534
