gpsEpsilon=1.20453e-315
gpsVolume=0
mQualEpsilon=1.50547
mQualVolume=47.4656
new_planned_energy=16.4648
