gpsEpsilon=1.20453e-315
gpsVolume=0
mQualEpsilon=1.46467
mQualVolume=44.7316
new_planned_energy=26.9432
