gpsEpsilon=1.29814e-315
gpsVolume=0
mQualEpsilon=-1
mQualVolume=0.00492944
new_planned_energy=34.6191
