gpsEpsilon=1.21363e-315
gpsVolume=0
mQualEpsilon=-1
mQualVolume=0.00516083
new_planned_energy=25.2002
