gpsEpsilon=1.0619e-315
gpsVolume=0
mQualEpsilon=0.00851549
mQualVolume=0.0120598
new_planned_energy=8.99188
