gpsEpsilon=1.30739e-315
gpsVolume=0
mQualEpsilon=-1
mQualVolume=0.00217979
new_planned_energy=62.9836
