gpsEpsilon=92.535
gpsVolume=213.807
mQualEpsilon=3.46945e-18
mQualVolume=0.000789101
new_planned_energy=42.2256
