epsilon_quality=0.05388
volume_quality=0.0105795
