epsilon_quality=0.0678287
volume_quality=0.0241664
