epsilon_quality=0.0581323
volume_quality=0.0411487
