gpsEpsilon=27.5968
gpsVolume=101.422
mQualEpsilon=0.0464052
mQualVolume=0.00884423
new_planned_energy=33.3318
