gpsEpsilon=29.4452
gpsVolume=77.7016
mQualEpsilon=1.81134
mQualVolume=58.4204
new_planned_energy=-1.81134
