gpsEpsilon=45.1658
gpsVolume=119.34
mQualEpsilon=1.67613
mQualVolume=56.9998
new_planned_energy=-1.67613
