gpsEpsilon=45.1658
gpsVolume=119.34
mQualEpsilon=1.36121
mQualVolume=42.6433
new_planned_energy=-1.36121
