gpsEpsilon=1.89479e-315
gpsVolume=1.89743e-315
mQualEpsilon=1.64116
mQualVolume=57.539
new_planned_energy=58.6638
