gpsEpsilon=1.89479e-315
gpsVolume=1.89743e-315
mQualEpsilon=0.0498052
mQualVolume=0.0134834
new_planned_energy=26.711
