gpsEpsilon=210.124
gpsVolume=74.6442
mQualEpsilon=0.0569272
mQualVolume=0.024473
new_planned_energy=37.4563
