gpsEpsilon=6.36599e-314
gpsVolume=1.43486e-315
mQualEpsilon=1.89855
mQualVolume=56.1061
new_planned_energy=-1.89855
