gpsEpsilon=6.36599e-314
gpsVolume=1.43486e-315
mQualEpsilon=1.84246
mQualVolume=54.0486
new_planned_energy=-1.84246
