gpsEpsilon=6.36599e-314
gpsVolume=1.43486e-315
mQualEpsilon=1.84755
mQualVolume=54.0719
new_planned_energy=-1.84755
