gpsEpsilon=6.36599e-314
gpsVolume=1.43486e-315
mQualEpsilon=1.9016
mQualVolume=55.8091
new_planned_energy=15.4134
