gpsEpsilon=6.36599e-314
gpsVolume=1.43486e-315
mQualEpsilon=0.0238039
mQualVolume=0.0063605
new_planned_energy=29.5539
