gpsEpsilon=210.077
gpsVolume=75.215
mQualEpsilon=0.0829617
mQualVolume=0.0153867
new_planned_energy=34.5304
