gpsEpsilon=208.036
gpsVolume=87.8274
mQualEpsilon=0.0242737
mQualVolume=0.00647484
new_planned_energy=42.4824
