gpsEpsilon=1.80691e-315
gpsVolume=1.7934e-315
mQualEpsilon=0.0791323
mQualVolume=0.00998994
new_planned_energy=61.3218
