epsilon_quality=0.38447
volume_quality=1.72507
