epsilon_quality=0.0397605
volume_quality=0.036211
