epsilon_quality=0.0604329
volume_quality=0.0842866
