epsilon_quality=0.207348
volume_quality=0.51236
