epsilon_quality=0.166162
volume_quality=0.989032
