epsilon_quality=0.202958
volume_quality=0.457724
