epsilon_quality=0.0067291
volume_quality=0.0498045
