epsilon_quality=0.00617551
volume_quality=0.074249
