epsilon_quality=0.0870647
volume_quality=0.258631
