epsilon_quality=0.104343
volume_quality=0.511161
