epsilon_quality=0.0219469
volume_quality=0.00693835
