epsilon_quality=0.130223
volume_quality=0.0964109
