epsilon_quality=0.0165787
volume_quality=0.0504143
