epsilon_quality=0.105978
volume_quality=0.199714
