epsilon_quality=0.105981
volume_quality=0.0624043
