epsilon_quality=0.0421315
volume_quality=0.0917605
