epsilon_quality=0.206661
volume_quality=0.551234
