epsilon_quality=0.0726759
volume_quality=0.0325478
