epsilon_quality=0.0395215
volume_quality=0.00908835
