epsilon_quality=0.164639
volume_quality=0.153935
