epsilon_quality=0.125873
volume_quality=0.0690985
