epsilon_quality=0.00549986
volume_quality=0.000358633
