epsilon_quality=0.0231538
volume_quality=0.00838255
