epsilon_quality=0.0412138
volume_quality=0.0361321
