epsilon_quality=0.211406
volume_quality=0.357392
