epsilon_quality=0.122436
volume_quality=0.0526556
