epsilon_quality=0.109774
volume_quality=0.146404
