epsilon_quality=0.0617662
volume_quality=0.0703236
