epsilon_quality=0.0773199
volume_quality=0.100083
