epsilon_quality=0.0619784
volume_quality=1.17321
