epsilon_quality=0.115674
volume_quality=0.36254
