epsilon_quality=0.130071
volume_quality=0.186026
