epsilon_quality=0.162977
volume_quality=0.637875
