epsilon_quality=0.209535
volume_quality=0.666937
