epsilon_quality=0.00171419
volume_quality=0.00665793
