epsilon_quality=0.28731
volume_quality=1.13531
