epsilon_quality=0.0359219
volume_quality=0.04739
