epsilon_quality=0.0439316
volume_quality=0.0480395
