epsilon_quality=0.0221764
volume_quality=0.0929051
