epsilon_quality=0.0873048
volume_quality=0.265315
