epsilon_quality=0.0411088
volume_quality=0.0216356
