epsilon_quality=0.0769955
volume_quality=0.0522673
