epsilon_quality=0.0600018
volume_quality=0.304227
