epsilon_quality=0.154936
volume_quality=0.14343
