epsilon_quality=0.104829
volume_quality=0.0766428
