epsilon_quality=0.0432837
volume_quality=0.0685526
