epsilon_quality=0.173206
volume_quality=0.285917
