epsilon_quality=0.0508964
volume_quality=0.0151442
