epsilon_quality=0.150724
volume_quality=0.368127
