epsilon_quality=0.113262
volume_quality=0.177818
