epsilon_quality=0.0505327
volume_quality=0.138669
