epsilon_quality=0.0304087
volume_quality=0.0142701
