gpsEpsilon=13.6422
gpsVolume=52.9755
mQualEpsilon=0.0493996
mQualVolume=0.007215
new_planned_energy=65.0957
