gpsEpsilon=1.26172e-315
gpsVolume=0
mQualEpsilon=0.00486657
mQualVolume=0.0067488
new_planned_energy=65.2148
