gpsEpsilon=1.62769e-315
gpsVolume=0
mQualEpsilon=0.0336914
mQualVolume=0.00312472
new_planned_energy=74.5532
