gpsEpsilon=1.0618e-315
gpsVolume=0
mQualEpsilon=0.0346646
mQualVolume=0.00594741
new_planned_energy=67.2115
