gpsEpsilon=1.17694e-315
gpsVolume=0
mQualEpsilon=-1
mQualVolume=0.000863278
new_planned_energy=73.0371
