gpsEpsilon=1.62015e-315
gpsVolume=0
mQualEpsilon=-1
mQualVolume=0.00209467
new_planned_energy=72.9903
