gpsEpsilon=27.1038
gpsVolume=51.3591
mQualEpsilon=0.0373524
mQualVolume=0.00304511
new_planned_energy=69.1489
