gpsEpsilon=19.1713
gpsVolume=44.9997
mQualEpsilon=0.0269661
mQualVolume=0.00289047
new_planned_energy=73.11
