gpsEpsilon=24.7107
gpsVolume=35.3451
mQualEpsilon=0.0352808
mQualVolume=0.00572846
new_planned_energy=80.3877
