gpsEpsilon=27.035
gpsVolume=40.1724
mQualEpsilon=0.0202129
mQualVolume=0.00705365
new_planned_energy=55.9605
