gpsEpsilon=26.1948
gpsVolume=23.9985
mQualEpsilon=0.0314311
mQualVolume=0.00212775
new_planned_energy=72.7833
