gpsEpsilon=25.4775
gpsVolume=40.1282
mQualEpsilon=0.0493996
mQualVolume=0.007215
new_planned_energy=65.4147
