epsilon_quality=0.112855
volume_quality=0.0827297
