epsilon_quality=0.0322174
volume_quality=0.0291773
