epsilon_quality=0.213518
volume_quality=0.532406
