epsilon_quality=0.13121
volume_quality=0.180403
