epsilon_quality=0.19291
volume_quality=0.617326
