epsilon_quality=0.0812284
volume_quality=0.262587
