epsilon_quality=0.178077
volume_quality=1.28507
