epsilon_quality=0.0201147
volume_quality=0.00459587
