epsilon_quality=0.0505155
volume_quality=0.0186165
