epsilon_quality=0.123779
volume_quality=0.472556
