epsilon_quality=0.160453
volume_quality=0.417644
