epsilon_quality=0.110922
volume_quality=0.481849
