epsilon_quality=0.130714
volume_quality=0.215041
