epsilon_quality=0.0783417
volume_quality=0.10008
