epsilon_quality=0.0209263
volume_quality=0.00279016
