epsilon_quality=0.08327
volume_quality=0.0634621
