epsilon_quality=0.0780033
volume_quality=0.0338119
