epsilon_quality=0.103306
volume_quality=0.19746
