epsilon_quality=0.0352491
volume_quality=0.0146022
