epsilon_quality=0.109193
volume_quality=0.297444
