epsilon_quality=0.156056
volume_quality=0.190012
