epsilon_quality=0.0460828
volume_quality=0.164146
