epsilon_quality=0.122624
volume_quality=0.312035
