epsilon_quality=0.203645
volume_quality=0.693211
