epsilon_quality=0.153387
volume_quality=0.210497
