epsilon_quality=0.0586397
volume_quality=0.0462223
