epsilon_quality=0.0191479
volume_quality=0.0272538
