epsilon_quality=0.115075
volume_quality=0.186062
