epsilon_quality=0.0340261
volume_quality=0.137412
