epsilon_quality=0.0646055
volume_quality=0.0799414
