epsilon_quality=0.0427013
volume_quality=0.00677895
