epsilon_quality=0.201814
volume_quality=0.465851
