epsilon_quality=0.0297525
volume_quality=0.0188254
