epsilon_quality=0.212968
volume_quality=0.605437
