epsilon_quality=0.166641
volume_quality=0.826956
