epsilon_quality=0.0931843
volume_quality=0.0663008
