epsilon_quality=0.109111
volume_quality=0.178154
