epsilon_quality=0.0272927
volume_quality=0.00534565
