epsilon_quality=0.0288979
volume_quality=0.00385196
