epsilon_quality=0.15231
volume_quality=0.36984
