epsilon_quality=0.0341355
volume_quality=0.0441573
