epsilon_quality=0.0292222
volume_quality=0.0818401
