epsilon_quality=0.000222216
volume_quality=0.0209825
