epsilon_quality=0.075715
volume_quality=0.0735263
