epsilon_quality=0.0191335
volume_quality=0.0513775
