epsilon_quality=0.116207
volume_quality=0.0625076
