epsilon_quality=0.0698424
volume_quality=0.0513296
