epsilon_quality=0.147366
volume_quality=0.33747
