epsilon_quality=0.144481
volume_quality=0.137356
