epsilon_quality=0.157513
volume_quality=0.775661
