epsilon_quality=0.142385
volume_quality=0.484279
