epsilon_quality=0.201714
volume_quality=0.686871
