epsilon_quality=0.159416
volume_quality=0.372613
