epsilon_quality=0.0114009
volume_quality=0.176078
