gpsEpsilon=30.4797
gpsVolume=95.9361
mQualEpsilon=0.0920562
mQualVolume=0.0656514
new_planned_energy=57.598
