gpsEpsilon=0
gpsVolume=2.42092e-322
mQualEpsilon=0.0721419
mQualVolume=0.0395123
new_planned_energy=107.055
