gpsEpsilon=11.9185
gpsVolume=202.144
mQualEpsilon=0.0215097
mQualVolume=0.00244305
new_planned_energy=35.6951
