gpsEpsilon=22.2564
gpsVolume=122.942
mQualEpsilon=1.40835
mQualVolume=43.3448
new_planned_energy=-1.40835
