gpsEpsilon=16.2796
gpsVolume=196.706
mQualEpsilon=0.03411
mQualVolume=0.0027557
new_planned_energy=57.1246
