gpsEpsilon=19.9817
gpsVolume=196.706
mQualEpsilon=0.0559297
mQualVolume=0.0264191
new_planned_energy=46.2652
