gpsEpsilon=13.3427
gpsVolume=175.154
mQualEpsilon=0.0498377
mQualVolume=0.0130086
new_planned_energy=66.0745
