epsilon_quality=0.125122
volume_quality=0.210352
