epsilon_quality=0.149464
volume_quality=0.324358
