epsilon_quality=0.0921585
volume_quality=0.128888
