epsilon_quality=0.156126
volume_quality=0.116988
