epsilon_quality=0.142989
volume_quality=0.176255
