epsilon_quality=0.228913
volume_quality=0.184886
