epsilon_quality=0.121973
volume_quality=0.100282
