epsilon_quality=0.118888
volume_quality=0.358122
