epsilon_quality=0.0306972
volume_quality=0.0988079
