epsilon_quality=0.0491574
volume_quality=0.0175051
