epsilon_quality=0.166275
volume_quality=0.168201
