epsilon_quality=0.115603
volume_quality=1.97394
