epsilon_quality=0.244038
volume_quality=0.836121
