epsilon_quality=0.160459
volume_quality=0.996036
