epsilon_quality=0.0706429
volume_quality=0.0707346
