epsilon_quality=0.0449572
volume_quality=0.0101427
