epsilon_quality=0.0727999
volume_quality=0.0546501
