epsilon_quality=0.0410436
volume_quality=0.00260898
