epsilon_quality=0.0574395
volume_quality=0.00455995
