epsilon_quality=0.026778
volume_quality=0.00339726
