epsilon_quality=0.0259261
volume_quality=0.000883947
