epsilon_quality=0.0239066
volume_quality=0.00169947
