epsilon_quality=0.0583098
volume_quality=0.0352073
