epsilon_quality=0.0304862
volume_quality=0.0446301
