epsilon_quality=0.0766096
volume_quality=0.108824
