epsilon_quality=0.136042
volume_quality=0.207779
