epsilon_quality=0.0408438
volume_quality=0.0575016
