epsilon_quality=0.0690293
volume_quality=0.319949
