epsilon_quality=0.0522646
volume_quality=0.029977
