epsilon_quality=0.00896062
volume_quality=0.0307031
