epsilon_quality=0.0749391
volume_quality=0.0380975
