epsilon_quality=0.0792791
volume_quality=0.0352696
