epsilon_quality=0.101952
volume_quality=0.275416
