epsilon_quality=0.348031
volume_quality=1.17381
