epsilon_quality=0.000453681
volume_quality=0.0033848
