epsilon_quality=0.0516789
volume_quality=0.00833984
