epsilon_quality=0.0943995
volume_quality=0.0397245
