epsilon_quality=0.153914
volume_quality=0.664059
