epsilon_quality=0.0348178
volume_quality=0.886153
