epsilon_quality=0.20557
volume_quality=0.310505
