epsilon_quality=0.0449278
volume_quality=0.0104257
