gpsEpsilon=33.8041
gpsVolume=14.6169
mQualEpsilon=0.00827191
mQualVolume=0.0157943
new_planned_energy=20.6086
