gpsEpsilon=33.8041
gpsVolume=14.6169
mQualEpsilon=1.74204
mQualVolume=51.1785
new_planned_energy=-1.74204
