gpsEpsilon=36.5379
gpsVolume=14.4274
mQualEpsilon=0.00808643
mQualVolume=0.00593297
new_planned_energy=25.8809
