gpsEpsilon=37.7647
gpsVolume=14.2687
mQualEpsilon=0.00412122
mQualVolume=0.000301817
new_planned_energy=55.9655
