gpsEpsilon=41.8211
gpsVolume=16.1979
mQualEpsilon=0.0402196
mQualVolume=0.0312711
new_planned_energy=91.2339
