gpsEpsilon=72.3135
gpsVolume=59.8424
mQualEpsilon=0.0351734
mQualVolume=0.0100636
new_planned_energy=27.7293
