gpsEpsilon=20.1563
gpsVolume=122.489
mQualEpsilon=0.0221436
mQualVolume=0.00398878
new_planned_energy=42.1954
