gpsEpsilon=33.1163
gpsVolume=114.611
mQualEpsilon=0.0304498
mQualVolume=0.000953161
new_planned_energy=81.6269
