gpsEpsilon=4.44042e-316
gpsVolume=0
mQualEpsilon=0.00659944
mQualVolume=0.000640766
new_planned_energy=73.27
