gpsEpsilon=9.31754e-316
gpsVolume=0
mQualEpsilon=-1
mQualVolume=0.0051201
new_planned_energy=31.8465
