gpsEpsilon=41.6659
gpsVolume=12.9524
mQualEpsilon=0.078987
mQualVolume=0.00744726
new_planned_energy=77.9694
