gpsEpsilon=-0.291717
gpsVolume=0.0976865
mQualEpsilon=1.87266
mQualVolume=49.6511
new_planned_energy=-1.87266
