gpsEpsilon=-0.291717
gpsVolume=0.0976865
mQualEpsilon=1.82256
mQualVolume=49.2272
new_planned_energy=-1.82256
