gpsEpsilon=-0.291717
gpsVolume=0.0976865
mQualEpsilon=-1
mQualVolume=0.00223048
new_planned_energy=19.1904
