gpsEpsilon=-0.291717
gpsVolume=0.0976865
mQualEpsilon=1.72081
mQualVolume=42.3398
new_planned_energy=-1.72081
