gpsEpsilon=8.38415e-316
gpsVolume=0.12562
mQualEpsilon=-1
mQualVolume=0.0151307
new_planned_energy=52.975
