epsilon_quality=0.0836738
volume_quality=0.0496985
