epsilon_quality=0.0699229
volume_quality=0.37565
