epsilon_quality=0.0823448
volume_quality=0.0369855
