epsilon_quality=0.128397
volume_quality=0.760579
