epsilon_quality=0.0483967
volume_quality=0.0383361
