epsilon_quality=0.117504
volume_quality=0.0788866
