epsilon_quality=0.0237711
volume_quality=0.00500383
