epsilon_quality=0.133194
volume_quality=0.190924
