epsilon_quality=0.136753
volume_quality=0.298161
