epsilon_quality=0.0217662
volume_quality=0.00811375
