epsilon_quality=0.0225597
volume_quality=0.00680562
