epsilon_quality=0.129986
volume_quality=0.917433
