epsilon_quality=0.167167
volume_quality=1.52484
