epsilon_quality=0.0662477
volume_quality=0.0267517
