epsilon_quality=0.0429266
volume_quality=0.0938956
