epsilon_quality=0.0666614
volume_quality=0.023539
