epsilon_quality=0.0491575
volume_quality=0.049032
