gpsEpsilon=153.306
gpsVolume=30.0845
mQualEpsilon=0.00357551
mQualVolume=0.00209922
new_planned_energy=40.9201
