gpsEpsilon=1.06965e-315
gpsVolume=0
mQualEpsilon=0.0142804
mQualVolume=0.000270528
new_planned_energy=24.5402
