gpsEpsilon=4.26737e-316
gpsVolume=0
mQualEpsilon=1.40616
mQualVolume=54.1985
new_planned_energy=-1.40616
