gpsEpsilon=1.21956e-315
gpsVolume=0
mQualEpsilon=-1
mQualVolume=0.000757555
new_planned_energy=73.2266
