gpsEpsilon=1.12586e-315
gpsVolume=0
mQualEpsilon=0.0136982
mQualVolume=0.00522182
new_planned_energy=29.6849
