gpsEpsilon=219.96
gpsVolume=106.232
mQualEpsilon=0.027617
mQualVolume=0.00258692
new_planned_energy=72.4656
