gpsEpsilon=219.96
gpsVolume=106.232
mQualEpsilon=0.0348215
mQualVolume=0.00199809
new_planned_energy=69.9011
