gpsEpsilon=128.385
gpsVolume=172.293
mQualEpsilon=0.0198736
mQualVolume=0.00298234
new_planned_energy=23.0305
