gpsEpsilon=43.3362
gpsVolume=111.573
mQualEpsilon=0.00679443
mQualVolume=0.00213792
new_planned_energy=79.6861
