epsilon_quality=0.0848061
volume_quality=0.0415893
