epsilon_quality=0.0647949
volume_quality=0.18036
