epsilon_quality=0.0646707
volume_quality=0.15845
