epsilon_quality=0.0489727
volume_quality=0.308813
