epsilon_quality=0.0432427
volume_quality=0.106072
