epsilon_quality=0.0251499
volume_quality=0.0612985
