gpsEpsilon=21.7182
gpsVolume=56.914
mQualEpsilon=0.0164547
mQualVolume=0.00137228
new_planned_energy=76.8966
