gpsEpsilon=1.39957e-315
gpsVolume=0
mQualEpsilon=0.00609759
mQualVolume=0.00114249
new_planned_energy=45.3126
