gpsEpsilon=1.3827e-315
gpsVolume=0
mQualEpsilon=1.62216
mQualVolume=45.5444
new_planned_energy=-1.62216
