gpsEpsilon=1.3827e-315
gpsVolume=0
mQualEpsilon=1.60366
mQualVolume=45.7099
new_planned_energy=-1.60366
