gpsEpsilon=1.3827e-315
gpsVolume=0
mQualEpsilon=0.0243353
mQualVolume=0.000969224
new_planned_energy=18.5046
