gpsEpsilon=1.10445e-315
gpsVolume=0
mQualEpsilon=0.015488
mQualVolume=0.00504168
new_planned_energy=41.832
