gpsEpsilon=1.31583e-315
gpsVolume=0
mQualEpsilon=0.0179233
mQualVolume=0.0012759
new_planned_energy=48.7201
