gpsEpsilon=1.31079e-315
gpsVolume=0
mQualEpsilon=0.0309242
mQualVolume=0.0017471
new_planned_energy=41.605
