gpsEpsilon=140.946
gpsVolume=131.726
mQualEpsilon=0.0453602
mQualVolume=0.00641881
new_planned_energy=20.0217
