gpsEpsilon=1.13466e-315
gpsVolume=0
mQualEpsilon=-1
mQualVolume=0.0008682
new_planned_energy=41.4229
