gpsEpsilon=1.06045e-316
gpsVolume=0
mQualEpsilon=-1
mQualVolume=0.00160775
new_planned_energy=36.3039
