gpsEpsilon=1.37658e-315
gpsVolume=4.40526e-311
mQualEpsilon=-1
mQualVolume=0.00187428
new_planned_energy=34.9545
