gpsEpsilon=240.667
gpsVolume=87.042
mQualEpsilon=0.00898802
mQualVolume=0.00167994
new_planned_energy=38.6586
