gpsEpsilon=31.0896
gpsVolume=56.8866
mQualEpsilon=0.00576367
mQualVolume=0.00101306
new_planned_energy=54.5549
