epsilon_quality=0.0669695
volume_quality=0.179257
