epsilon_quality=0.0262735
volume_quality=0.0068602
