epsilon_quality=0.0413307
volume_quality=0.0672545
