epsilon_quality=0.0227722
volume_quality=0.0365536
