epsilon_quality=0.134248
volume_quality=0.216107
