epsilon_quality=0.0199963
volume_quality=0.00391598
