epsilon_quality=0.0539627
volume_quality=0.0549262
