epsilon_quality=0.069025
volume_quality=0.0442143
