epsilon_quality=0.191624
volume_quality=0.279776
