epsilon_quality=0.00358731
volume_quality=0.0140441
