epsilon_quality=0.0761937
volume_quality=0.0256236
