epsilon_quality=0.021109
volume_quality=0.0139786
