epsilon_quality=0.0758306
volume_quality=0.0330141
