epsilon_quality=0.0595736
volume_quality=0.020087
