epsilon_quality=0.129572
volume_quality=0.546231
