epsilon_quality=0.0955211
volume_quality=0.214326
