epsilon_quality=0.268654
volume_quality=0.847054
