epsilon_quality=0.0045743
volume_quality=0.0787382
