epsilon_quality=0.122591
volume_quality=0.150579
