epsilon_quality=0.103456
volume_quality=0.420891
