epsilon_quality=0.0285297
volume_quality=0.0276172
