epsilon_quality=0.0322852
volume_quality=0.0168248
