epsilon_quality=0.0941159
volume_quality=0.506484
