epsilon_quality=0.111786
volume_quality=0.301165
