epsilon_quality=0.159907
volume_quality=0.129093
