epsilon_quality=2.77556e-17
volume_quality=0.253169
