epsilon_quality=0.192628
volume_quality=0.53299
