epsilon_quality=0.0823343
volume_quality=0.217425
