epsilon_quality=0.0881641
volume_quality=0.0398838
