epsilon_quality=0.0982589
volume_quality=0.153315
