epsilon_quality=0.0769303
volume_quality=0.234343
