epsilon_quality=0.0155631
volume_quality=0.00402838
