epsilon_quality=0.0260634
volume_quality=0.0217872
