epsilon_quality=0.136001
volume_quality=0.133541
