epsilon_quality=0.0248948
volume_quality=0.0227445
