epsilon_quality=0.137066
volume_quality=0.185061
