epsilon_quality=0.15895
volume_quality=0.14397
