epsilon_quality=0.125665
volume_quality=0.0680064
