epsilon_quality=0.0622613
volume_quality=0.0404203
