epsilon_quality=0.0548409
volume_quality=0.155087
