epsilon_quality=0.0559134
volume_quality=0.0643771
