epsilon_quality=0.108608
volume_quality=0.592854
