epsilon_quality=0.0478685
volume_quality=0.575256
