epsilon_quality=0.0839547
volume_quality=0.373934
