epsilon_quality=0.207606
volume_quality=1.03717
