epsilon_quality=0.108151
volume_quality=0.441738
