epsilon_quality=0.146545
volume_quality=1.49151
