epsilon_quality=0.152814
volume_quality=0.817566
