epsilon_quality=0.0345629
volume_quality=0.010835
