epsilon_quality=0.425389
volume_quality=2.65225
