epsilon_quality=0.136794
volume_quality=0.890623
