epsilon_quality=0.0419938
volume_quality=0.031177
