epsilon_quality=0.0369368
volume_quality=0.00620316
