epsilon_quality=0.0493648
volume_quality=0.00870694
