epsilon_quality=0.219657
volume_quality=0.378596
