epsilon_quality=0.115565
volume_quality=0.227244
