epsilon_quality=0.035388
volume_quality=0.124647
