epsilon_quality=0.0369828
volume_quality=0.0367974
