epsilon_quality=0.0834284
volume_quality=0.0609946
