epsilon_quality=0.111121
volume_quality=0.234104
