epsilon_quality=0.131896
volume_quality=0.204525
