epsilon_quality=0.16122
volume_quality=0.347034
