epsilon_quality=0.0543787
volume_quality=0.0507816
