epsilon_quality=0.0829576
volume_quality=0.068806
