gpsEpsilon=183.134
gpsVolume=28.7024
mQualEpsilon=0.011494
mQualVolume=0.000493217
new_planned_energy=98.1794
