gpsEpsilon=31.8467
gpsVolume=-0.0429134
mQualEpsilon=-1
mQualVolume=0.000145085
new_planned_energy=106.572
