gpsEpsilon=155.093
gpsVolume=0.23282
mQualEpsilon=-1
mQualVolume=0.00045496
new_planned_energy=104.785
