gpsEpsilon=0
gpsVolume=0
mQualEpsilon=0.00534545
mQualVolume=0.000254439
new_planned_energy=93.3191
