gpsEpsilon=14.951
gpsVolume=0.0931712
mQualEpsilon=0.00212874
mQualVolume=7.72381e-05
new_planned_energy=99.3123
