gpsEpsilon=13.0271
gpsVolume=-9.5299
mQualEpsilon=0.0142796
mQualVolume=0.000308971
new_planned_energy=79.5257
