gpsEpsilon=35.1066
gpsVolume=2.42092e-322
mQualEpsilon=0.016486
mQualVolume=0.000647614
new_planned_energy=27.9069
