gpsEpsilon=37.6442
gpsVolume=2.42092e-322
mQualEpsilon=0.0152412
mQualVolume=0.00078494
new_planned_energy=92.5267
