gpsEpsilon=36.8298
gpsVolume=2.42092e-322
mQualEpsilon=0.0437306
mQualVolume=0.0024198
new_planned_energy=110.752
