gpsEpsilon=0.0078125
gpsVolume=0
mQualEpsilon=0.00889048
mQualVolume=8.14752e-05
new_planned_energy=18.6002
