gpsEpsilon=0.0078125
gpsVolume=0
mQualEpsilon=1.83694
mQualVolume=50.4388
new_planned_energy=-1.83694
