gpsEpsilon=0.0078125
gpsVolume=0
mQualEpsilon=1.84468
mQualVolume=52.1626
new_planned_energy=-1.84468
