gpsEpsilon=34.3966
gpsVolume=2.42092e-322
mQualEpsilon=0.0257283
mQualVolume=0.00282641
new_planned_energy=101.045
