gpsEpsilon=4.81133e-316
gpsVolume=6.95335e-310
mQualEpsilon=0.0625746
mQualVolume=0.00364891
new_planned_energy=106.281
