gpsEpsilon=5.33346e-316
gpsVolume=0
mQualEpsilon=0.00570253
mQualVolume=3.51781e-05
new_planned_energy=82.0272
