gpsEpsilon=5.85617e-316
gpsVolume=0
mQualEpsilon=1.40165
mQualVolume=51.7183
new_planned_energy=-1.40165
