gpsEpsilon=5.85617e-316
gpsVolume=0
mQualEpsilon=1.46626
mQualVolume=52.5266
new_planned_energy=-1.46626
