gpsEpsilon=5.85617e-316
gpsVolume=0
mQualEpsilon=-1
mQualVolume=0.000157222
new_planned_energy=11.5212
