gpsEpsilon=5.85617e-316
gpsVolume=0
mQualEpsilon=1.41034
mQualVolume=52.0323
new_planned_energy=-1.41034
