gpsEpsilon=5.54644e-316
gpsVolume=5.33093e-316
mQualEpsilon=0.0179941
mQualVolume=0.000380557
new_planned_energy=112.021
