epsilon_quality=0.153681
volume_quality=0.169206
