epsilon_quality=0.0884962
volume_quality=0.0714991
