epsilon_quality=0.0255089
volume_quality=0.0032442
