epsilon_quality=0.123429
volume_quality=0.363771
