epsilon_quality=0.0348696
volume_quality=0.0918889
