epsilon_quality=0.0635046
volume_quality=0.0342219
