epsilon_quality=0.155629
volume_quality=0.173149
