epsilon_quality=0.0253534
volume_quality=0.00259069
