epsilon_quality=0.0399457
volume_quality=0.0183795
