epsilon_quality=0.0163772
volume_quality=0.00475979
