epsilon_quality=0.0988167
volume_quality=0.043274
