epsilon_quality=0.0317224
volume_quality=0.0252966
