epsilon_quality=0.0295534
volume_quality=0.0317486
