epsilon_quality=0.180509
volume_quality=0.218737
