epsilon_quality=0.052873
volume_quality=0.0372333
