epsilon_quality=0.205709
volume_quality=0.405917
