epsilon_quality=0.102887
volume_quality=0.121462
