epsilon_quality=8.32667e-17
volume_quality=0.00799778
