gpsEpsilon=1.57022e-315
gpsVolume=0
mQualEpsilon=-1
mQualVolume=0.00611338
new_planned_energy=22.164
