gpsEpsilon=1.2628e-315
gpsVolume=0.0138629
mQualEpsilon=-1
mQualVolume=0.00574891
new_planned_energy=40.849
