gpsEpsilon=1.59337e-315
gpsVolume=0
mQualEpsilon=-1
mQualVolume=0.00220879
new_planned_energy=47.5041
