gpsEpsilon=14.481
gpsVolume=28.5138
mQualEpsilon=0.0366044
mQualVolume=0.0235162
new_planned_energy=51.9885
