gpsEpsilon=12.6998
gpsVolume=24.1908
mQualEpsilon=0.00708504
mQualVolume=0.00360921
new_planned_energy=20.074
