gpsEpsilon=1.05606e-315
gpsVolume=0
mQualEpsilon=-1
mQualVolume=0.00595309
new_planned_energy=69.5718
