gpsEpsilon=8.76009e-316
gpsVolume=0
mQualEpsilon=-1
mQualVolume=2.83337e-05
new_planned_energy=74.0253
