gpsEpsilon=1.27065e-315
gpsVolume=0
mQualEpsilon=0.0235076
mQualVolume=0.00768851
new_planned_energy=44.7818
