gpsEpsilon=15.6658
gpsVolume=19.6356
mQualEpsilon=0.00113539
mQualVolume=0.0102696
new_planned_energy=55.8536
