gpsEpsilon=1.26926e-315
gpsVolume=0
mQualEpsilon=0.00113539
mQualVolume=0.0102696
new_planned_energy=27.4953
