gpsEpsilon=1.32579e-315
gpsVolume=9.88131e-324
mQualEpsilon=0.0311804
mQualVolume=0.00169504
new_planned_energy=49.1904
