epsilon_quality=0.0472005
volume_quality=0.0111845
