epsilon_quality=0.0845107
volume_quality=0.106825
