epsilon_quality=0.00421699
volume_quality=0.0281469
