epsilon_quality=0.0490661
volume_quality=0.0818656
