epsilon_quality=0.0361684
volume_quality=0.0147627
