epsilon_quality=0.0358783
volume_quality=0.0154706
