epsilon_quality=0.0668735
volume_quality=0.0201553
