epsilon_quality=0.0795941
volume_quality=0.0277374
