epsilon_quality=0.0766599
volume_quality=0.0694275
