epsilon_quality=0.140043
volume_quality=0.679719
