epsilon_quality=0.109257
volume_quality=0.0904837
