epsilon_quality=0.0248563
volume_quality=0.0141881
