epsilon_quality=0.0514968
volume_quality=0.109735
