epsilon_quality=0.0188693
volume_quality=0.111942
