epsilon_quality=0.0553164
volume_quality=0.0793548
