epsilon_quality=0.208951
volume_quality=0.393658
