epsilon_quality=0.0691393
volume_quality=0.0320022
