epsilon_quality=0.0922115
volume_quality=0.196816
