epsilon_quality=0.0682333
volume_quality=0.0345789
