epsilon_quality=0.0792127
volume_quality=0.74436
