epsilon_quality=0.237004
volume_quality=0.920287
