epsilon_quality=0.0242341
volume_quality=0.0922799
