epsilon_quality=0.0968746
volume_quality=0.0550992
