epsilon_quality=0.169182
volume_quality=0.242524
