epsilon_quality=0.10952
volume_quality=0.181635
