epsilon_quality=0.0643273
volume_quality=0.0598884
