epsilon_quality=0.0472666
volume_quality=0.0375914
