epsilon_quality=0.119755
volume_quality=0.118065
