epsilon_quality=0.162993
volume_quality=0.341238
