epsilon_quality=0.107583
volume_quality=0.350159
