epsilon_quality=0.0325186
volume_quality=0.00207855
