epsilon_quality=0.0953452
volume_quality=0.125904
