epsilon_quality=0.154001
volume_quality=0.163932
