epsilon_quality=0.101356
volume_quality=0.419915
