epsilon_quality=0.0584695
volume_quality=0.250023
