epsilon_quality=0.145882
volume_quality=0.181117
