epsilon_quality=0.11679
volume_quality=0.261176
