epsilon_quality=0.0199801
volume_quality=0.0361212
