epsilon_quality=0.0589438
volume_quality=0.0311948
