epsilon_quality=0.0916872
volume_quality=0.0192974
