epsilon_quality=0.122597
volume_quality=0.159146
