epsilon_quality=0.133862
volume_quality=0.224952
