epsilon_quality=0.0866828
volume_quality=0.332467
