epsilon_quality=0.0192083
volume_quality=0.278804
