epsilon_quality=0.0269934
volume_quality=0.300779
