epsilon_quality=0.120849
volume_quality=0.180331
