epsilon_quality=0.0555518
volume_quality=0.0511585
