epsilon_quality=0.0517151
volume_quality=0.157671
