epsilon_quality=0.0849548
volume_quality=0.0480325
