epsilon_quality=0.124489
volume_quality=0.138381
