epsilon_quality=0.0805952
volume_quality=0.16026
