epsilon_quality=0.155699
volume_quality=0.264457
