epsilon_quality=0.220506
volume_quality=0.265468
