epsilon_quality=0.0503194
volume_quality=0.0376523
