epsilon_quality=0.00216935
volume_quality=0.110182
