epsilon_quality=0.124975
volume_quality=0.408462
