epsilon_quality=0.09829
volume_quality=0.522575
