epsilon_quality=0.171667
volume_quality=0.380805
