epsilon_quality=0.0542033
volume_quality=0.143444
