epsilon_quality=0.0546433
volume_quality=0.0313545
