epsilon_quality=0.0925776
volume_quality=0.0929641
