epsilon_quality=0.0424255
volume_quality=0.093637
