epsilon_quality=0.0982483
volume_quality=0.0887635
