epsilon_quality=0.103407
volume_quality=0.0993591
