epsilon_quality=0.0959807
volume_quality=0.180634
