epsilon_quality=0.0728105
volume_quality=0.0151667
