epsilon_quality=0.0206716
volume_quality=0.0198148
