epsilon_quality=0.0424012
volume_quality=0.00991542
