epsilon_quality=0.0472965
volume_quality=0.0126236
