epsilon_quality=0.0204001
volume_quality=0.0162982
