epsilon_quality=0.0451753
volume_quality=0.0345787
