epsilon_quality=0.050343
volume_quality=0.00974525
