epsilon_quality=0.0820493
volume_quality=0.020349
