epsilon_quality=0.105003
volume_quality=0.0460649
