epsilon_quality=0.0383284
volume_quality=0.0531455
