epsilon_quality=0.170145
volume_quality=0.606347
