epsilon_quality=0.00833785
volume_quality=0.113149
