epsilon_quality=0.111788
volume_quality=0.626174
