epsilon_quality=0.118199
volume_quality=0.0647549
