epsilon_quality=0.232865
volume_quality=0.479333
