epsilon_quality=0.244727
volume_quality=0.765818
