epsilon_quality=0.0338019
volume_quality=0.143356
