epsilon_quality=0.109925
volume_quality=0.0856604
