epsilon_quality=0.134701
volume_quality=0.0948452
