epsilon_quality=0.0975837
volume_quality=0.102772
