epsilon_quality=0.0412506
volume_quality=0.00681372
