epsilon_quality=0.0185653
volume_quality=0.00463898
