epsilon_quality=0.0417049
volume_quality=0.00269725
