epsilon_quality=0.0583815
volume_quality=0.0033012
