epsilon_quality=0.0198158
volume_quality=0.00390225
