epsilon_quality=0.0303481
volume_quality=0.0039807
