epsilon_quality=0.0887847
volume_quality=0.0571512
