epsilon_quality=0.0618079
volume_quality=0.0146643
