epsilon_quality=0.0455165
volume_quality=0.0507675
