epsilon_quality=0.0595954
volume_quality=0.0706805
