epsilon_quality=0.0739325
volume_quality=0.0310282
