epsilon_quality=0.132392
volume_quality=0.181564
