epsilon_quality=0.120299
volume_quality=0.11928
