gpsEpsilon=34.3969
gpsVolume=54.8668
mQualEpsilon=0.0511169
mQualVolume=0.00473606
new_planned_energy=34.0626
