gpsEpsilon=30.0827
gpsVolume=63.6989
mQualEpsilon=-1
mQualVolume=2.35517
new_planned_energy=3.75419
