gpsEpsilon=30.8059
gpsVolume=63.6989
mQualEpsilon=0.0673949
mQualVolume=0.00513274
new_planned_energy=16.6315
