gpsEpsilon=30.3088
gpsVolume=64.2125
mQualEpsilon=0.0226178
mQualVolume=0.00210234
new_planned_energy=56.2771
