gpsEpsilon=26.6883
gpsVolume=237.012
mQualEpsilon=0.0384225
mQualVolume=0.00288224
new_planned_energy=111.192
