gpsEpsilon=25.6243
gpsVolume=181.096
mQualEpsilon=0.0859708
mQualVolume=0.0194154
new_planned_energy=35.7797
