gpsEpsilon=16.4315
gpsVolume=193.604
mQualEpsilon=0.0110894
mQualVolume=0.00365977
new_planned_energy=67.3395
