gpsEpsilon=30.1485
gpsVolume=54.0763
mQualEpsilon=0.231693
mQualVolume=4.49981
new_planned_energy=-0.231693
