gpsEpsilon=29.7071
gpsVolume=57.7352
mQualEpsilon=0.0184881
mQualVolume=0.0120094
new_planned_energy=51.7286
