gpsEpsilon=31.6433
gpsVolume=57.7352
mQualEpsilon=0.00449659
mQualVolume=0.00976675
new_planned_energy=78.5126
