gpsEpsilon=29.7437
gpsVolume=57.7352
mQualEpsilon=0.032167
mQualVolume=0.00313061
new_planned_energy=63.7613
