epsilon_quality=0.0564517
volume_quality=0.123313
