epsilon_quality=0.0483492
volume_quality=0.0773449
