epsilon_quality=0.0338134
volume_quality=0.0508635
