epsilon_quality=0.0240573
volume_quality=0.00774733
