epsilon_quality=0.222181
volume_quality=0.75212
