epsilon_quality=0.151324
volume_quality=0.551515
