epsilon_quality=0.252111
volume_quality=0.671391
