epsilon_quality=0.00631221
volume_quality=0.00360879
