epsilon_quality=0.00332787
volume_quality=0.00245891
