gpsEpsilon=2.24438e-316
gpsVolume=0
mQualEpsilon=-1
mQualVolume=0.00151485
new_planned_energy=46.3122
