gpsEpsilon=2.87255e-316
gpsVolume=0
mQualEpsilon=0.113934
mQualVolume=0.016547
new_planned_energy=35.1275
