gpsEpsilon=2.87255e-316
gpsVolume=0
mQualEpsilon=1.19429
mQualVolume=40.4933
new_planned_energy=-1.19429
