gpsEpsilon=215.646
gpsVolume=69.6646
mQualEpsilon=0.189585
mQualVolume=0.043901
new_planned_energy=62.1244
