gpsEpsilon=209.321
gpsVolume=63.2376
mQualEpsilon=0.0593637
mQualVolume=0.0114885
new_planned_energy=37.7008
