gpsEpsilon=209.462
gpsVolume=64.4152
mQualEpsilon=0.058167
mQualVolume=0.00629238
new_planned_energy=29.9607
