gpsEpsilon=220.234
gpsVolume=63.7492
mQualEpsilon=0.0881064
mQualVolume=0.0377138
new_planned_energy=61.9847
