gpsEpsilon=2.59511e-316
gpsVolume=3.6348e-316
mQualEpsilon=-1
mQualVolume=0.00554365
new_planned_energy=42.5603
