gpsEpsilon=6.06292e-316
gpsVolume=4.1932e-316
mQualEpsilon=0.0948073
mQualVolume=0.0128397
new_planned_energy=44.1934
