gpsEpsilon=4.03179e-313
gpsVolume=-nan
mQualEpsilon=-1
mQualVolume=0.00428028
new_planned_energy=31.5522
