gpsEpsilon=79.2653
gpsVolume=84.5485
mQualEpsilon=0.0292404
mQualVolume=0.00997691
new_planned_energy=37.3815
