gpsEpsilon=85.3679
gpsVolume=91.1586
mQualEpsilon=0.0758173
mQualVolume=0.00981593
new_planned_energy=35.9894
