gpsEpsilon=99.567
gpsVolume=90.8294
mQualEpsilon=0.134986
mQualVolume=0.0368128
new_planned_energy=47.6536
