gpsEpsilon=221.389
gpsVolume=68.3735
mQualEpsilon=0.102633
mQualVolume=0.0257317
new_planned_energy=50.6819
