gpsEpsilon=220.699
gpsVolume=71.7111
mQualEpsilon=0.0935665
mQualVolume=0.0384849
new_planned_energy=54.6073
