gpsEpsilon=205.599
gpsVolume=63.7492
mQualEpsilon=0.0979905
mQualVolume=0.0166351
new_planned_energy=55.0516
