epsilon_quality=0.0354606
volume_quality=0.034224
