epsilon_quality=0.0644145
volume_quality=0.088113
