epsilon_quality=0.077141
volume_quality=0.147413
