epsilon_quality=0.0371838
volume_quality=0.0512743
