epsilon_quality=0.0866153
volume_quality=0.059493
