epsilon_quality=0.136302
volume_quality=0.22318
