epsilon_quality=0.046606
volume_quality=0.0530983
