epsilon_quality=0.0749423
volume_quality=0.0627589
