epsilon_quality=0.31574
volume_quality=1.65907
