epsilon_quality=0.161759
volume_quality=0.270679
