epsilon_quality=0.055671
volume_quality=0.0223908
