epsilon_quality=0.0847653
volume_quality=0.0504064
