epsilon_quality=0.0313634
volume_quality=0.314916
