epsilon_quality=0.103021
volume_quality=0.101017
