epsilon_quality=0.141555
volume_quality=0.352652
