epsilon_quality=0.00338649
volume_quality=0.148859
