epsilon_quality=0.13291
volume_quality=0.412263
