epsilon_quality=0.220159
volume_quality=0.872225
