epsilon_quality=0.370225
volume_quality=1.32747
