epsilon_quality=0.126232
volume_quality=0.113868
