epsilon_quality=0.119461
volume_quality=0.060479
