epsilon_quality=0.104567
volume_quality=0.0731416
