epsilon_quality=0.0408098
volume_quality=0.0371387
