epsilon_quality=0.115871
volume_quality=0.197045
