epsilon_quality=0.0999106
volume_quality=0.142337
