epsilon_quality=0.097421
volume_quality=0.110334
