epsilon_quality=0.276629
volume_quality=0.471879
