gpsEpsilon=110.702
gpsVolume=9.00252
mQualEpsilon=-1
mQualVolume=0.00470826
new_planned_energy=40.5811
