gpsEpsilon=1.21744e-315
gpsVolume=9.27388e-316
mQualEpsilon=-1
mQualVolume=0.00285808
new_planned_energy=69.676
