gpsEpsilon=226.171
gpsVolume=105.7
mQualEpsilon=0.0595412
mQualVolume=0.00317819
new_planned_energy=35.72
