gpsEpsilon=226.171
gpsVolume=105.7
mQualEpsilon=1.89443
mQualVolume=57.7702
new_planned_energy=-1.89443
