gpsEpsilon=7.60589e-316
gpsVolume=4.00963e-316
mQualEpsilon=-1
mQualVolume=0.00892765
new_planned_energy=52.9744
