gpsEpsilon=145.42
gpsVolume=9.81426
mQualEpsilon=-1
mQualVolume=0.00863821
new_planned_energy=22.7481
