gpsEpsilon=98.2264
gpsVolume=50.0073
mQualEpsilon=0.0696949
mQualVolume=0.00875598
new_planned_energy=47.5202
