gpsEpsilon=136.643
gpsVolume=92.5612
mQualEpsilon=0.0729705
mQualVolume=0.0231975
new_planned_energy=65.7948
