gpsEpsilon=133.245
gpsVolume=90.743
mQualEpsilon=0.000501375
mQualVolume=0.002475
new_planned_energy=45.1918
