gpsEpsilon=110.604
gpsVolume=49.784
mQualEpsilon=0.0125323
mQualVolume=0.006858
new_planned_energy=32.5739
