epsilon_quality=0.0386951
volume_quality=0.0942944
