epsilon_quality=0.0560633
volume_quality=0.217347
