epsilon_quality=0.00762286
volume_quality=0.0162436
