epsilon_quality=0.0439643
volume_quality=0.0133833
