epsilon_quality=0.150277
volume_quality=0.77509
