epsilon_quality=0.197703
volume_quality=0.489281
