epsilon_quality=0.320538
volume_quality=1.90662
