epsilon_quality=0.0564013
volume_quality=0.00595694
