epsilon_quality=0.157781
volume_quality=0.215632
