epsilon_quality=0.0825642
volume_quality=0.19903
