epsilon_quality=0.197565
volume_quality=1.07888
