epsilon_quality=0.115432
volume_quality=0.14544
