epsilon_quality=0.0680511
volume_quality=0.057081
