epsilon_quality=0.0182831
volume_quality=0.0299125
