epsilon_quality=0.154881
volume_quality=0.261758
