epsilon_quality=0.0168714
volume_quality=0.0175559
