epsilon_quality=0.102464
volume_quality=0.177326
