epsilon_quality=0.0792391
volume_quality=0.0474887
