epsilon_quality=0.195165
volume_quality=0.385601
