epsilon_quality=0.0306422
volume_quality=0.0121386
