epsilon_quality=0.0523305
volume_quality=0.0160662
