epsilon_quality=0.168191
volume_quality=0.688373
