epsilon_quality=0.060527
volume_quality=0.116575
