epsilon_quality=0.0205598
volume_quality=0.00643044
