epsilon_quality=0.0435519
volume_quality=0.00525258
