epsilon_quality=0.243455
volume_quality=0.504172
