epsilon_quality=0.230468
volume_quality=0.492052
