epsilon_quality=0.0496081
volume_quality=0.0241752
