epsilon_quality=0.0529223
volume_quality=0.113298
