epsilon_quality=0.0975552
volume_quality=0.15719
