epsilon_quality=0.0727587
volume_quality=0.170273
