epsilon_quality=0.0869972
volume_quality=0.212538
