epsilon_quality=0.0666437
volume_quality=0.0381095
