epsilon_quality=0.00974718
volume_quality=0.242777
