epsilon_quality=0.0113536
volume_quality=0.0264278
