epsilon_quality=0.0260438
volume_quality=0.00271581
