epsilon_quality=0.120932
volume_quality=0.274715
