epsilon_quality=0.0729777
volume_quality=0.65171
