epsilon_quality=0.166928
volume_quality=0.334778
