epsilon_quality=0.0391597
volume_quality=0.0310518
