epsilon_quality=0.320783
volume_quality=1.77698
