epsilon_quality=0.125085
volume_quality=0.123595
