epsilon_quality=0.146345
volume_quality=0.600376
