epsilon_quality=0.0199426
volume_quality=0.21004
