epsilon_quality=0.0737825
volume_quality=0.216876
