epsilon_quality=0.0630219
volume_quality=0.247524
