epsilon_quality=0.177589
volume_quality=0.314147
