epsilon_quality=0.00496923
volume_quality=0.126436
