epsilon_quality=0.0177146
volume_quality=0.095284
