epsilon_quality=0.0467634
volume_quality=0.0756344
