epsilon_quality=0.26444
volume_quality=0.998627
