epsilon_quality=0.136797
volume_quality=0.540646
