epsilon_quality=0.109687
volume_quality=0.106136
