epsilon_quality=0.0469728
volume_quality=0.0168057
