epsilon_quality=0.0506198
volume_quality=0.0149841
