epsilon_quality=0.148575
volume_quality=0.215882
