gpsEpsilon=86.5231
gpsVolume=154.335
mQualEpsilon=0.0998216
mQualVolume=0.0327019
new_planned_energy=40.6514
