gpsEpsilon=0
gpsVolume=0
mQualEpsilon=0.0575422
mQualVolume=0.0122384
new_planned_energy=15.7987
