gpsEpsilon=0
gpsVolume=0.0078125
mQualEpsilon=1.41675
mQualVolume=49.2451
new_planned_energy=-1.41675
