gpsEpsilon=0
gpsVolume=0.0078125
mQualEpsilon=0.0111119
mQualVolume=0.0244315
new_planned_energy=30.9896
