gpsEpsilon=0
gpsVolume=0.0078125
mQualEpsilon=1.40358
mQualVolume=47.8812
new_planned_energy=-1.40358
