gpsEpsilon=0.0078125
gpsVolume=0
mQualEpsilon=0.568557
mQualVolume=32.1625
new_planned_energy=-0.568557
