gpsEpsilon=0.0078125
gpsVolume=0
mQualEpsilon=1.63244
mQualVolume=56.1953
new_planned_energy=-1.63244
