gpsEpsilon=0.0078125
gpsVolume=0
mQualEpsilon=1.71065
mQualVolume=56.9697
new_planned_energy=33.6359
