gpsEpsilon=0.0078125
gpsVolume=0
mQualEpsilon=1.76968
mQualVolume=55.8887
new_planned_energy=-1.76968
