gpsEpsilon=2.54639e-313
gpsVolume=1.90123e-315
mQualEpsilon=-1
mQualVolume=0.0179271
new_planned_energy=29.8471
