gpsEpsilon=6.71304
gpsVolume=236.653
mQualEpsilon=1.03154
mQualVolume=50.1394
new_planned_energy=-1.03154
