gpsEpsilon=69.2437
gpsVolume=193.671
mQualEpsilon=0.0575422
mQualVolume=0.0122384
new_planned_energy=20.5952
