gpsEpsilon=71.1243
gpsVolume=186.382
mQualEpsilon=1.75022
mQualVolume=52.9879
new_planned_energy=-1.75022
