gpsEpsilon=71.1243
gpsVolume=186.382
mQualEpsilon=1.73223
mQualVolume=53.1187
new_planned_energy=-1.73223
