gpsEpsilon=71.1243
gpsVolume=186.382
mQualEpsilon=1.70824
mQualVolume=53.5335
new_planned_energy=-1.70824
