gpsEpsilon=71.1243
gpsVolume=186.382
mQualEpsilon=1.66838
mQualVolume=53.5877
new_planned_energy=-1.66838
