gpsEpsilon=61.3921
gpsVolume=156.679
mQualEpsilon=1.89111
mQualVolume=51.2539
new_planned_energy=-1.89111
