gpsEpsilon=74.8322
gpsVolume=163.547
mQualEpsilon=-1
mQualVolume=0.0118546
new_planned_energy=8.76736
