gpsEpsilon=50.9603
gpsVolume=137.682
mQualEpsilon=1.39728
mQualVolume=43.6609
new_planned_energy=-1.39728
