gpsEpsilon=50.9603
gpsVolume=137.682
mQualEpsilon=1.39227
mQualVolume=47.811
new_planned_energy=-1.39227
