epsilon_quality=0.0958598
volume_quality=0.0960071
