epsilon_quality=0.0661803
volume_quality=0.161429
