epsilon_quality=0.0272644
volume_quality=0.0261787
