epsilon_quality=0.0911233
volume_quality=0.126046
