epsilon_quality=0.0800927
volume_quality=0.0506428
