epsilon_quality=0.0232662
volume_quality=0.0321451
