epsilon_quality=0.154539
volume_quality=0.441397
