epsilon_quality=0.0449743
volume_quality=0.0152401
