epsilon_quality=0.0214864
volume_quality=0.0744807
