epsilon_quality=0.0658571
volume_quality=0.0237532
