epsilon_quality=0.106749
volume_quality=0.304458
