epsilon_quality=0.109509
volume_quality=1.28717
