epsilon_quality=0.0432181
volume_quality=0.0192588
