epsilon_quality=0.0566901
volume_quality=0.0309434
