epsilon_quality=0.129274
volume_quality=0.172546
