epsilon_quality=0.0824335
volume_quality=0.174004
