epsilon_quality=0.00522361
volume_quality=0.042548
