epsilon_quality=0.0468353
volume_quality=0.246465
