epsilon_quality=0.0334062
volume_quality=0.0483813
