epsilon_quality=0.0372177
volume_quality=0.164004
