epsilon_quality=0.215087
volume_quality=0.642848
