gpsEpsilon=20.3731
gpsVolume=68.2333
mQualEpsilon=0.00614234
mQualVolume=0.0137617
new_planned_energy=42.6508
