gpsEpsilon=18.0297
gpsVolume=26.0137
mQualEpsilon=0.00890067
mQualVolume=0.00486104
new_planned_energy=66.4731
