gpsEpsilon=17.9192
gpsVolume=36.4962
mQualEpsilon=0.0240388
mQualVolume=0.00930229
new_planned_energy=33.4995
