gpsEpsilon=23.3118
gpsVolume=37.2234
mQualEpsilon=0.0181139
mQualVolume=0.000563391
new_planned_energy=69.7011
