gpsEpsilon=32.5722
gpsVolume=27.2471
mQualEpsilon=0.0439131
mQualVolume=0.00763793
new_planned_energy=78.1505
