gpsEpsilon=15.2888
gpsVolume=43.3194
mQualEpsilon=0.0592301
mQualVolume=0.0101827
new_planned_energy=78.8903
