gpsEpsilon=30.6446
gpsVolume=53.1203
mQualEpsilon=0.0327581
mQualVolume=0.00287926
new_planned_energy=64.0724
