gpsEpsilon=32.8303
gpsVolume=48.2623
mQualEpsilon=0.0555349
mQualVolume=0.00488916
new_planned_energy=46.5863
