gpsEpsilon=23.8064
gpsVolume=68.2412
mQualEpsilon=0.0190155
mQualVolume=0.00161489
new_planned_energy=61.2134
