epsilon_quality=0.130981
volume_quality=0.319538
