epsilon_quality=0.0426351
volume_quality=0.0232423
