gpsEpsilon=76.4357
gpsVolume=180.545
mQualEpsilon=0.0223296
mQualVolume=0.0132321
new_planned_energy=12.0248
