gpsEpsilon=75.8914
gpsVolume=177.89
mQualEpsilon=0.0146923
mQualVolume=0.000539274
new_planned_energy=61.0364
