gpsEpsilon=75.2676
gpsVolume=178.039
mQualEpsilon=0.0153308
mQualVolume=0.00121607
new_planned_energy=53.6603
