gpsEpsilon=79.0326
gpsVolume=174.685
mQualEpsilon=0.013537
mQualVolume=0.00107061
new_planned_energy=24.757
