gpsEpsilon=82.2896
gpsVolume=219.429
mQualEpsilon=0.0317465
mQualVolume=0.00701923
new_planned_energy=42.3767
