gpsEpsilon=90.851
gpsVolume=247.488
mQualEpsilon=0.0135743
mQualVolume=0.00657701
new_planned_energy=30.3526
