gpsEpsilon=86.6343
gpsVolume=194.911
mQualEpsilon=0.0666294
mQualVolume=0.0172966
new_planned_energy=15.982
