gpsEpsilon=77.1309
gpsVolume=191.778
mQualEpsilon=0.109132
mQualVolume=0.0125839
new_planned_energy=52.6723
