gpsEpsilon=86.1558
gpsVolume=192.464
mQualEpsilon=0.0122346
mQualVolume=0.00245998
new_planned_energy=31.8635
