gpsEpsilon=91.1408
gpsVolume=125.248
mQualEpsilon=0.0132892
mQualVolume=0.00611774
new_planned_energy=35.1238
