gpsEpsilon=71.9788
gpsVolume=173.234
mQualEpsilon=0.00860455
mQualVolume=0.00431086
new_planned_energy=35.1699
