gpsEpsilon=87.4034
gpsVolume=182.617
mQualEpsilon=0.0408308
mQualVolume=0.00165153
new_planned_energy=55.9279
