epsilon_quality=0.131951
volume_quality=0.117435
