epsilon_quality=0.0526475
volume_quality=0.0537153
