epsilon_quality=0.0305792
volume_quality=0.0164971
