epsilon_quality=0.0337719
volume_quality=0.00592347
