epsilon_quality=0.0067245
volume_quality=0.00176448
