epsilon_quality=0.0795406
volume_quality=0.0752694
