epsilon_quality=0.106067
volume_quality=0.162081
