epsilon_quality=0.137311
volume_quality=0.0421609
