epsilon_quality=0.0977303
volume_quality=0.0444679
