epsilon_quality=0.214782
volume_quality=0.972838
