epsilon_quality=0.0763388
volume_quality=0.0228266
