epsilon_quality=0.0479003
volume_quality=0.048398
