epsilon_quality=0.0892238
volume_quality=0.10695
