epsilon_quality=0.0173659
volume_quality=0.110627
