epsilon_quality=0.170208
volume_quality=0.423193
