epsilon_quality=0.0529261
volume_quality=0.183774
