gpsEpsilon=135.146
gpsVolume=179.132
mQualEpsilon=0.0178415
mQualVolume=0.00734206
new_planned_energy=41.7503
