gpsEpsilon=115.919
gpsVolume=178.539
mQualEpsilon=0.0304679
mQualVolume=0.0460551
new_planned_energy=38.6957
