gpsEpsilon=128.481
gpsVolume=181.882
mQualEpsilon=1.52246
mQualVolume=46.4181
new_planned_energy=-1.52246
