gpsEpsilon=128.481
gpsVolume=181.882
mQualEpsilon=0.0177422
mQualVolume=0.00238629
new_planned_energy=23.6344
