gpsEpsilon=135.146
gpsVolume=177.692
mQualEpsilon=0.0123904
mQualVolume=0.0137924
new_planned_energy=41.0374
