gpsEpsilon=130.868
gpsVolume=176.422
mQualEpsilon=0.0167896
mQualVolume=0.00116944
new_planned_energy=107.63
