gpsEpsilon=116.62
gpsVolume=176.522
mQualEpsilon=0.0452829
mQualVolume=0.0164861
new_planned_energy=53.0026
