gpsEpsilon=23.7398
gpsVolume=199.271
mQualEpsilon=0.0233784
mQualVolume=0.00311725
new_planned_energy=101.399
