gpsEpsilon=46.2818
gpsVolume=59.6918
mQualEpsilon=1.47326
mQualVolume=46.7418
new_planned_energy=-1.47326
