gpsEpsilon=35.2636
gpsVolume=43.9481
mQualEpsilon=0.0102256
mQualVolume=0.0029399
new_planned_energy=39.8438
