gpsEpsilon=109.164
gpsVolume=181.147
mQualEpsilon=1.55796
mQualVolume=51.7322
new_planned_energy=-1.55796
