gpsEpsilon=109.164
gpsVolume=181.147
mQualEpsilon=1.20891
mQualVolume=27.8972
new_planned_energy=-1.20891
