gpsEpsilon=120.842
gpsVolume=182.648
mQualEpsilon=0.00452967
mQualVolume=0.0071196
new_planned_energy=63.7595
