gpsEpsilon=111.175
gpsVolume=247.22
mQualEpsilon=0.0371828
mQualVolume=0.00693057
new_planned_energy=58.3323
