gpsEpsilon=135.146
gpsVolume=182.411
mQualEpsilon=0.0319331
mQualVolume=0.0078711
new_planned_energy=19.1965
