epsilon_quality=0.166466
volume_quality=0.291201
