epsilon_quality=0.0999185
volume_quality=0.304034
