epsilon_quality=0.162609
volume_quality=0.347402
