epsilon_quality=0.143744
volume_quality=0.184822
