epsilon_quality=0.23172
volume_quality=0.724379
