epsilon_quality=0.242485
volume_quality=2.32345
