epsilon_quality=0.0514018
volume_quality=0.132311
