epsilon_quality=0.283197
volume_quality=0.445361
