epsilon_quality=0.128253
volume_quality=0.0992077
