epsilon_quality=0.209192
volume_quality=0.610479
