epsilon_quality=0.110987
volume_quality=0.0728915
