epsilon_quality=0.0234327
volume_quality=0.0479213
