epsilon_quality=0.0276518
volume_quality=0.0671848
