epsilon_quality=0.107541
volume_quality=0.0498514
