epsilon_quality=0.211295
volume_quality=0.393256
