epsilon_quality=0.121372
volume_quality=0.0532662
