epsilon_quality=0.130463
volume_quality=0.134659
