epsilon_quality=0.0636079
volume_quality=0.0396921
