epsilon_quality=0.0807012
volume_quality=0.132597
