epsilon_quality=0.0580293
volume_quality=0.043514
