epsilon_quality=0.0987879
volume_quality=0.0611799
