epsilon_quality=0.145268
volume_quality=0.455957
