epsilon_quality=0.238868
volume_quality=0.578226
