epsilon_quality=0.115258
volume_quality=0.268795
