epsilon_quality=0.160236
volume_quality=0.583787
