epsilon_quality=0.0864051
volume_quality=0.110596
