epsilon_quality=0.0489708
volume_quality=0.344318
