epsilon_quality=0.0477349
volume_quality=0.0880522
