epsilon_quality=0.0468976
volume_quality=0.0233277
