epsilon_quality=0.105092
volume_quality=0.0809345
