epsilon_quality=0.0619782
volume_quality=0.279541
