epsilon_quality=0.122117
volume_quality=0.124532
