epsilon_quality=0.218705
volume_quality=0.505989
