epsilon_quality=0.0331848
volume_quality=0.79459
