epsilon_quality=0.0563353
volume_quality=0.0174775
