epsilon_quality=0.0949923
volume_quality=0.0329946
