epsilon_quality=0.0508067
volume_quality=0.0576092
