epsilon_quality=0.0656016
volume_quality=0.177868
