epsilon_quality=0.000786373
volume_quality=0.0433241
