epsilon_quality=0.152722
volume_quality=0.174549
