epsilon_quality=0.0923531
volume_quality=0.479252
