epsilon_quality=0.118949
volume_quality=0.444784
