epsilon_quality=0.000507243
volume_quality=0.0518498
