epsilon_quality=0.057064
volume_quality=0.0716305
