gpsEpsilon=-37.0392
gpsVolume=19.6576
mQualEpsilon=1.84426
mQualVolume=56.7646
new_planned_energy=-1.84426
