gpsEpsilon=-37.0392
gpsVolume=19.6576
mQualEpsilon=1.74257
mQualVolume=56.7735
new_planned_energy=-1.74257
