gpsEpsilon=1.18384e-315
gpsVolume=8.95132e-316
mQualEpsilon=-1
mQualVolume=0.00595155
new_planned_energy=39.0643
