gpsEpsilon=-1.79769e+308
gpsVolume=0
mQualEpsilon=-1
mQualVolume=0.000675515
new_planned_energy=67.4799
