gpsEpsilon=0
gpsVolume=0
mQualEpsilon=0.0669505
mQualVolume=0.0180568
new_planned_energy=29.3379
