gpsEpsilon=1.20187e-315
gpsVolume=0
mQualEpsilon=0.017498
mQualVolume=0.00774289
new_planned_energy=11.1336
