gpsEpsilon=1.20187e-315
gpsVolume=0
mQualEpsilon=1.73402
mQualVolume=58.8483
new_planned_energy=11.3862
