gpsEpsilon=6.83812e-316
gpsVolume=0
mQualEpsilon=0.0168107
mQualVolume=0.0135287
new_planned_energy=24.869
