gpsEpsilon=160.637
gpsVolume=137.877
mQualEpsilon=0.0189985
mQualVolume=0.0132364
new_planned_energy=58.3017
