gpsEpsilon=10.177
gpsVolume=134.251
mQualEpsilon=0.0221099
mQualVolume=0.0147622
new_planned_energy=75.9337
