gpsEpsilon=1.37629e-315
gpsVolume=0
mQualEpsilon=0.0327538
mQualVolume=0.00322547
new_planned_energy=62.2336
