gpsEpsilon=10.7314
gpsVolume=-11.51
mQualEpsilon=1.67793
mQualVolume=51.407
new_planned_energy=-1.67793
