epsilon_quality=0.142427
volume_quality=0.162599
