epsilon_quality=0.00875109
volume_quality=0.0279814
