gpsEpsilon=55.5231
gpsVolume=105.693
mQualEpsilon=0.000947247
mQualVolume=0.00866631
new_planned_energy=47.5841
