gpsEpsilon=52.8526
gpsVolume=105.862
mQualEpsilon=0.00957136
mQualVolume=0.00377174
new_planned_energy=102.94
