gpsEpsilon=53.1233
gpsVolume=104.244
mQualEpsilon=0.016608
mQualVolume=0.0033809
new_planned_energy=46.01
