gpsEpsilon=52.6318
gpsVolume=106.81
mQualEpsilon=0.00433383
mQualVolume=0.0046469
new_planned_energy=53.4483
