gpsEpsilon=53.4284
gpsVolume=102.583
mQualEpsilon=0.0406079
mQualVolume=0.00658933
new_planned_energy=65.6311
