gpsEpsilon=-0.486886
gpsVolume=0.592859
mQualEpsilon=0.0215319
mQualVolume=0.00421898
new_planned_energy=58.2248
