gpsEpsilon=56.724
gpsVolume=106.065
mQualEpsilon=0.0486467
mQualVolume=0.0101881
new_planned_energy=75.5182
