gpsEpsilon=57.1642
gpsVolume=105.767
mQualEpsilon=0.00839995
mQualVolume=0.000232336
new_planned_energy=46.0864
