gpsEpsilon=57.8343
gpsVolume=106.12
mQualEpsilon=0.0280438
mQualVolume=0.00280658
new_planned_energy=92.4052
