gpsEpsilon=54.9171
gpsVolume=106.058
mQualEpsilon=0.017527
mQualVolume=0.0115261
new_planned_energy=0
