gpsEpsilon=55.5592
gpsVolume=105.75
mQualEpsilon=0.0478891
mQualVolume=0.00246515
new_planned_energy=42.3763
