gpsEpsilon=55.8076
gpsVolume=102.816
mQualEpsilon=0.00518928
mQualVolume=0.00235947
new_planned_energy=66.1216
