epsilon_quality=0.0219263
volume_quality=0.671528
