epsilon_quality=0.122618
volume_quality=0.280069
