epsilon_quality=0.05924
volume_quality=0.111291
