epsilon_quality=0.0516338
volume_quality=0.0953162
