epsilon_quality=0.0286512
volume_quality=0.0317784
