gpsEpsilon=24.8173
gpsVolume=63.1015
mQualEpsilon=0.102616
mQualVolume=0.0215608
new_planned_energy=50.5564
