gpsEpsilon=35.8257
gpsVolume=57.4998
mQualEpsilon=0.0048087
mQualVolume=0.018654
new_planned_energy=32.2573
