gpsEpsilon=27.9578
gpsVolume=69.3608
mQualEpsilon=0.0489866
mQualVolume=0.0183285
new_planned_energy=39.7833
