gpsEpsilon=9.40742
gpsVolume=45.5755
mQualEpsilon=0.0466666
mQualVolume=0.00641348
new_planned_energy=91.9776
