gpsEpsilon=9.40742
gpsVolume=45.7182
mQualEpsilon=-1
mQualVolume=0.00238944
new_planned_energy=66.0239
