gpsEpsilon=22.7465
gpsVolume=59.7568
mQualEpsilon=0.00200215
mQualVolume=0.00106965
new_planned_energy=62.014
