gpsEpsilon=18.5627
gpsVolume=69.3031
mQualEpsilon=0.0575231
mQualVolume=0.0246391
new_planned_energy=50.8622
