gpsEpsilon=24.6437
gpsVolume=75.5734
mQualEpsilon=0.0150579
mQualVolume=0.00475616
new_planned_energy=69.7526
