gpsEpsilon=22.7847
gpsVolume=64.3042
mQualEpsilon=1.81604
mQualVolume=48.1752
new_planned_energy=-1.81604
