gpsEpsilon=22.7847
gpsVolume=64.3042
mQualEpsilon=1.84394
mQualVolume=51.3079
new_planned_energy=-1.84394
