gpsEpsilon=22.7847
gpsVolume=64.3042
mQualEpsilon=1.84066
mQualVolume=49.2984
new_planned_energy=-1.84066
