epsilon_quality=0.0970971
volume_quality=0.484697
