epsilon_quality=0.143537
volume_quality=0.48086
