epsilon_quality=0.223237
volume_quality=0.493415
