epsilon_quality=0.0572529
volume_quality=0.0131773
