epsilon_quality=0.0706169
volume_quality=0.128566
