epsilon_quality=0.061226
volume_quality=0.42147
