epsilon_quality=0.0167432
volume_quality=0.0962737
