epsilon_quality=0.421188
volume_quality=1.86279
