epsilon_quality=0.349976
volume_quality=2.36534
