epsilon_quality=0.276023
volume_quality=1.87086
