epsilon_quality=0.0946616
volume_quality=0.239101
