epsilon_quality=0.0992011
volume_quality=0.118228
