epsilon_quality=0.113681
volume_quality=0.191062
