epsilon_quality=0.162796
volume_quality=0.342909
