epsilon_quality=0.16378
volume_quality=0.156536
