epsilon_quality=0.0895799
volume_quality=0.282543
