epsilon_quality=0.029997
volume_quality=0.00178391
