gpsEpsilon=32.9936
gpsVolume=46.5673
mQualEpsilon=0.0402172
mQualVolume=0.00264668
new_planned_energy=60.753
