gpsEpsilon=20.2444
gpsVolume=27.1201
mQualEpsilon=0.0154572
mQualVolume=0.00369418
new_planned_energy=56.2273
