gpsEpsilon=33.2494
gpsVolume=28.6677
mQualEpsilon=0.00602536
mQualVolume=0.000103345
new_planned_energy=69.5451
