gpsEpsilon=18.5083
gpsVolume=26.8122
mQualEpsilon=0.0287422
mQualVolume=0.005469
new_planned_energy=53.2572
