gpsEpsilon=24.8407
gpsVolume=40.974
mQualEpsilon=0.0326704
mQualVolume=0.00156168
new_planned_energy=33.8996
