gpsEpsilon=17.9958
gpsVolume=48.1754
mQualEpsilon=0.0176859
mQualVolume=0.00312052
new_planned_energy=17.308
