gpsEpsilon=22.0434
gpsVolume=28.1483
mQualEpsilon=0.00678311
mQualVolume=0.00122798
new_planned_energy=28.9057
