gpsEpsilon=17.3279
gpsVolume=27.2951
mQualEpsilon=0.0254323
mQualVolume=0.00317571
new_planned_energy=58.1968
