epsilon_quality=0.112274
volume_quality=0.25539
