epsilon_quality=0.0583305
volume_quality=0.307926
