epsilon_quality=0.00401867
volume_quality=0.0455896
