epsilon_quality=0.0693171
volume_quality=0.0825318
