epsilon_quality=0.0791615
volume_quality=0.318709
