epsilon_quality=0.297016
volume_quality=1.01554
