gpsEpsilon=0.000613862
gpsVolume=4.55802
mQualEpsilon=0.0597479
mQualVolume=0.0168475
new_planned_energy=47.9917
