gpsEpsilon=-11.51
gpsVolume=-25.727
mQualEpsilon=0.039145
mQualVolume=0.0136449
new_planned_energy=69.359
