gpsEpsilon=-2.68577
gpsVolume=10.7302
mQualEpsilon=-1
mQualVolume=0.00223682
new_planned_energy=85.4875
