gpsEpsilon=13.761
gpsVolume=7.932
mQualEpsilon=0.0854837
mQualVolume=0.00957957
new_planned_energy=47.0778
