gpsEpsilon=1.30423e-76
gpsVolume=1.6561e-76
mQualEpsilon=0.102608
mQualVolume=0.0244464
new_planned_energy=46.8412
