gpsEpsilon=2.4292e-316
gpsVolume=0
mQualEpsilon=0.134194
mQualVolume=0.0435349
new_planned_energy=71.8616
