gpsEpsilon=7.67979e-316
gpsVolume=0
mQualEpsilon=0.0399011
mQualVolume=0.0129886
new_planned_energy=57.7553
