gpsEpsilon=0
gpsVolume=1.061e-314
mQualEpsilon=0.0380309
mQualVolume=0.0120165
new_planned_energy=55.7858
