gpsEpsilon=0
gpsVolume=1.061e-314
mQualEpsilon=0.0512571
mQualVolume=0.00493028
new_planned_energy=30.7787
