gpsEpsilon=5.94584e-316
gpsVolume=0
mQualEpsilon=-1
mQualVolume=0.00417482
new_planned_energy=87.0662
