gpsEpsilon=2.704e-316
gpsVolume=0
mQualEpsilon=0.0165864
mQualVolume=0.0114645
new_planned_energy=74.7279
