gpsEpsilon=2.42702e-316
gpsVolume=0
mQualEpsilon=-1
mQualVolume=0.0053357
new_planned_energy=54.0909
