gpsEpsilon=0
gpsVolume=61.5163
mQualEpsilon=0.0696847
mQualVolume=0.0244805
new_planned_energy=27.2369
