gpsEpsilon=0
gpsVolume=1.061e-314
mQualEpsilon=0.0927697
mQualVolume=0.00939877
new_planned_energy=41.621
