gpsEpsilon=7.9942e-316
gpsVolume=0
mQualEpsilon=0.0275012
mQualVolume=0.00137347
new_planned_energy=39.8603
