gpsEpsilon=1.15924e-315
gpsVolume=0
mQualEpsilon=1.64888
mQualVolume=48.505
new_planned_energy=-1.64888
