gpsEpsilon=1.15924e-315
gpsVolume=0
mQualEpsilon=1.67872
mQualVolume=50.8686
new_planned_energy=-1.67872
