gpsEpsilon=1.15924e-315
gpsVolume=0
mQualEpsilon=1.67645
mQualVolume=49.767
new_planned_energy=-1.67645
