gpsEpsilon=1.15924e-315
gpsVolume=0
mQualEpsilon=1.66202
mQualVolume=50.8842
new_planned_energy=-1.66202
