gpsEpsilon=1.15924e-315
gpsVolume=0
mQualEpsilon=1.64525
mQualVolume=46.6729
new_planned_energy=-1.64525
