gpsEpsilon=1.15924e-315
gpsVolume=0
mQualEpsilon=1.65849
mQualVolume=50.5199
new_planned_energy=-1.65849
