gpsEpsilon=1.18576e-321
gpsVolume=3.95253e-322
mQualEpsilon=-1
mQualVolume=0.00224273
new_planned_energy=39.0777
