gpsEpsilon=0
gpsVolume=0
mQualEpsilon=0.056984
mQualVolume=0.0140553
new_planned_energy=33.3372
