gpsEpsilon=227.806
gpsVolume=103.188
mQualEpsilon=0.0411961
mQualVolume=0.0020727
new_planned_energy=44.6739
