gpsEpsilon=242.729
gpsVolume=72.2313
mQualEpsilon=0.0362909
mQualVolume=0.00148509
new_planned_energy=33.5089
