gpsEpsilon=8.60952e-316
gpsVolume=0
mQualEpsilon=0.00718829
mQualVolume=0.00139828
new_planned_energy=24.2196
