gpsEpsilon=0.0078125
gpsVolume=0
mQualEpsilon=0.073378
mQualVolume=0.0141896
new_planned_energy=28.99
