gpsEpsilon=22.8347
gpsVolume=185.005
mQualEpsilon=0.054287
mQualVolume=0.0130656
new_planned_energy=65.6506
