gpsEpsilon=1.28728e-315
gpsVolume=0
mQualEpsilon=0.0457706
mQualVolume=0.013877
new_planned_energy=42.0939
