gpsEpsilon=6.83823e-316
gpsVolume=0
mQualEpsilon=0.0321278
mQualVolume=0.00172046
new_planned_energy=31.4014
