gpsEpsilon=1.34851e-315
gpsVolume=0
mQualEpsilon=1.67793
mQualVolume=54.4503
new_planned_energy=33.2642
