gpsEpsilon=1.32e-315
gpsVolume=0
mQualEpsilon=0.0328335
mQualVolume=0.00149484
new_planned_energy=64.6386
