gpsEpsilon=1.40322e-315
gpsVolume=0
mQualEpsilon=0.0167304
mQualVolume=0.00142116
new_planned_energy=35.8997
