epsilon_quality=0.0700474
volume_quality=0.0920397
