epsilon_quality=0.0793046
volume_quality=0.078833
