epsilon_quality=0.0692633
volume_quality=0.029957
