epsilon_quality=0.093998
volume_quality=0.0445915
