epsilon_quality=0.0681969
volume_quality=0.0353458
