epsilon_quality=0.0844596
volume_quality=0.379397
