epsilon_quality=0.0500891
volume_quality=0.0616664
