epsilon_quality=0.245201
volume_quality=1.23865
