epsilon_quality=0.187928
volume_quality=0.464444
