epsilon_quality=0.0522882
volume_quality=0.211006
