epsilon_quality=0.0818128
volume_quality=0.0804826
