epsilon_quality=0.105118
volume_quality=0.241329
