epsilon_quality=0.017665
volume_quality=0.0611353
