epsilon_quality=0.0244139
volume_quality=0.0204632
