epsilon_quality=0.0784577
volume_quality=0.0251296
