epsilon_quality=0.0748358
volume_quality=0.0571759
