epsilon_quality=0.114032
volume_quality=0.188457
