epsilon_quality=0.141327
volume_quality=0.111652
