epsilon_quality=0.138286
volume_quality=0.107963
