epsilon_quality=0.0639389
volume_quality=0.0137921
