epsilon_quality=0.0518613
volume_quality=0.010304
