epsilon_quality=0.0281997
volume_quality=0.00373954
