epsilon_quality=0.220109
volume_quality=0.456919
