epsilon_quality=0.0716149
volume_quality=0.241142
