epsilon_quality=0.12848
volume_quality=0.15585
