epsilon_quality=0.0211115
volume_quality=0.00750628
