epsilon_quality=0.0656352
volume_quality=0.100515
