epsilon_quality=0.0606781
volume_quality=0.118217
