epsilon_quality=0.0253493
volume_quality=0.376776
