epsilon_quality=0.0182135
volume_quality=0.060617
