epsilon_quality=0.0450824
volume_quality=0.116609
