epsilon_quality=0.0204473
volume_quality=0.00309384
