epsilon_quality=0.0742782
volume_quality=0.0131535
