epsilon_quality=0.11572
volume_quality=0.241236
