gpsEpsilon=1.81652e-315
gpsVolume=0
mQualEpsilon=-1
mQualVolume=0.00730124
new_planned_energy=41.7944
