gpsEpsilon=0.507858
gpsVolume=-0.544748
mQualEpsilon=1.74597
mQualVolume=47.8305
new_planned_energy=33.0164
