gpsEpsilon=-0.000156812
gpsVolume=1.58541e-314
mQualEpsilon=1.62939
mQualVolume=47.4923
new_planned_energy=-1.62939
