gpsEpsilon=-0.000156812
gpsVolume=1.58541e-314
mQualEpsilon=0.0671936
mQualVolume=0.0124765
new_planned_energy=18.0216
