gpsEpsilon=1.89472e-315
gpsVolume=6.95335e-310
mQualEpsilon=0.0511169
mQualVolume=0.00556505
new_planned_energy=53.8419
