gpsEpsilon=2.54639e-313
gpsVolume=1.77381e-315
mQualEpsilon=0.0400386
mQualVolume=0.00768446
new_planned_energy=50.9474
