gpsEpsilon=2.36816e-315
gpsVolume=1.43276e-315
mQualEpsilon=1.56311
mQualVolume=45.6981
new_planned_energy=27.6994
