gpsEpsilon=2.36816e-315
gpsVolume=1.43276e-315
mQualEpsilon=-1
mQualVolume=0.00926216
new_planned_energy=26.7332
