gpsEpsilon=2.36816e-315
gpsVolume=1.43276e-315
mQualEpsilon=1.60683
mQualVolume=48.1158
new_planned_energy=-1.60683
