gpsEpsilon=1.89456e-315
gpsVolume=0
mQualEpsilon=0.0112127
mQualVolume=0.00186034
new_planned_energy=51.1472
