gpsEpsilon=0.480395
gpsVolume=-0.131847
mQualEpsilon=0.109782
mQualVolume=0.0202901
new_planned_energy=49.2046
