gpsEpsilon=1.03009e-315
gpsVolume=0
mQualEpsilon=0.0420651
mQualVolume=0.00655027
new_planned_energy=36.6078
