gpsEpsilon=1.81965e-315
gpsVolume=6.95335e-310
mQualEpsilon=0.0443615
mQualVolume=0.00492546
new_planned_energy=48.8179
