gpsEpsilon=2.34875e-315
gpsVolume=6.95335e-310
mQualEpsilon=0.00817131
mQualVolume=0.0194431
new_planned_energy=32.2446
