gpsEpsilon=1.44088e-315
gpsVolume=0
mQualEpsilon=0.0628028
mQualVolume=0.0240851
new_planned_energy=26.3824
