gpsEpsilon=1.44088e-315
gpsVolume=0
mQualEpsilon=1.76497
mQualVolume=52.734
new_planned_energy=-1.76497
