gpsEpsilon=1.83681e-315
gpsVolume=0
mQualEpsilon=0.0501483
mQualVolume=0.00336053
new_planned_energy=51.0768
