epsilon_quality=0.0315828
volume_quality=0.12491
