epsilon_quality=0.0682051
volume_quality=0.0570809
