epsilon_quality=0.0503492
volume_quality=0.0220396
