epsilon_quality=0.0689318
volume_quality=0.10501
