epsilon_quality=0.132061
volume_quality=0.170949
