epsilon_quality=0.0899047
volume_quality=0.0753836
