epsilon_quality=0.102569
volume_quality=0.128853
