epsilon_quality=0.0482562
volume_quality=0.0105986
