epsilon_quality=0.110284
volume_quality=0.292648
