epsilon_quality=0.115993
volume_quality=0.363849
