epsilon_quality=0.0270022
volume_quality=0.0376595
