epsilon_quality=0.198855
volume_quality=0.350588
