epsilon_quality=0.0865053
volume_quality=0.0316604
