epsilon_quality=0.111307
volume_quality=0.206499
