epsilon_quality=0.100511
volume_quality=0.0390702
