epsilon_quality=0.133894
volume_quality=0.257479
