epsilon_quality=0.111043
volume_quality=0.0877183
