epsilon_quality=0.342049
volume_quality=1.04686
