epsilon_quality=0.253512
volume_quality=0.566162
