epsilon_quality=0.144244
volume_quality=0.450593
