epsilon_quality=0.210699
volume_quality=0.488941
