epsilon_quality=0.121901
volume_quality=0.282616
