epsilon_quality=0.00522357
volume_quality=0.00617504
