epsilon_quality=0.0432987
volume_quality=0.00506637
