epsilon_quality=0.115201
volume_quality=0.307182
