epsilon_quality=0.182319
volume_quality=0.604182
