epsilon_quality=0.012512
volume_quality=0.000204253
