epsilon_quality=0.0439523
volume_quality=0.00338943
