epsilon_quality=0.214667
volume_quality=0.365046
