epsilon_quality=0.0463004
volume_quality=0.0123548
