epsilon_quality=0.0558614
volume_quality=0.140047
