epsilon_quality=0.0934568
volume_quality=0.0690178
