epsilon_quality=0.0282737
volume_quality=0.0148452
