epsilon_quality=0.0168068
volume_quality=0.00132032
