epsilon_quality=0.03089
volume_quality=0.0217508
