epsilon_quality=0.197413
volume_quality=0.159207
