epsilon_quality=0.14356
volume_quality=0.0894962
