epsilon_quality=0.0565348
volume_quality=0.0996572
