epsilon_quality=0.0384293
volume_quality=0.114171
