epsilon_quality=0.054263
volume_quality=0.0586927
