epsilon_quality=0.0598546
volume_quality=0.0380275
