gpsEpsilon=0
gpsVolume=2.42092e-322
mQualEpsilon=0.00645469
mQualVolume=0.00438186
new_planned_energy=66.2265
