gpsEpsilon=2.122e-314
gpsVolume=2.122e-314
mQualEpsilon=0.0534419
mQualVolume=0.00727481
new_planned_energy=62.4279
