gpsEpsilon=209.046
gpsVolume=203.69
mQualEpsilon=0.00834476
mQualVolume=0.00246425
new_planned_energy=39.0165
