gpsEpsilon=114.467
gpsVolume=167.751
mQualEpsilon=0.061912
mQualVolume=0.00893679
new_planned_energy=98.9985
