gpsEpsilon=-0.376715
gpsVolume=2.42092e-322
mQualEpsilon=0.02513
mQualVolume=0.00125424
new_planned_energy=96.3769
