gpsEpsilon=2.54639e-313
gpsVolume=2.2177e-316
mQualEpsilon=0.0395105
mQualVolume=0.00185358
new_planned_energy=77.0087
