gpsEpsilon=4.58947e-316
gpsVolume=6.95335e-310
mQualEpsilon=-1
mQualVolume=0.0158622
new_planned_energy=60.8278
