gpsEpsilon=5.77689e-316
gpsVolume=6.95335e-310
mQualEpsilon=0.0621512
mQualVolume=0.0148986
new_planned_energy=28.7661
