gpsEpsilon=-0.113541
gpsVolume=1.97626e-323
mQualEpsilon=0.0518463
mQualVolume=0.00661016
new_planned_energy=32.2137
