gpsEpsilon=0.562425
gpsVolume=2.42092e-322
mQualEpsilon=0.0698604
mQualVolume=0.0264818
new_planned_energy=21.944
