gpsEpsilon=126.478
gpsVolume=117.187
mQualEpsilon=0.0621512
mQualVolume=0.0148986
new_planned_energy=37.114
