gpsEpsilon=37.6898
gpsVolume=87.98
mQualEpsilon=0.00221996
mQualVolume=0.00969827
new_planned_energy=83.872
