gpsEpsilon=2.98343e-316
gpsVolume=0
mQualEpsilon=0.00221996
mQualVolume=0.00969827
new_planned_energy=51.0514
