epsilon_quality=0.108631
volume_quality=0.159449
