epsilon_quality=0.0490947
volume_quality=0.121604
