epsilon_quality=0.0264506
volume_quality=0.0458215
