epsilon_quality=0.0122866
volume_quality=0.0806166
