epsilon_quality=0.0986461
volume_quality=0.653946
