epsilon_quality=0.151723
volume_quality=0.206706
