epsilon_quality=0.140692
volume_quality=0.244622
