epsilon_quality=0.177563
volume_quality=0.459465
