epsilon_quality=0.00685891
volume_quality=0.0168655
