epsilon_quality=0.00184601
volume_quality=0.100169
