epsilon_quality=0.0795011
volume_quality=0.118135
