epsilon_quality=0.0259424
volume_quality=0.066352
