epsilon_quality=0.073708
volume_quality=0.0857514
