epsilon_quality=0.0306457
volume_quality=0.0491558
