epsilon_quality=0.0357005
volume_quality=0.0211114
