epsilon_quality=0.028546
volume_quality=0.00360818
