epsilon_quality=0.0325374
volume_quality=0.00171502
