epsilon_quality=0.0757154
volume_quality=0.0280379
