epsilon_quality=0.0792991
volume_quality=0.0442472
