epsilon_quality=0.100842
volume_quality=0.0325499
