epsilon_quality=0.0537459
volume_quality=0.0598061
