epsilon_quality=0.145722
volume_quality=0.264475
