epsilon_quality=0.202964
volume_quality=0.552815
