epsilon_quality=0.158661
volume_quality=0.212712
