epsilon_quality=0.00249344
volume_quality=0.230196
