epsilon_quality=0.105523
volume_quality=0.408358
