epsilon_quality=0.0165598
volume_quality=0.0467525
