epsilon_quality=0.065386
volume_quality=0.175127
