epsilon_quality=0.163923
volume_quality=0.296088
