epsilon_quality=0.0329626
volume_quality=0.00273335
