epsilon_quality=0.00636884
volume_quality=0.0252241
