epsilon_quality=0.0742421
volume_quality=0.0381218
