epsilon_quality=0.0628579
volume_quality=0.0352441
