epsilon_quality=0.0430394
volume_quality=0.0559796
