epsilon_quality=0.0105573
volume_quality=0.0239846
