epsilon_quality=0.0495595
volume_quality=0.0133376
