epsilon_quality=0.0442626
volume_quality=0.0245088
