epsilon_quality=0.0833342
volume_quality=0.10591
