epsilon_quality=0.0202049
volume_quality=0.00594832
