epsilon_quality=0.136436
volume_quality=0.161237
