epsilon_quality=0.0517603
volume_quality=0.0191579
