epsilon_quality=0.0722904
volume_quality=0.119357
