epsilon_quality=0.0194804
volume_quality=0.0125627
