epsilon_quality=0.000298355
volume_quality=0.000402668
