epsilon_quality=0.0506234
volume_quality=0.143662
