epsilon_quality=0.192243
volume_quality=0.520639
