epsilon_quality=0.235368
volume_quality=0.646816
