epsilon_quality=0.24224
volume_quality=1.21253
