epsilon_quality=0.212331
volume_quality=0.46539
