epsilon_quality=0.0940392
volume_quality=0.0431523
