epsilon_quality=0.0592937
volume_quality=0.0429453
