epsilon_quality=0.0963159
volume_quality=0.0998169
