epsilon_quality=0.104212
volume_quality=0.0462947
