epsilon_quality=0.00158251
volume_quality=0.0245054
