epsilon_quality=0.0370759
volume_quality=0.0016925
