epsilon_quality=0.104625
volume_quality=1.08058
