epsilon_quality=0.347611
volume_quality=1.01726
