epsilon_quality=0.0856638
volume_quality=0.498315
