epsilon_quality=0.0168776
volume_quality=0.127684
