epsilon_quality=0.262278
volume_quality=1.08484
