epsilon_quality=0.0427774
volume_quality=0.187698
