epsilon_quality=0.0773558
volume_quality=0.424036
