epsilon_quality=0.188907
volume_quality=0.43557
