epsilon_quality=0.101971
volume_quality=0.0260876
