epsilon_quality=0.0916799
volume_quality=0.0357649
