epsilon_quality=0.0752238
volume_quality=0.104762
