epsilon_quality=0.058316
volume_quality=0.0558539
