epsilon_quality=0.0365968
volume_quality=0.12645
