epsilon_quality=0.0990379
volume_quality=0.147186
