epsilon_quality=0.0912511
volume_quality=0.0638175
