epsilon_quality=0.308396
volume_quality=1.42871
