epsilon_quality=0.0477212
volume_quality=0.037834
