epsilon_quality=0.103171
volume_quality=0.140167
