epsilon_quality=0.0694933
volume_quality=0.0249796
