epsilon_quality=0.0587128
volume_quality=0.0235651
