epsilon_quality=0.0435732
volume_quality=0.0129213
