epsilon_quality=0.194373
volume_quality=0.873322
