epsilon_quality=0.303366
volume_quality=2.12861
