epsilon_quality=0.268325
volume_quality=0.622052
