epsilon_quality=0.174827
volume_quality=0.162406
