epsilon_quality=0.0590924
volume_quality=0.0833268
