epsilon_quality=0.125911
volume_quality=0.165562
