epsilon_quality=0.0310487
volume_quality=0.0675624
