epsilon_quality=0.0904059
volume_quality=0.0472655
