epsilon_quality=0.10986
volume_quality=0.145325
