epsilon_quality=0.0179104
volume_quality=0.00200314
