epsilon_quality=0.141557
volume_quality=0.197806
