epsilon_quality=0.0274136
volume_quality=0.0030465
