epsilon_quality=0.0323709
volume_quality=0.0438449
