epsilon_quality=0.0636248
volume_quality=0.0315524
