epsilon_quality=0.151485
volume_quality=0.502921
