epsilon_quality=0.167803
volume_quality=0.407749
