epsilon_quality=0.0815568
volume_quality=0.166842
