epsilon_quality=0.0812421
volume_quality=0.297827
