epsilon_quality=0.182794
volume_quality=0.167184
