epsilon_quality=0.041249
volume_quality=0.217713
