epsilon_quality=0.0144752
volume_quality=0.0625805
