epsilon_quality=0.207077
volume_quality=0.506267
