epsilon_quality=0.0387229
volume_quality=0.023003
