epsilon_quality=0.0571102
volume_quality=0.168179
