epsilon_quality=0.228023
volume_quality=0.473323
