epsilon_quality=0.154251
volume_quality=0.27565
