epsilon_quality=0.097293
volume_quality=0.0763104
