epsilon_quality=0.130609
volume_quality=0.141907
