epsilon_quality=0.0449898
volume_quality=0.0227101
