epsilon_quality=0.0761824
volume_quality=0.0441188
