epsilon_quality=0.0238555
volume_quality=0.00130767
