epsilon_quality=0.00807756
volume_quality=0.00974947
