epsilon_quality=0.216699
volume_quality=0.976254
