epsilon_quality=0.0301932
volume_quality=0.00973912
