epsilon_quality=0.0350059
volume_quality=0.00801441
