epsilon_quality=0.104919
volume_quality=0.335286
