epsilon_quality=0.0927271
volume_quality=0.19243
