epsilon_quality=0.089313
volume_quality=0.209879
