epsilon_quality=0.0212976
volume_quality=0.0570851
