epsilon_quality=0.105773
volume_quality=0.0744023
