epsilon_quality=0.0372972
volume_quality=0.0371737
