epsilon_quality=0.321517
volume_quality=3.06608
