epsilon_quality=0.0376689
volume_quality=0.965369
