epsilon_quality=0.0925266
volume_quality=0.388693
