epsilon_quality=0.177145
volume_quality=0.191654
