epsilon_quality=0.00744595
volume_quality=0.0127979
