epsilon_quality=0.0462729
volume_quality=0.0654755
