epsilon_quality=0.0500149
volume_quality=0.010629
