epsilon_quality=0.0712139
volume_quality=0.0898621
