epsilon_quality=0.0670523
volume_quality=0.160225
