epsilon_quality=0.195293
volume_quality=0.686926
