epsilon_quality=0.0483476
volume_quality=0.260587
