epsilon_quality=0.0646715
volume_quality=0.355212
