epsilon_quality=0.238934
volume_quality=0.687106
