epsilon_quality=0.12789
volume_quality=0.26453
