epsilon_quality=0.164072
volume_quality=0.236836
