epsilon_quality=0.213102
volume_quality=0.544431
