epsilon_quality=0.117698
volume_quality=0.521223
