epsilon_quality=0.224534
volume_quality=0.580766
