epsilon_quality=0.0974321
volume_quality=0.202665
