epsilon_quality=0.0492585
volume_quality=0.0844332
