epsilon_quality=0.0770225
volume_quality=0.0502249
