epsilon_quality=0.192717
volume_quality=0.462231
