epsilon_quality=0.113517
volume_quality=0.237166
