epsilon_quality=0.275519
volume_quality=1.01638
