epsilon_quality=0.061271
volume_quality=0.164857
