epsilon_quality=0.173682
volume_quality=0.153237
