epsilon_quality=0.103677
volume_quality=0.0552426
