epsilon_quality=0.0782622
volume_quality=0.0713551
