epsilon_quality=0.104278
volume_quality=0.118553
