gpsEpsilon=-46.52
gpsVolume=12.7889
mQualEpsilon=0.00957928
mQualVolume=0.00429455
new_planned_energy=55.0787
