gpsEpsilon=6.86311
gpsVolume=11.9087
mQualEpsilon=0.000348769
mQualVolume=0.00528589
new_planned_energy=69.9791
