gpsEpsilon=6.52104
gpsVolume=50.2389
mQualEpsilon=0.00371907
mQualVolume=0.00135984
new_planned_energy=76.8104
