gpsEpsilon=8.52429
gpsVolume=60.5003
mQualEpsilon=0.00796455
mQualVolume=0.00257588
new_planned_energy=64.8787
