gpsEpsilon=1.1661e-315
gpsVolume=0
mQualEpsilon=0.00209749
mQualVolume=0.00536822
new_planned_energy=58.496
