gpsEpsilon=1.06137e-315
gpsVolume=0
mQualEpsilon=1.43932
mQualVolume=44.2208
new_planned_energy=-1.43932
