gpsEpsilon=1.06137e-315
gpsVolume=0
mQualEpsilon=0.0191324
mQualVolume=0.0040013
new_planned_energy=47.1423
