gpsEpsilon=1.60047e-315
gpsVolume=0
mQualEpsilon=0.0376944
mQualVolume=0.00860992
new_planned_energy=43.4973
