gpsEpsilon=8.81159
gpsVolume=15.1912
mQualEpsilon=1.39411
mQualVolume=44.5545
new_planned_energy=-1.39411
