gpsEpsilon=8.81159
gpsVolume=15.1912
mQualEpsilon=1.20169
mQualVolume=41.8492
new_planned_energy=8.97274
