gpsEpsilon=8.81159
gpsVolume=15.1912
mQualEpsilon=1.44349
mQualVolume=45.2603
new_planned_energy=-1.44349
