gpsEpsilon=8.50555
gpsVolume=45.705
mQualEpsilon=-1
mQualVolume=0.00357576
new_planned_energy=66.3581
