epsilon_quality=0.0996259
volume_quality=0.113148
