epsilon_quality=0.0216331
volume_quality=0.0274829
