epsilon_quality=0.0322599
volume_quality=0.0146996
