epsilon_quality=0.0230085
volume_quality=0.00313471
