epsilon_quality=0.0175958
volume_quality=0.00466767
