epsilon_quality=0.000948854
volume_quality=0.00872555
