epsilon_quality=0.0802358
volume_quality=0.132756
