epsilon_quality=0.0244738
volume_quality=0.134196
