epsilon_quality=0.0523192
volume_quality=0.278205
