epsilon_quality=0.0846099
volume_quality=0.131457
