epsilon_quality=0.0123553
volume_quality=0.0403416
