epsilon_quality=0.0517532
volume_quality=0.034888
