epsilon_quality=0.019741
volume_quality=0.221958
