epsilon_quality=0.0503602
volume_quality=0.239507
