epsilon_quality=0.244142
volume_quality=0.626795
