epsilon_quality=0.276618
volume_quality=0.70262
