epsilon_quality=0.187096
volume_quality=0.336139
