epsilon_quality=0.0677851
volume_quality=0.136531
