epsilon_quality=0.128864
volume_quality=0.28123
