epsilon_quality=0.161169
volume_quality=0.222301
