epsilon_quality=0.203032
volume_quality=0.555487
