epsilon_quality=0.0784249
volume_quality=0.104149
