epsilon_quality=0.370393
volume_quality=2.72715
