epsilon_quality=0.144602
volume_quality=0.253196
