epsilon_quality=0.157428
volume_quality=0.253393
