epsilon_quality=0.0165282
volume_quality=0.00972603
