epsilon_quality=0.0491935
volume_quality=0.0308277
