epsilon_quality=0.152223
volume_quality=1.34496
