epsilon_quality=0.0941591
volume_quality=0.200146
