epsilon_quality=0.0865313
volume_quality=0.0833331
