epsilon_quality=0.0951942
volume_quality=0.244722
