epsilon_quality=0.120447
volume_quality=0.483845
