epsilon_quality=0.153507
volume_quality=0.380919
