epsilon_quality=0.227639
volume_quality=0.664255
