epsilon_quality=0.155834
volume_quality=0.408805
