epsilon_quality=0.148492
volume_quality=0.557585
