epsilon_quality=0.0646356
volume_quality=0.0270049
