epsilon_quality=0.0478461
volume_quality=0.0177279
