epsilon_quality=0.0631766
volume_quality=0.0237889
