epsilon_quality=0.184897
volume_quality=0.329025
