epsilon_quality=0.0850127
volume_quality=0.111763
