epsilon_quality=0.144977
volume_quality=0.290784
