epsilon_quality=0.0322274
volume_quality=0.147692
