epsilon_quality=0.0659025
volume_quality=0.0239857
