epsilon_quality=0.0576049
volume_quality=0.0328748
