epsilon_quality=0.0243543
volume_quality=0.00248342
