epsilon_quality=0.00991188
volume_quality=0.0209163
