epsilon_quality=0.0680197
volume_quality=0.106155
