epsilon_quality=0.0521451
volume_quality=0.0803653
