epsilon_quality=0.0789031
volume_quality=0.0652203
