epsilon_quality=0.184049
volume_quality=0.540696
