epsilon_quality=0.0739533
volume_quality=0.0315307
