epsilon_quality=0.0195066
volume_quality=0.001791
