epsilon_quality=0.0517613
volume_quality=0.0279726
