epsilon_quality=0.0471398
volume_quality=0.0801361
