epsilon_quality=0.0978039
volume_quality=0.19263
