epsilon_quality=0.0540492
volume_quality=0.0292683
