epsilon_quality=0.0251562
volume_quality=0.0556354
