epsilon_quality=0.066003
volume_quality=0.138687
