epsilon_quality=0.032651
volume_quality=0.0830232
