epsilon_quality=0.0410002
volume_quality=0.0282533
