epsilon_quality=0.063414
volume_quality=0.387503
