epsilon_quality=0.0887956
volume_quality=0.328028
