epsilon_quality=0.231826
volume_quality=0.852032
