epsilon_quality=0.237224
volume_quality=0.651854
