epsilon_quality=0.120555
volume_quality=0.070179
