epsilon_quality=0.0797524
volume_quality=0.118881
