epsilon_quality=0.0217078
volume_quality=0.0217076
