epsilon_quality=0.197604
volume_quality=0.49676
