epsilon_quality=0.044447
volume_quality=0.123668
