epsilon_quality=0.0994515
volume_quality=0.197902
