epsilon_quality=0.066519
volume_quality=0.0766876
