epsilon_quality=0.00734074
volume_quality=0.0111887
