epsilon_quality=0.0285396
volume_quality=0.0269506
