epsilon_quality=0.226766
volume_quality=0.860296
