epsilon_quality=0.0764311
volume_quality=0.432762
