epsilon_quality=0.174451
volume_quality=0.67079
