epsilon_quality=0.0820975
volume_quality=0.0902355
