epsilon_quality=0.038352
volume_quality=0.0309554
