epsilon_quality=0.195032
volume_quality=1.05357
