epsilon_quality=0.0313483
volume_quality=0.0180522
