epsilon_quality=0.0349927
volume_quality=0.0917768
