epsilon_quality=0.0451373
volume_quality=0.010127
