epsilon_quality=0.111228
volume_quality=0.470225
