epsilon_quality=0.0717923
volume_quality=0.0552179
