epsilon_quality=0.0812556
volume_quality=0.0286288
