epsilon_quality=0.11595
volume_quality=0.156631
