epsilon_quality=0.0644497
volume_quality=0.0380608
