epsilon_quality=0.269131
volume_quality=0.562692
