epsilon_quality=0.065284
volume_quality=0.34167
