epsilon_quality=0.145114
volume_quality=0.81009
