epsilon_quality=0.10017
volume_quality=0.0758017
