epsilon_quality=0.213751
volume_quality=0.467444
