epsilon_quality=0.166213
volume_quality=0.496848
