epsilon_quality=0.0544119
volume_quality=0.07915
