epsilon_quality=0.0572606
volume_quality=0.0445272
