epsilon_quality=0.0758961
volume_quality=0.124494
