epsilon_quality=0.180113
volume_quality=0.360839
