epsilon_quality=0.0585906
volume_quality=0.0423321
