epsilon_quality=0.0228776
volume_quality=0.0206013
