epsilon_quality=0.0360247
volume_quality=0.00282518
