epsilon_quality=0.164291
volume_quality=0.689899
