epsilon_quality=0.0295336
volume_quality=0.0849386
