epsilon_quality=0.0619774
volume_quality=0.0499576
