epsilon_quality=0.0183473
volume_quality=0.0778535
