epsilon_quality=0.0591406
volume_quality=0.037101
