epsilon_quality=0.0305678
volume_quality=0.00721482
