epsilon_quality=0.0389437
volume_quality=0.0143493
