epsilon_quality=0.0534162
volume_quality=0.0717298
