epsilon_quality=0.135463
volume_quality=0.759194
