epsilon_quality=0.295915
volume_quality=1.07886
