epsilon_quality=0.158202
volume_quality=0.325827
