epsilon_quality=0.0711994
volume_quality=0.228842
