epsilon_quality=0.108211
volume_quality=0.377823
