epsilon_quality=0.0450566
volume_quality=0.0347937
