epsilon_quality=0.0399186
volume_quality=0.0643669
