epsilon_quality=0.0925881
volume_quality=0.0720185
