epsilon_quality=0.0753184
volume_quality=0.0812885
