epsilon_quality=0.0033772
volume_quality=0.00223125
