gpsEpsilon=22.1987
gpsVolume=121.877
mQualEpsilon=0.0477143
mQualVolume=0.00519426
new_planned_energy=44.6401
