gpsEpsilon=29.6103
gpsVolume=1.01137e-315
mQualEpsilon=0.0108448
mQualVolume=0.0060626
new_planned_energy=83.8763
