gpsEpsilon=5.87914e-316
gpsVolume=8.45308e-316
mQualEpsilon=-1
mQualVolume=0.00413622
new_planned_energy=43.7085
