gpsEpsilon=0
gpsVolume=0
mQualEpsilon=0.0286245
mQualVolume=0.00984905
new_planned_energy=82.8471
