gpsEpsilon=39.655
gpsVolume=115.028
mQualEpsilon=0.0451386
mQualVolume=0.0264995
new_planned_energy=52.0468
