gpsEpsilon=30.3461
gpsVolume=117.912
mQualEpsilon=0.0253982
mQualVolume=0.00687101
new_planned_energy=53.1206
