gpsEpsilon=20.8291
gpsVolume=122.965
mQualEpsilon=0.00538901
mQualVolume=0.00278833
new_planned_energy=50.5768
