epsilon_quality=0.166671
volume_quality=0.383635
