epsilon_quality=0.231663
volume_quality=0.490844
