epsilon_quality=0.0418485
volume_quality=0.105669
