epsilon_quality=0.0741825
volume_quality=0.0667136
