epsilon_quality=0.0666167
volume_quality=0.0451534
