epsilon_quality=0.114834
volume_quality=0.0948971
