epsilon_quality=0.0293827
volume_quality=0.0195848
