epsilon_quality=0.0223912
volume_quality=0.030406
