epsilon_quality=0.00651216
volume_quality=0.0421276
