epsilon_quality=0.206983
volume_quality=0.605592
