epsilon_quality=0.0533261
volume_quality=0.135724
