epsilon_quality=0.0887027
volume_quality=0.0667139
