epsilon_quality=0.0415465
volume_quality=0.040473
