epsilon_quality=0.0666395
volume_quality=0.125781
