epsilon_quality=0.177506
volume_quality=0.392208
