epsilon_quality=0.203966
volume_quality=0.752018
