epsilon_quality=0.219769
volume_quality=0.19463
