epsilon_quality=0.25926
volume_quality=0.686984
