epsilon_quality=0.0269134
volume_quality=0.0702477
