epsilon_quality=0.00185755
volume_quality=0.088433
