epsilon_quality=0.0424327
volume_quality=0.0555639
