epsilon_quality=0.101563
volume_quality=0.0611776
