epsilon_quality=0.051582
volume_quality=0.0973816
