epsilon_quality=0.0516368
volume_quality=0.161957
