epsilon_quality=0.0103684
volume_quality=0.0356086
