epsilon_quality=0.0401226
volume_quality=0.0156236
