epsilon_quality=0.0974672
volume_quality=0.0384924
