epsilon_quality=0.0284506
volume_quality=0.0190842
