epsilon_quality=0.0860734
volume_quality=0.0355312
