epsilon_quality=0.0861866
volume_quality=0.0363621
