epsilon_quality=0.538512
volume_quality=7.35171
