epsilon_quality=0.492735
volume_quality=4.53763
