epsilon_quality=0.226072
volume_quality=2.49507
