epsilon_quality=0.135923
volume_quality=3.73943
