epsilon_quality=0.00495358
volume_quality=0.0994966
