epsilon_quality=0.14335
volume_quality=0.0918813
