epsilon_quality=0.0831761
volume_quality=0.183341
