epsilon_quality=0.0995857
volume_quality=0.063762
