epsilon_quality=0.0855335
volume_quality=0.0723293
