epsilon_quality=0.152249
volume_quality=0.597407
