epsilon_quality=0.301857
volume_quality=1.04303
