epsilon_quality=0.11628
volume_quality=0.267371
