epsilon_quality=0.0944954
volume_quality=0.16555
