epsilon_quality=0.089075
volume_quality=0.0499541
