epsilon_quality=0.0864791
volume_quality=0.0791759
