epsilon_quality=0.0326032
volume_quality=0.00867098
