epsilon_quality=0.123884
volume_quality=0.257786
