epsilon_quality=0.0397203
volume_quality=0.00431655
