epsilon_quality=0.0484584
volume_quality=0.0306104
