epsilon_quality=0.0791924
volume_quality=0.0197669
