epsilon_quality=0.0744261
volume_quality=0.102041
