epsilon_quality=0.065527
volume_quality=0.152884
