epsilon_quality=0.166914
volume_quality=0.268204
