epsilon_quality=0.102513
volume_quality=0.0658218
