epsilon_quality=0.203656
volume_quality=0.326418
