epsilon_quality=0.118584
volume_quality=0.0833952
