epsilon_quality=0.193957
volume_quality=0.340117
