epsilon_quality=0.0855492
volume_quality=0.0741989
