epsilon_quality=0.0700384
volume_quality=0.0444747
