epsilon_quality=0.0260427
volume_quality=0.0840787
