epsilon_quality=0.110642
volume_quality=0.168065
