epsilon_quality=0.0904694
volume_quality=0.0627002
