epsilon_quality=0.00021907
volume_quality=0.0844765
