epsilon_quality=0.183298
volume_quality=0.212758
