epsilon_quality=0.0319905
volume_quality=0.125988
