epsilon_quality=0.0182049
volume_quality=0.0438732
