epsilon_quality=0.118001
volume_quality=0.165575
