epsilon_quality=0.113727
volume_quality=0.207962
