epsilon_quality=0.00800304
volume_quality=0.587659
