epsilon_quality=0.0792731
volume_quality=1.30971
