epsilon_quality=0.18298
volume_quality=0.976306
