epsilon_quality=0.0329242
volume_quality=0.00331941
