epsilon_quality=0.0612949
volume_quality=0.18751
