epsilon_quality=0.0275451
volume_quality=0.00240903
