epsilon_quality=0.0463395
volume_quality=0.00615245
