epsilon_quality=0.0247183
volume_quality=0.00492025
