epsilon_quality=0.0399412
volume_quality=0.00283148
