epsilon_quality=0.0527083
volume_quality=0.0115548
