gpsEpsilon=1.60935e-315
gpsVolume=0.123935
mQualEpsilon=0.0304633
mQualVolume=0.0177125
new_planned_energy=40.9953
