gpsEpsilon=1.85706e-315
gpsVolume=-0.0348179
mQualEpsilon=0.0170986
mQualVolume=0.0208966
new_planned_energy=18.6876
