gpsEpsilon=1.27238e-315
gpsVolume=-0.151639
mQualEpsilon=1.63309
mQualVolume=48.9858
new_planned_energy=-1.63309
