gpsEpsilon=1.27238e-315
gpsVolume=-0.151639
mQualEpsilon=1.63641
mQualVolume=49.1295
new_planned_energy=10.186
