gpsEpsilon=1.27238e-315
gpsVolume=-0.151639
mQualEpsilon=0.0245222
mQualVolume=0.00438206
new_planned_energy=13.9466
