gpsEpsilon=1.86661e-315
gpsVolume=0.0938696
mQualEpsilon=0.00614855
mQualVolume=0.0150672
new_planned_energy=33.1785
