gpsEpsilon=15.1506
gpsVolume=211.226
mQualEpsilon=0.00933721
mQualVolume=0.00951047
new_planned_energy=53.6152
