gpsEpsilon=13.5274
gpsVolume=202.23
mQualEpsilon=1.71784
mQualVolume=46.6732
new_planned_energy=-1.71784
