gpsEpsilon=13.5274
gpsVolume=202.23
mQualEpsilon=1.72433
mQualVolume=46.9395
new_planned_energy=-1.72433
