gpsEpsilon=13.5274
gpsVolume=202.23
mQualEpsilon=1.71785
mQualVolume=46.6739
new_planned_energy=-1.71785
