gpsEpsilon=13.5274
gpsVolume=202.23
mQualEpsilon=1.72307
mQualVolume=46.6941
new_planned_energy=-1.72307
