gpsEpsilon=13.5274
gpsVolume=202.23
mQualEpsilon=1.71458
mQualVolume=46.0044
new_planned_energy=-1.71458
