gpsEpsilon=15.5395
gpsVolume=198.054
mQualEpsilon=1.64105
mQualVolume=47.0688
new_planned_energy=-1.64105
