gpsEpsilon=40.5552
gpsVolume=38.5303
mQualEpsilon=0.026036
mQualVolume=0.00930922
new_planned_energy=16.2634
