gpsEpsilon=40.5552
gpsVolume=38.5303
mQualEpsilon=1.81049
mQualVolume=49.1928
new_planned_energy=-1.81049
