gpsEpsilon=75.629
gpsVolume=82.7047
mQualEpsilon=0.0882074
mQualVolume=0.0681293
new_planned_energy=33.0846
