epsilon_quality=0.398331
volume_quality=1.15111
