epsilon_quality=0.357392
volume_quality=3.25309
