epsilon_quality=0.0786317
volume_quality=0.257939
