epsilon_quality=0.21651
volume_quality=0.490246
