epsilon_quality=0.0400479
volume_quality=0.00354964
