epsilon_quality=0.0489337
volume_quality=0.00505011
