epsilon_quality=0.160705
volume_quality=0.679906
