epsilon_quality=0.0957734
volume_quality=0.149341
