epsilon_quality=0.0389545
volume_quality=0.105568
