epsilon_quality=0.174011
volume_quality=0.910571
