epsilon_quality=0.0083119
volume_quality=0.00272282
