epsilon_quality=0.0172844
volume_quality=0.00577866
