epsilon_quality=0.078186
volume_quality=0.0529166
