epsilon_quality=0.146309
volume_quality=0.231105
