epsilon_quality=0.0992378
volume_quality=0.285346
