epsilon_quality=0.099594
volume_quality=0.149949
