epsilon_quality=0.108198
volume_quality=0.147495
