gpsEpsilon=27.2331
gpsVolume=99.4319
mQualEpsilon=1.13717
mQualVolume=40.7482
new_planned_energy=-1.13717
