gpsEpsilon=27.2331
gpsVolume=99.4319
mQualEpsilon=1.09073
mQualVolume=38.8047
new_planned_energy=-1.09073
