gpsEpsilon=27.2331
gpsVolume=99.4319
mQualEpsilon=1.21078
mQualVolume=45.5797
new_planned_energy=-1.21078
