gpsEpsilon=27.2331
gpsVolume=99.4319
mQualEpsilon=1.29793
mQualVolume=46.4867
new_planned_energy=-1.29793
