gpsEpsilon=27.2331
gpsVolume=99.4319
mQualEpsilon=0.986538
mQualVolume=38.35
new_planned_energy=-0.986538
