gpsEpsilon=30.2738
gpsVolume=81.1108
mQualEpsilon=0.0253284
mQualVolume=0.00574465
new_planned_energy=60.9813
