gpsEpsilon=32.2176
gpsVolume=9.96592
mQualEpsilon=0.0633451
mQualVolume=0.0145072
new_planned_energy=44.8777
