gpsEpsilon=32.1981
gpsVolume=6.65635
mQualEpsilon=0.0251386
mQualVolume=0.0057771
new_planned_energy=67.1013
