gpsEpsilon=33.7038
gpsVolume=24.1729
mQualEpsilon=0.00632822
mQualVolume=0.0035149
new_planned_energy=58.1843
