gpsEpsilon=11.8718
gpsVolume=61.2511
mQualEpsilon=0.0208875
mQualVolume=0.00917875
new_planned_energy=46.1647
