gpsEpsilon=67.4195
gpsVolume=154.764
mQualEpsilon=0.013071
mQualVolume=0.0128424
new_planned_energy=71.5955
