gpsEpsilon=30.9509
gpsVolume=99.4319
mQualEpsilon=0.0245525
mQualVolume=0.000266314
new_planned_energy=51.8652
