gpsEpsilon=27.1821
gpsVolume=115.059
mQualEpsilon=0.018734
mQualVolume=0.0456963
new_planned_energy=46.6512
