epsilon_quality=0.00980157
volume_quality=0.159262
