epsilon_quality=0.087027
volume_quality=0.148411
