epsilon_quality=0.0132615
volume_quality=0.0199749
