epsilon_quality=0.0810954
volume_quality=0.0805589
