epsilon_quality=0.0600254
volume_quality=0.129885
