epsilon_quality=0.186223
volume_quality=0.197253
