epsilon_quality=0.0573597
volume_quality=0.0231792
