epsilon_quality=0.0779691
volume_quality=0.0589287
