epsilon_quality=0.0663714
volume_quality=0.058285
