epsilon_quality=0.0247288
volume_quality=0.0161653
