epsilon_quality=0.0468985
volume_quality=0.0345545
