epsilon_quality=0.024485
volume_quality=0.0574391
