epsilon_quality=0.140662
volume_quality=0.202044
