epsilon_quality=0.0448664
volume_quality=0.18509
