epsilon_quality=0.0860548
volume_quality=0.038302
