epsilon_quality=0.174991
volume_quality=0.0966049
