epsilon_quality=0.100439
volume_quality=0.161833
