epsilon_quality=0.174165
volume_quality=0.347451
