epsilon_quality=0.112679
volume_quality=0.222622
