epsilon_quality=0.264759
volume_quality=0.888163
