epsilon_quality=0.0226108
volume_quality=0.00293766
