epsilon_quality=0.0187679
volume_quality=0.00277218
