gpsEpsilon=162.19
gpsVolume=82.1027
mQualEpsilon=0.000356965
mQualVolume=0.00614842
new_planned_energy=80.3513
