gpsEpsilon=1.36283e-315
gpsVolume=9.88131e-324
mQualEpsilon=0.0337671
mQualVolume=0.00188388
new_planned_energy=19.9185
