gpsEpsilon=182.935
gpsVolume=73.4253
mQualEpsilon=0.0506539
mQualVolume=0.00527865
new_planned_energy=72.0078
