gpsEpsilon=174.525
gpsVolume=81.0031
mQualEpsilon=0.0269857
mQualVolume=0.0111479
new_planned_energy=52.1433
