gpsEpsilon=174.525
gpsVolume=82.5287
mQualEpsilon=0.0217052
mQualVolume=0.00658032
new_planned_energy=88.0448
