gpsEpsilon=180.919
gpsVolume=71.4149
mQualEpsilon=0.0157502
mQualVolume=0.000837312
new_planned_energy=76.411
