gpsEpsilon=174.525
gpsVolume=82.2759
mQualEpsilon=0.00545479
mQualVolume=0.00545546
new_planned_energy=44.6535
