gpsEpsilon=162.19
gpsVolume=82.186
mQualEpsilon=0.0280187
mQualVolume=0.00157157
new_planned_energy=18.9617
