epsilon_quality=0.170918
volume_quality=0.370306
