epsilon_quality=0.0114779
volume_quality=0.00769435
