epsilon_quality=0.0623405
volume_quality=0.0609747
