epsilon_quality=0.0208371
volume_quality=0.192745
