epsilon_quality=0.0339204
volume_quality=0.0590616
