epsilon_quality=0.0257209
volume_quality=0.00618361
