epsilon_quality=0.0287162
volume_quality=0.00642694
