epsilon_quality=0.0396551
volume_quality=0.0536148
