epsilon_quality=0.0355907
volume_quality=0.0307128
