epsilon_quality=0.108194
volume_quality=0.124374
