epsilon_quality=0.00969112
volume_quality=0.234256
