epsilon_quality=0.177345
volume_quality=0.281197
