epsilon_quality=0.0488901
volume_quality=0.292919
