epsilon_quality=0.0213467
volume_quality=0.465999
