epsilon_quality=0.124911
volume_quality=0.426617
