epsilon_quality=0.190759
volume_quality=0.539434
