epsilon_quality=0.0260118
volume_quality=0.00677566
