epsilon_quality=0.0330778
volume_quality=0.00196568
