gpsEpsilon=43.9301
gpsVolume=141.423
mQualEpsilon=0.0492146
mQualVolume=0.00389278
new_planned_energy=63.937
