gpsEpsilon=56.7769
gpsVolume=141.423
mQualEpsilon=0.0331613
mQualVolume=0.0171531
new_planned_energy=27.4487
