gpsEpsilon=43.6677
gpsVolume=124.116
mQualEpsilon=0.101329
mQualVolume=0.0528901
new_planned_energy=49.5017
