gpsEpsilon=43.1719
gpsVolume=119.257
mQualEpsilon=0.0322078
mQualVolume=0.0146527
new_planned_energy=74.8283
