gpsEpsilon=0.578784
gpsVolume=2.42092e-322
mQualEpsilon=0.0173004
mQualVolume=0.00143852
new_planned_energy=76.4628
