gpsEpsilon=31.3088
gpsVolume=120.636
mQualEpsilon=0.0239712
mQualVolume=0.00714507
new_planned_energy=51.6074
