gpsEpsilon=77.6623
gpsVolume=98.141
mQualEpsilon=0.0257831
mQualVolume=0.00575145
new_planned_energy=95.3235
