gpsEpsilon=63.2579
gpsVolume=141.423
mQualEpsilon=0.0469218
mQualVolume=0.0258701
new_planned_energy=59.5807
