gpsEpsilon=43.1764
gpsVolume=129.885
mQualEpsilon=0.0127284
mQualVolume=0.000672026
new_planned_energy=20.7895
