epsilon_quality=0.0241006
volume_quality=0.0353958
