epsilon_quality=0.031459
volume_quality=0.00722337
