epsilon_quality=0.132528
volume_quality=0.135901
