epsilon_quality=0.0983728
volume_quality=0.156711
