epsilon_quality=0.0348587
volume_quality=0.560829
