epsilon_quality=0.0462269
volume_quality=0.0239454
