epsilon_quality=0.0929741
volume_quality=0.0522678
