epsilon_quality=0.0284011
volume_quality=0.0197805
