epsilon_quality=0.0569449
volume_quality=0.0575128
