epsilon_quality=0.0491938
volume_quality=0.0653975
