epsilon_quality=0.0793327
volume_quality=0.144452
