epsilon_quality=0.000652947
volume_quality=0.0177939
