epsilon_quality=0.0771563
volume_quality=0.060675
