epsilon_quality=0.0180743
volume_quality=0.00268782
