epsilon_quality=0.0301185
volume_quality=0.199265
