epsilon_quality=0.243308
volume_quality=0.485041
