epsilon_quality=0.096863
volume_quality=0.127093
