epsilon_quality=0.0827129
volume_quality=0.0216967
