epsilon_quality=0.12527
volume_quality=0.0928515
