epsilon_quality=0.0158221
volume_quality=0.00523086
