epsilon_quality=0.0926897
volume_quality=0.0584385
