epsilon_quality=0.0224633
volume_quality=0.000954808
