epsilon_quality=0.0316015
volume_quality=0.00426332
