epsilon_quality=0.13998
volume_quality=0.404984
