epsilon_quality=0.0482756
volume_quality=0.00625704
