epsilon_quality=0.0256246
volume_quality=0.00269413
