epsilon_quality=0.0754175
volume_quality=0.051782
