epsilon_quality=0.0151319
volume_quality=0.0180731
