epsilon_quality=0.0101566
volume_quality=0.000922561
