epsilon_quality=0.120294
volume_quality=0.0444825
