epsilon_quality=0.0488519
volume_quality=0.14461
