epsilon_quality=0.016029
volume_quality=0.0238383
