epsilon_quality=0.0249923
volume_quality=0.00828265
