epsilon_quality=0.0990327
volume_quality=0.0477053
