epsilon_quality=0.0410642
volume_quality=0.0321842
