epsilon_quality=0.052912
volume_quality=0.0319216
