epsilon_quality=0.0385092
volume_quality=0.0356543
