epsilon_quality=0.0846569
volume_quality=0.137799
