epsilon_quality=0.0455433
volume_quality=0.0131519
