epsilon_quality=0.0894284
volume_quality=0.0869523
