epsilon_quality=0.0599091
volume_quality=0.0283431
