epsilon_quality=0.0884634
volume_quality=0.256812
