epsilon_quality=0.0644691
volume_quality=0.0191492
