epsilon_quality=0.0688583
volume_quality=0.0202826
