epsilon_quality=0.136934
volume_quality=0.352944
