epsilon_quality=0.121235
volume_quality=0.560848
