epsilon_quality=0.0533638
volume_quality=0.156761
