epsilon_quality=0.0150409
volume_quality=0.0959709
