epsilon_quality=0.0197586
volume_quality=0.0601662
