epsilon_quality=0.116234
volume_quality=0.0935908
