epsilon_quality=0.0220447
volume_quality=0.0241225
