epsilon_quality=0.094687
volume_quality=0.0396711
