epsilon_quality=0.0200424
volume_quality=0.0155736
