epsilon_quality=0.0335375
volume_quality=0.0294724
