epsilon_quality=0.0450392
volume_quality=0.0734878
