epsilon_quality=0.0148182
volume_quality=0.00912743
