epsilon_quality=0.0660936
volume_quality=0.105355
