epsilon_quality=0.0710376
volume_quality=0.0369252
