gpsEpsilon=12.1251
gpsVolume=8.28741
mQualEpsilon=0.0225159
mQualVolume=0.00859299
new_planned_energy=78.3504
