gpsEpsilon=17.809
gpsVolume=136.422
mQualEpsilon=0.104279
mQualVolume=0.0485159
new_planned_energy=85.2498
