gpsEpsilon=-0.852326
gpsVolume=-0.387459
mQualEpsilon=0.0305695
mQualVolume=0.0244677
new_planned_energy=69.6654
