gpsEpsilon=0.224488
gpsVolume=-0.460595
mQualEpsilon=0.0476297
mQualVolume=0.0195615
new_planned_energy=29.5392
