gpsEpsilon=-0.69577
gpsVolume=2.42092e-322
mQualEpsilon=0.113471
mQualVolume=0.0701322
new_planned_energy=62.3071
