gpsEpsilon=-0.315341
gpsVolume=2.42092e-322
mQualEpsilon=0.028909
mQualVolume=0.0287143
new_planned_energy=20.4561
