gpsEpsilon=1.60182e-315
gpsVolume=0
mQualEpsilon=-1
mQualVolume=0.00603019
new_planned_energy=35.0757
