gpsEpsilon=1.26751e-315
gpsVolume=0
mQualEpsilon=0.0478443
mQualVolume=0.0348795
new_planned_energy=74.7766
