gpsEpsilon=1.56531e-315
gpsVolume=0
mQualEpsilon=-1
mQualVolume=0.0387547
new_planned_energy=95.3134
