epsilon_quality=0.0581861
volume_quality=0.0477927
