epsilon_quality=0.128894
volume_quality=0.164099
