epsilon_quality=0.0197917
volume_quality=0.00390161
