epsilon_quality=0.0201849
volume_quality=0.00200187
