epsilon_quality=0.202595
volume_quality=0.68856
