epsilon_quality=0.0150773
volume_quality=0.075993
