epsilon_quality=0.236599
volume_quality=0.909223
