epsilon_quality=0.212208
volume_quality=0.831679
