epsilon_quality=0.268693
volume_quality=0.945862
