epsilon_quality=0.16961
volume_quality=1.13835
