epsilon_quality=0.166629
volume_quality=0.422623
