epsilon_quality=0.0949482
volume_quality=0.0558575
