epsilon_quality=0.0928713
volume_quality=0.138712
