epsilon_quality=0.0632206
volume_quality=0.0612502
