epsilon_quality=0.0326228
volume_quality=0.0385647
