epsilon_quality=0.0931746
volume_quality=0.0314503
