epsilon_quality=0.124553
volume_quality=0.123767
