epsilon_quality=0.159759
volume_quality=0.248913
