epsilon_quality=0.17794
volume_quality=0.539819
