epsilon_quality=0.198963
volume_quality=0.718122
