epsilon_quality=0.0312125
volume_quality=0.0719227
