epsilon_quality=0.0753328
volume_quality=0.0508824
