epsilon_quality=0.0600589
volume_quality=0.125529
