epsilon_quality=0.0336984
volume_quality=0.00301135
