epsilon_quality=0.0896176
volume_quality=0.0605308
