gpsEpsilon=0.361124
gpsVolume=0.657791
mQualEpsilon=-1
mQualVolume=0.00435833
new_planned_energy=27.5944
