gpsEpsilon=26.493
gpsVolume=243.922
mQualEpsilon=0.0227565
mQualVolume=0.000953601
new_planned_energy=41.0023
