gpsEpsilon=42.1307
gpsVolume=141.085
mQualEpsilon=0.0620888
mQualVolume=0.0195412
new_planned_energy=63.5137
