gpsEpsilon=27.9946
gpsVolume=60.8754
mQualEpsilon=0.0112563
mQualVolume=0.000223583
new_planned_energy=93.853
