gpsEpsilon=25.9232
gpsVolume=67.9696
mQualEpsilon=0.0227565
mQualVolume=0.000953601
new_planned_energy=30.4922
