gpsEpsilon=-0.135129
gpsVolume=0.152659
mQualEpsilon=0.036767
mQualVolume=0.00267998
new_planned_energy=73.0416
