gpsEpsilon=1.70385e-315
gpsVolume=6.95335e-310
mQualEpsilon=-1
mQualVolume=0.000306582
new_planned_energy=49.4614
