gpsEpsilon=1.44405e-315
gpsVolume=6.95335e-310
mQualEpsilon=0.0390269
mQualVolume=0.00328648
new_planned_energy=73.1383
