gpsEpsilon=0.035446
gpsVolume=4.50072
mQualEpsilon=0.00065878
mQualVolume=0.015933
new_planned_energy=47.7606
