gpsEpsilon=0.80378
gpsVolume=-0.166371
mQualEpsilon=-1
mQualVolume=0.00382303
new_planned_energy=65.1341
