gpsEpsilon=0.205045
gpsVolume=0.694728
mQualEpsilon=0.0440721
mQualVolume=0.00535524
new_planned_energy=57.2475
