gpsEpsilon=0.894089
gpsVolume=-0.172535
mQualEpsilon=0.00801473
mQualVolume=0.00231883
new_planned_energy=56.375
