gpsEpsilon=0.885604
gpsVolume=-0.0328006
mQualEpsilon=0.0188136
mQualVolume=0.00492071
new_planned_energy=54.94
