gpsEpsilon=0.460086
gpsVolume=-0.492726
mQualEpsilon=-1
mQualVolume=0.0271467
new_planned_energy=69.5401
