epsilon_quality=0.0622766
volume_quality=0.0388136
