epsilon_quality=0.0330524
volume_quality=0.0059589
