epsilon_quality=0.0366266
volume_quality=0.0463366
