epsilon_quality=0.00827251
volume_quality=0.00394674
