epsilon_quality=0.0458747
volume_quality=0.02094
