epsilon_quality=0.0734869
volume_quality=0.571831
