epsilon_quality=0.089953
volume_quality=0.0420681
