epsilon_quality=0.377421
volume_quality=1.87379
