epsilon_quality=0.0761433
volume_quality=0.319821
