epsilon_quality=0.108828
volume_quality=0.0835749
