epsilon_quality=0.0501722
volume_quality=0.0194747
