epsilon_quality=0.0559312
volume_quality=0.0476212
