epsilon_quality=0.107385
volume_quality=0.273956
