epsilon_quality=0.0532683
volume_quality=0.0423296
