epsilon_quality=0.161553
volume_quality=0.613272
