epsilon_quality=0.251774
volume_quality=0.619816
