epsilon_quality=0.0284092
volume_quality=0.0590766
