epsilon_quality=0.16493
volume_quality=0.286826
