epsilon_quality=0.171047
volume_quality=0.152594
