epsilon_quality=0.182984
volume_quality=0.36845
