epsilon_quality=0.24698
volume_quality=0.596163
