epsilon_quality=0.0802125
volume_quality=0.052032
