gpsEpsilon=179.89
gpsVolume=88.4936
mQualEpsilon=0.00368871
mQualVolume=0.00150738
new_planned_energy=39.7448
