gpsEpsilon=177.51
gpsVolume=90.5101
mQualEpsilon=0.0162721
mQualVolume=0.00124593
new_planned_energy=84.6775
