gpsEpsilon=177.66
gpsVolume=88.5096
mQualEpsilon=0.0120553
mQualVolume=0.0162807
new_planned_energy=26.6673
