gpsEpsilon=189.937
gpsVolume=84.6706
mQualEpsilon=0.0269976
mQualVolume=0.000725126
new_planned_energy=81.4842
