gpsEpsilon=189.919
gpsVolume=89.1342
mQualEpsilon=0.0611281
mQualVolume=0.00449711
new_planned_energy=50.9085
