gpsEpsilon=1.34757e-315
gpsVolume=1.34757e-315
mQualEpsilon=-1
mQualVolume=0.0109177
new_planned_energy=50.0227
