gpsEpsilon=1.3674e-315
gpsVolume=6.95335e-310
mQualEpsilon=0.00600141
mQualVolume=0.00338754
new_planned_energy=56.4096
