gpsEpsilon=1.3915e-316
gpsVolume=6.95335e-310
mQualEpsilon=0.0400462
mQualVolume=0.00231142
new_planned_energy=31.3335
