gpsEpsilon=1.27868e-315
gpsVolume=0
mQualEpsilon=1.46786
mQualVolume=44.2036
new_planned_energy=-1.46786
