gpsEpsilon=1.27868e-315
gpsVolume=0
mQualEpsilon=1.48515
mQualVolume=44.9863
new_planned_energy=35.3697
