gpsEpsilon=1.39319e-315
gpsVolume=0
mQualEpsilon=-1
mQualVolume=0.000149797
new_planned_energy=88.3942
