gpsEpsilon=0
gpsVolume=0.0078125
mQualEpsilon=0.00542648
mQualVolume=0.00142016
new_planned_energy=19.3082
