gpsEpsilon=206.865
gpsVolume=94.5436
mQualEpsilon=0.0140476
mQualVolume=0.000314784
new_planned_energy=31.5592
