gpsEpsilon=178.178
gpsVolume=87.5152
mQualEpsilon=0.0318726
mQualVolume=0.00170466
new_planned_energy=74.0799
