epsilon_quality=0.233376
volume_quality=1.06203
