epsilon_quality=0.0157326
volume_quality=0.10469
