epsilon_quality=0.00765613
volume_quality=0.0387992
