epsilon_quality=0.11775
volume_quality=0.292989
