epsilon_quality=0.14231
volume_quality=0.111564
