epsilon_quality=0.0880137
volume_quality=0.116942
