epsilon_quality=0.0762039
volume_quality=0.730673
