epsilon_quality=0.0340943
volume_quality=0.0390076
