epsilon_quality=0.0473063
volume_quality=0.0294066
