epsilon_quality=0.22292
volume_quality=1.34033
