epsilon_quality=0.292439
volume_quality=1.60496
