epsilon_quality=0.111665
volume_quality=0.0496189
