epsilon_quality=0.0683592
volume_quality=0.0180311
