epsilon_quality=0.248136
volume_quality=0.766215
