epsilon_quality=0.0250842
volume_quality=0.00133954
