epsilon_quality=0.043395
volume_quality=0.111445
