epsilon_quality=0.165657
volume_quality=0.40761
