epsilon_quality=0.101273
volume_quality=0.112945
