epsilon_quality=0.303199
volume_quality=1.19309
