epsilon_quality=0.0303994
volume_quality=0.00850444
