epsilon_quality=0.165464
volume_quality=0.226223
