epsilon_quality=0.0680317
volume_quality=0.0236941
