epsilon_quality=0.0210282
volume_quality=0.0126319
