epsilon_quality=0.00624429
volume_quality=0.0695031
