epsilon_quality=0.144125
volume_quality=0.128199
