epsilon_quality=0.0117383
volume_quality=0.103069
