epsilon_quality=0.0506022
volume_quality=0.168261
