epsilon_quality=0.12947
volume_quality=0.28515
