epsilon_quality=0.0463513
volume_quality=0.0457787
