gpsEpsilon=122.671
gpsVolume=136.842
mQualEpsilon=0.0699236
mQualVolume=0.0153401
new_planned_energy=47.2315
