gpsEpsilon=104.95
gpsVolume=123.107
mQualEpsilon=0.0597619
mQualVolume=0.00300611
new_planned_energy=28.3895
