gpsEpsilon=128.52
gpsVolume=131.894
mQualEpsilon=0.053455
mQualVolume=0.00228331
new_planned_energy=48.3579
