gpsEpsilon=120.424
gpsVolume=143.133
mQualEpsilon=0.0363379
mQualVolume=0.0059204
new_planned_energy=48.1004
