gpsEpsilon=105.971
gpsVolume=124.092
mQualEpsilon=0.0603738
mQualVolume=0.00561947
new_planned_energy=36.3787
