gpsEpsilon=119.795
gpsVolume=143.856
mQualEpsilon=0.0469826
mQualVolume=0.00580688
new_planned_energy=83.0807
