gpsEpsilon=120.026
gpsVolume=172.239
mQualEpsilon=0.0212586
mQualVolume=0.00731912
new_planned_energy=53.9052
