gpsEpsilon=111.487
gpsVolume=128.662
mQualEpsilon=0.000103824
mQualVolume=0.00144509
new_planned_energy=75.5551
