gpsEpsilon=122.774
gpsVolume=144.433
mQualEpsilon=0.000744712
mQualVolume=0.0015004
new_planned_energy=47.6939
