gpsEpsilon=126.363
gpsVolume=118.894
mQualEpsilon=0.0497987
mQualVolume=0.00547896
new_planned_energy=72.6443
