gpsEpsilon=105.458
gpsVolume=127.58
mQualEpsilon=0.0111634
mQualVolume=0.00033337
new_planned_energy=68.9798
