epsilon_quality=0.341694
volume_quality=1.27383
