epsilon_quality=0.0326202
volume_quality=0.0253702
