epsilon_quality=0.0542027
volume_quality=0.0211997
