epsilon_quality=0.0714794
volume_quality=0.0683738
