epsilon_quality=0.00168027
volume_quality=0.0765625
