epsilon_quality=0.0445247
volume_quality=0.0378839
