epsilon_quality=0.0932622
volume_quality=0.130651
