epsilon_quality=0.149354
volume_quality=0.0964384
