epsilon_quality=0.0632446
volume_quality=0.0566812
