epsilon_quality=0.0348016
volume_quality=0.00371882
