epsilon_quality=0.0741112
volume_quality=0.026114
