epsilon_quality=0.0340717
volume_quality=0.241079
