epsilon_quality=0.164275
volume_quality=0.472558
