epsilon_quality=0.0653505
volume_quality=0.0326713
