epsilon_quality=0.0624812
volume_quality=0.0206159
