epsilon_quality=0.0235435
volume_quality=0.00328892
