epsilon_quality=0.0972142
volume_quality=0.0465107
