epsilon_quality=0.0807076
volume_quality=0.149627
