epsilon_quality=0.0654731
volume_quality=0.0372242
