epsilon_quality=0.146502
volume_quality=0.718483
