epsilon_quality=0.080564
volume_quality=0.348994
