epsilon_quality=0.195381
volume_quality=0.418169
