epsilon_quality=0.139008
volume_quality=0.315798
