epsilon_quality=0.262959
volume_quality=1.50777
