epsilon_quality=0.14188
volume_quality=0.396305
