epsilon_quality=0.0258705
volume_quality=0.000688162
