epsilon_quality=0.092585
volume_quality=0.701206
