epsilon_quality=0.0278585
volume_quality=0.113983
