epsilon_quality=0.0973911
volume_quality=0.203478
