epsilon_quality=0.078875
volume_quality=0.00866308
