epsilon_quality=0.10607
volume_quality=0.121393
