epsilon_quality=0.17889
volume_quality=0.808865
