epsilon_quality=0.133906
volume_quality=0.342194
