epsilon_quality=0.0283664
volume_quality=0.0296909
