epsilon_quality=0.0705886
volume_quality=0.00894849
