epsilon_quality=0.120042
volume_quality=0.193192
