epsilon_quality=0.092685
volume_quality=0.0987473
