epsilon_quality=0.0826806
volume_quality=0.0159312
