epsilon_quality=0.0270797
volume_quality=0.00393479
