epsilon_quality=0.0164216
volume_quality=0.00413703
