epsilon_quality=0.0796556
volume_quality=0.0611608
