epsilon_quality=0.107915
volume_quality=0.0928384
