epsilon_quality=0.0349926
volume_quality=0.0130522
