epsilon_quality=0.0893074
volume_quality=0.0717797
