epsilon_quality=0.130652
volume_quality=0.0889165
