epsilon_quality=0.0180846
volume_quality=0.0263786
