epsilon_quality=0.0508398
volume_quality=0.0926506
