epsilon_quality=0.0174525
volume_quality=0.0185777
