epsilon_quality=0.00261754
volume_quality=0.0216223
