epsilon_quality=0.109605
volume_quality=0.127774
