epsilon_quality=0.0442603
volume_quality=0.0459533
