epsilon_quality=0.0709674
volume_quality=0.486054
