epsilon_quality=0.12751
volume_quality=0.362025
