epsilon_quality=0.0174314
volume_quality=0.0225178
