epsilon_quality=0.0927878
volume_quality=0.107457
