epsilon_quality=0.0675664
volume_quality=0.0657541
