epsilon_quality=0.0543072
volume_quality=0.0660294
