epsilon_quality=0.0289643
volume_quality=0.157507
