epsilon_quality=0.0139217
volume_quality=0.106114
