epsilon_quality=0.0392158
volume_quality=0.0102578
