epsilon_quality=0.0190689
volume_quality=0.0330421
