epsilon_quality=0.314239
volume_quality=2.25344
