epsilon_quality=0.093284
volume_quality=0.0841124
