epsilon_quality=0.0850777
volume_quality=0.139292
