epsilon_quality=0.0324641
volume_quality=0.0603986
