epsilon_quality=0.0870646
volume_quality=0.174536
