epsilon_quality=0.0382505
volume_quality=0.00468585
