epsilon_quality=0.0924525
volume_quality=0.104444
