epsilon_quality=0.0476901
volume_quality=0.180972
