epsilon_quality=0.0946139
volume_quality=0.438551
