epsilon_quality=0.114878
volume_quality=0.0382063
