epsilon_quality=0.0908578
volume_quality=0.0349293
