epsilon_quality=0.0922508
volume_quality=0.0228053
