epsilon_quality=0.0927416
volume_quality=0.0726637
