epsilon_quality=0.00983841
volume_quality=0.00280744
