epsilon_quality=0.102056
volume_quality=0.255306
