epsilon_quality=0.0662472
volume_quality=0.127836
