epsilon_quality=0.0527576
volume_quality=0.0248634
