epsilon_quality=0.0894798
volume_quality=0.257195
