epsilon_quality=0.256701
volume_quality=1.35792
