epsilon_quality=0.145071
volume_quality=0.351867
