epsilon_quality=0.081116
volume_quality=0.0666579
