epsilon_quality=0.166023
volume_quality=0.345634
