epsilon_quality=0.145313
volume_quality=0.317834
