epsilon_quality=0.157822
volume_quality=0.336822
