epsilon_quality=0.0675798
volume_quality=0.132721
