epsilon_quality=0.0107986
volume_quality=0.305372
