epsilon_quality=0.149343
volume_quality=0.650628
