epsilon_quality=0.168615
volume_quality=0.324996
