epsilon_quality=0.184259
volume_quality=0.354044
