epsilon_quality=0.129487
volume_quality=0.688236
