epsilon_quality=0.0538572
volume_quality=0.367732
