epsilon_quality=0.138602
volume_quality=0.609413
