epsilon_quality=0.00581733
volume_quality=0.00120436
