epsilon_quality=0.0541782
volume_quality=0.0221436
