epsilon_quality=0.081995
volume_quality=0.0464292
