epsilon_quality=0.0261604
volume_quality=0.0923738
