epsilon_quality=0.114243
volume_quality=0.130755
