epsilon_quality=0.109199
volume_quality=0.0671431
