epsilon_quality=0.0370916
volume_quality=0.00318878
