epsilon_quality=0.0293364
volume_quality=0.00154368
