epsilon_quality=0.0659448
volume_quality=0.0072776
