epsilon_quality=0.102288
volume_quality=0.313498
