epsilon_quality=0.163061
volume_quality=0.569326
