epsilon_quality=0.0337167
volume_quality=0.00676013
