epsilon_quality=0.0859153
volume_quality=0.0513909
