epsilon_quality=0.100797
volume_quality=0.254553
