epsilon_quality=0.0709137
volume_quality=0.069955
