epsilon_quality=0.0693636
volume_quality=0.194397
