epsilon_quality=0.0709793
volume_quality=0.0416528
