epsilon_quality=0.00944186
volume_quality=0.00768482
