epsilon_quality=0.107908
volume_quality=0.129123
