epsilon_quality=0.0414655
volume_quality=0.0823153
