epsilon_quality=0.13106
volume_quality=0.104141
