epsilon_quality=0.158738
volume_quality=0.133899
