epsilon_quality=0.260367
volume_quality=0.611223
