epsilon_quality=0.180282
volume_quality=0.272417
