epsilon_quality=0.111899
volume_quality=0.148298
