epsilon_quality=0.0657587
volume_quality=0.212729
