epsilon_quality=0.155415
volume_quality=0.919863
