epsilon_quality=0.24433
volume_quality=0.980474
