epsilon_quality=0.229162
volume_quality=0.575645
