epsilon_quality=0.024401
volume_quality=0.034877
