epsilon_quality=0.242603
volume_quality=0.851244
