epsilon_quality=0.0667712
volume_quality=0.0204029
