epsilon_quality=0.0445756
volume_quality=0.111275
