epsilon_quality=0.065613
volume_quality=0.054319
