epsilon_quality=0.215311
volume_quality=0.330732
