epsilon_quality=0.147664
volume_quality=0.104508
