epsilon_quality=0.165929
volume_quality=0.315287
