epsilon_quality=0.111958
volume_quality=0.112595
