epsilon_quality=0.119896
volume_quality=0.0452706
