epsilon_quality=0.0662759
volume_quality=0.154191
