epsilon_quality=0.0489921
volume_quality=0.0280859
