epsilon_quality=0.0978144
volume_quality=0.0492003
