epsilon_quality=0.0609032
volume_quality=0.0834828
