epsilon_quality=0.146903
volume_quality=0.425281
