epsilon_quality=0.13516
volume_quality=0.186631
