epsilon_quality=0.023155
volume_quality=0.0707481
