epsilon_quality=0.132055
volume_quality=0.17652
