epsilon_quality=0.13266
volume_quality=0.246763
