epsilon_quality=0.09607
volume_quality=0.123025
