epsilon_quality=0.0599088
volume_quality=0.0927815
