epsilon_quality=0.091132
volume_quality=0.036783
