epsilon_quality=0.0691735
volume_quality=0.0728435
