epsilon_quality=0.142917
volume_quality=0.265873
