epsilon_quality=0.227944
volume_quality=0.426097
