epsilon_quality=0.0992825
volume_quality=0.171797
