epsilon_quality=0.0757948
volume_quality=0.0534576
