epsilon_quality=0.114116
volume_quality=0.0797883
