epsilon_quality=0.0698737
volume_quality=0.0190019
