epsilon_quality=0.0253207
volume_quality=0.0448174
