epsilon_quality=0.0948551
volume_quality=0.0314712
