epsilon_quality=0.0592384
volume_quality=0.0394962
