epsilon_quality=0.0818358
volume_quality=0.120193
