epsilon_quality=0.00675914
volume_quality=0.000697514
