epsilon_quality=0.038092
volume_quality=0.00213674
