epsilon_quality=0.0257391
volume_quality=0.221047
