epsilon_quality=0.0925293
volume_quality=0.161654
