epsilon_quality=0.0141696
volume_quality=0.0535588
