epsilon_quality=0.035024
volume_quality=0.017362
