epsilon_quality=0.067893
volume_quality=0.236297
