epsilon_quality=0.183482
volume_quality=0.485096
