epsilon_quality=0.0123033
volume_quality=0.322076
