epsilon_quality=0.122866
volume_quality=0.386987
