epsilon_quality=0.0234538
volume_quality=0.0378759
