epsilon_quality=0.231707
volume_quality=1.49345
