epsilon_quality=0.313612
volume_quality=0.687068
