epsilon_quality=0.10259
volume_quality=0.0834519
