epsilon_quality=0.199709
volume_quality=0.626936
