epsilon_quality=0.181145
volume_quality=0.474299
