epsilon_quality=0.437508
volume_quality=3.69453
