epsilon_quality=0.251542
volume_quality=1.66512
