epsilon_quality=0.282608
volume_quality=2.49712
