epsilon_quality=0.113244
volume_quality=0.281635
