epsilon_quality=0.0745717
volume_quality=0.0931569
