epsilon_quality=0.0187583
volume_quality=0.000557476
