epsilon_quality=0.0886008
volume_quality=0.243054
