epsilon_quality=0.0331612
volume_quality=0.0209675
