epsilon_quality=0.0698838
volume_quality=0.010236
