epsilon_quality=0.0281506
volume_quality=0.00376439
