epsilon_quality=0.0257682
volume_quality=0.0138284
