epsilon_quality=0.040131
volume_quality=0.0325927
