epsilon_quality=0.0264709
volume_quality=0.0123166
