epsilon_quality=0.0707568
volume_quality=0.11394
