epsilon_quality=0.0121971
volume_quality=0.0489333
