epsilon_quality=0.0395036
volume_quality=0.0103888
