epsilon_quality=0.0233154
volume_quality=0.00452428
