epsilon_quality=0.0426387
volume_quality=0.0164837
