epsilon_quality=0.0447074
volume_quality=0.00834054
