epsilon_quality=0.046354
volume_quality=0.00782545
