epsilon_quality=0.020119
volume_quality=0.0192284
