epsilon_quality=0.0437594
volume_quality=0.0138154
