epsilon_quality=0.0425428
volume_quality=0.0265224
