epsilon_quality=0.0985274
volume_quality=0.0393319
