epsilon_quality=0.0935929
volume_quality=0.0675455
