epsilon_quality=0.0341698
volume_quality=0.0141488
