epsilon_quality=0.0315074
volume_quality=0.0158869
