epsilon_quality=0.0354144
volume_quality=0.0187353
