epsilon_quality=0.0296362
volume_quality=0.0396708
