epsilon_quality=0.156643
volume_quality=0.186014
