epsilon_quality=0.0829375
volume_quality=0.666128
