epsilon_quality=0.0186468
volume_quality=0.00592338
