epsilon_quality=0.167641
volume_quality=0.964901
