epsilon_quality=0.272836
volume_quality=0.758603
