epsilon_quality=0.183121
volume_quality=0.270775
