epsilon_quality=0.298039
volume_quality=0.508922
