epsilon_quality=0.0375571
volume_quality=0.0065317
