epsilon_quality=0.0284224
volume_quality=0.0135531
