epsilon_quality=0.0305986
volume_quality=0.017194
