epsilon_quality=0.0269461
volume_quality=0.00361568
