epsilon_quality=0.0598555
volume_quality=0.0549556
