epsilon_quality=0.0310267
volume_quality=0.00495611
