epsilon_quality=0.327993
volume_quality=1.41098
