gpsEpsilon=38.861
gpsVolume=143.916
mQualEpsilon=0.00100562
mQualVolume=0.000485177
new_planned_energy=86.0455
