gpsEpsilon=27.1554
gpsVolume=198.15
mQualEpsilon=0.0212994
mQualVolume=0.00350934
new_planned_energy=52.7524
