gpsEpsilon=16.8078
gpsVolume=186.554
mQualEpsilon=0.0249052
mQualVolume=0.0145871
new_planned_energy=34.5706
