gpsEpsilon=41.246
gpsVolume=129.679
mQualEpsilon=0.054986
mQualVolume=0.00801928
new_planned_energy=54.3363
