gpsEpsilon=11.4138
gpsVolume=156.612
mQualEpsilon=0.0457895
mQualVolume=0.00747906
new_planned_energy=62.8013
