gpsEpsilon=9.06536
gpsVolume=137.788
mQualEpsilon=0.0687019
mQualVolume=0.0128879
new_planned_energy=54.7525
