gpsEpsilon=37.1729
gpsVolume=148.503
mQualEpsilon=0.0150723
mQualVolume=0.00823305
new_planned_energy=26.4073
