gpsEpsilon=39.0078
gpsVolume=148.503
mQualEpsilon=0.0307575
mQualVolume=0.000929578
new_planned_energy=77.9879
