epsilon_quality=0.183414
volume_quality=0.18234
