epsilon_quality=0.382886
volume_quality=2.42068
