epsilon_quality=0.0583698
volume_quality=0.0641426
