epsilon_quality=0.0883852
volume_quality=0.235116
