epsilon_quality=0.070193
volume_quality=0.0597571
