epsilon_quality=0.177032
volume_quality=0.489493
