epsilon_quality=0.147019
volume_quality=0.226543
