epsilon_quality=0.161359
volume_quality=0.456457
