epsilon_quality=0.0796042
volume_quality=0.122332
