epsilon_quality=0.0889491
volume_quality=0.203258
