epsilon_quality=0.0147996
volume_quality=0.00292552
