epsilon_quality=0.043441
volume_quality=0.0916508
