epsilon_quality=0.0297851
volume_quality=0.0163922
