epsilon_quality=0.0041692
volume_quality=0.0438183
