epsilon_quality=0.147469
volume_quality=0.172611
