epsilon_quality=0.117616
volume_quality=0.522026
