epsilon_quality=0.0268293
volume_quality=0.0504394
