epsilon_quality=0.0945376
volume_quality=0.114305
