epsilon_quality=0.0437558
volume_quality=0.0715891
