epsilon_quality=0.152012
volume_quality=0.256532
