epsilon_quality=0.077002
volume_quality=0.057959
