epsilon_quality=0.0933012
volume_quality=0.104127
