epsilon_quality=0.00472491
volume_quality=0.372245
