gpsEpsilon=3.76703e-316
gpsVolume=0
mQualEpsilon=0.0429023
mQualVolume=0.00249034
new_planned_energy=46.7168
