gpsEpsilon=88.5817
gpsVolume=92.5396
mQualEpsilon=0.0284062
mQualVolume=0.00211321
new_planned_energy=39.8885
