gpsEpsilon=78.8596
gpsVolume=6.35
mQualEpsilon=0.00768218
mQualVolume=0.00166078
new_planned_energy=17.709
