gpsEpsilon=9.72998
gpsVolume=-10.51
mQualEpsilon=1.68337
mQualVolume=55.3264
new_planned_energy=29.8043
