gpsEpsilon=9.72998
gpsVolume=-10.51
mQualEpsilon=1.72214
mQualVolume=54.215
new_planned_energy=37.0409
