gpsEpsilon=9.72998
gpsVolume=-10.51
mQualEpsilon=-1
mQualVolume=0.00378161
new_planned_energy=69.0949
