gpsEpsilon=2.48469e-316
gpsVolume=2.42856e-316
mQualEpsilon=-1
mQualVolume=0.00671865
new_planned_energy=25.2614
