gpsEpsilon=0
gpsVolume=2.42092e-322
mQualEpsilon=-1
mQualVolume=4.43314e-06
new_planned_energy=49.4043
