gpsEpsilon=0
gpsVolume=0.0078125
mQualEpsilon=1.72794
mQualVolume=47.2723
new_planned_energy=-1.72794
