gpsEpsilon=0
gpsVolume=0.0078125
mQualEpsilon=0.019597
mQualVolume=0.00179801
new_planned_energy=17.7676
