gpsEpsilon=0
gpsVolume=0.0078125
mQualEpsilon=1.73543
mQualVolume=49.7668
new_planned_energy=18.752
