gpsEpsilon=0
gpsVolume=0.0078125
mQualEpsilon=1.64682
mQualVolume=48.8766
new_planned_energy=-1.64682
