gpsEpsilon=0
gpsVolume=0.0078125
mQualEpsilon=1.45572
mQualVolume=45.2903
new_planned_energy=11.4909
