gpsEpsilon=0
gpsVolume=0.0078125
mQualEpsilon=1.44219
mQualVolume=45.7309
new_planned_energy=-1.44219
