gpsEpsilon=0
gpsVolume=0.0078125
mQualEpsilon=1.51268
mQualVolume=46.0705
new_planned_energy=12.8362
