gpsEpsilon=7.96824e-316
gpsVolume=7.96825e-316
mQualEpsilon=-1
mQualVolume=0.00202794
new_planned_energy=13.339
