gpsEpsilon=7.96824e-316
gpsVolume=7.96825e-316
mQualEpsilon=1.72492
mQualVolume=56.1765
new_planned_energy=27.7033
