epsilon_quality=0.247253
volume_quality=0.907418
