epsilon_quality=0.137398
volume_quality=0.583542
