epsilon_quality=0.080567
volume_quality=0.157983
