epsilon_quality=0.12055
volume_quality=0.156507
