epsilon_quality=0.0863514
volume_quality=0.0388038
