epsilon_quality=0.0764359
volume_quality=0.0878891
