epsilon_quality=0.0559477
volume_quality=0.0877541
