epsilon_quality=0.00169594
volume_quality=0.0128049
