epsilon_quality=0.0746591
volume_quality=0.184625
