epsilon_quality=0.0436217
volume_quality=0.154329
