epsilon_quality=0.0604967
volume_quality=0.0368422
