epsilon_quality=0.0632228
volume_quality=0.0892428
