epsilon_quality=0.132129
volume_quality=0.0699958
