epsilon_quality=0.123457
volume_quality=0.124811
