epsilon_quality=0.225525
volume_quality=0.776199
