epsilon_quality=0.235481
volume_quality=0.621437
