epsilon_quality=0.0739544
volume_quality=0.034133
