epsilon_quality=0.13341
volume_quality=0.267994
