epsilon_quality=0.0451031
volume_quality=0.0210306
