epsilon_quality=0.0510161
volume_quality=0.0516585
