epsilon_quality=0.0129618
volume_quality=0.00643976
