epsilon_quality=0.0269301
volume_quality=0.0116014
