epsilon_quality=0.0102487
volume_quality=0.161231
