epsilon_quality=0.109229
volume_quality=0.197728
