epsilon_quality=0.101146
volume_quality=0.208581
