epsilon_quality=0.0529944
volume_quality=0.0158032
