epsilon_quality=0.101122
volume_quality=0.197713
