epsilon_quality=0.0184966
volume_quality=0.0267355
