epsilon_quality=0.131783
volume_quality=0.143904
