epsilon_quality=0.168238
volume_quality=0.433757
