epsilon_quality=0.0577946
volume_quality=0.0624425
