epsilon_quality=0.196558
volume_quality=0.259361
