epsilon_quality=0.0400068
volume_quality=0.0301556
