epsilon_quality=0.119152
volume_quality=0.198724
