epsilon_quality=0.0600925
volume_quality=0.110956
