epsilon_quality=0.0686266
volume_quality=0.0324514
