epsilon_quality=0.219103
volume_quality=0.641414
