epsilon_quality=0.196237
volume_quality=0.549388
