epsilon_quality=0.184524
volume_quality=0.622185
