epsilon_quality=0.0501575
volume_quality=0.159753
