epsilon_quality=0.176485
volume_quality=0.350509
