epsilon_quality=0.27005
volume_quality=1.94276
