epsilon_quality=0.0114669
volume_quality=0.0548136
