epsilon_quality=0.157739
volume_quality=0.196604
