epsilon_quality=0.0847891
volume_quality=0.228506
