epsilon_quality=0.0799878
volume_quality=0.0650202
