epsilon_quality=0.0551166
volume_quality=0.0239389
