epsilon_quality=0.0928445
volume_quality=0.168807
