epsilon_quality=0.0289634
volume_quality=0.0117084
