epsilon_quality=0.13107
volume_quality=0.143548
