epsilon_quality=0.0927837
volume_quality=0.0675504
