epsilon_quality=0.0411129
volume_quality=0.0048793
