epsilon_quality=0.102767
volume_quality=0.900292
