epsilon_quality=0.100061
volume_quality=0.296019
