epsilon_quality=0.156517
volume_quality=0.252718
