epsilon_quality=0.0883491
volume_quality=0.109691
