epsilon_quality=0.0688997
volume_quality=0.00422115
