epsilon_quality=0.0494422
volume_quality=0.0398131
