epsilon_quality=0.0714623
volume_quality=0.0272948
