epsilon_quality=0.0327862
volume_quality=0.00534779
