epsilon_quality=0.0946875
volume_quality=0.145287
