epsilon_quality=0.119796
volume_quality=0.353893
