epsilon_quality=0.0268252
volume_quality=0.0243714
