epsilon_quality=0.111297
volume_quality=0.185449
