epsilon_quality=0.108758
volume_quality=0.0292307
