epsilon_quality=0.0686909
volume_quality=0.487085
