epsilon_quality=0.304339
volume_quality=1.24227
