epsilon_quality=0.185138
volume_quality=0.415459
