epsilon_quality=0.119698
volume_quality=0.826555
