epsilon_quality=0.196787
volume_quality=0.795439
