epsilon_quality=0.0827885
volume_quality=0.14611
