epsilon_quality=0.0445444
volume_quality=0.032676
