epsilon_quality=0.0134794
volume_quality=0.0332578
