epsilon_quality=0.00780271
volume_quality=0.0589625
