epsilon_quality=0.0742065
volume_quality=0.132319
