epsilon_quality=0.109308
volume_quality=0.549451
