epsilon_quality=0.128391
volume_quality=0.144199
