epsilon_quality=0.193271
volume_quality=0.934821
