epsilon_quality=0.145918
volume_quality=0.29793
