epsilon_quality=0.48826
volume_quality=4.35065
