epsilon_quality=0.405945
volume_quality=5.24514
