epsilon_quality=0.0164703
volume_quality=0.0613905
