epsilon_quality=0.0342097
volume_quality=0.00347721
