epsilon_quality=0.0369555
volume_quality=0.00687612
