epsilon_quality=0.0500842
volume_quality=0.0436463
