epsilon_quality=0.0499449
volume_quality=0.03151
