epsilon_quality=0.0712986
volume_quality=0.038616
