epsilon_quality=0.133134
volume_quality=0.0718204
