epsilon_quality=0.0725314
volume_quality=0.195584
