epsilon_quality=0.133716
volume_quality=0.0703753
