gpsEpsilon=1.07224e-315
gpsVolume=0
mQualEpsilon=0.0821335
mQualVolume=0.00909826
new_planned_energy=82.5869
