gpsEpsilon=1.40413e-315
gpsVolume=0
mQualEpsilon=-1
mQualVolume=0.00273001
new_planned_energy=48.7036
