gpsEpsilon=9.32418e-316
gpsVolume=0
mQualEpsilon=0.0121574
mQualVolume=0.00212901
new_planned_energy=37.3504
