gpsEpsilon=1.11829e-315
gpsVolume=0
mQualEpsilon=0.0230432
mQualVolume=0.0033705
new_planned_energy=32.4534
