gpsEpsilon=1.11829e-315
gpsVolume=0
mQualEpsilon=1.27507
mQualVolume=42.4103
new_planned_energy=-1.27507
