gpsEpsilon=1.34902e-315
gpsVolume=0
mQualEpsilon=-1
mQualVolume=2.20333e-05
new_planned_energy=84.8869
