gpsEpsilon=7.91834e-316
gpsVolume=0
mQualEpsilon=-1
mQualVolume=0.00117326
new_planned_energy=44.8581
