gpsEpsilon=7.0023
gpsVolume=164.229
mQualEpsilon=0.0153155
mQualVolume=0.00429481
new_planned_energy=77.9752
