gpsEpsilon=12.5539
gpsVolume=118.957
mQualEpsilon=0.0134994
mQualVolume=0.000296293
new_planned_energy=73.9876
