gpsEpsilon=12.2851
gpsVolume=91.3796
mQualEpsilon=0.00656445
mQualVolume=0.000980286
new_planned_energy=105.329
