gpsEpsilon=194.592
gpsVolume=97.2015
mQualEpsilon=0.0560974
mQualVolume=0.0153235
new_planned_energy=60.0046
