gpsEpsilon=1.19775e-315
gpsVolume=0
mQualEpsilon=0.0253339
mQualVolume=0.00917061
new_planned_energy=43.7702
