gpsEpsilon=1.19775e-315
gpsVolume=0
mQualEpsilon=0.0296027
mQualVolume=0.00349835
new_planned_energy=61.8286
