epsilon_quality=0.148184
volume_quality=0.855199
