epsilon_quality=0.011199
volume_quality=0.0120173
