epsilon_quality=0.0401468
volume_quality=0.04807
