epsilon_quality=0.0504538
volume_quality=0.239128
