epsilon_quality=0.109825
volume_quality=0.145717
