epsilon_quality=0.10087
volume_quality=0.188053
