epsilon_quality=0.0558317
volume_quality=0.130785
