epsilon_quality=0.189357
volume_quality=0.475037
