epsilon_quality=0.0559084
volume_quality=0.0404063
