epsilon_quality=0.168668
volume_quality=0.213728
