epsilon_quality=0.0346986
volume_quality=0.00316377
