epsilon_quality=0.0849695
volume_quality=0.0653165
