epsilon_quality=0.0585078
volume_quality=0.0869779
