epsilon_quality=0.0342599
volume_quality=0.0224749
