epsilon_quality=0.0805404
volume_quality=0.025869
