epsilon_quality=0.124508
volume_quality=0.118342
