epsilon_quality=0.206569
volume_quality=1.03848
