epsilon_quality=0.115672
volume_quality=0.575073
