epsilon_quality=0.000481036
volume_quality=0.0351517
