epsilon_quality=0.0397589
volume_quality=0.0275762
