epsilon_quality=0.0610345
volume_quality=0.0362386
