epsilon_quality=0.0576071
volume_quality=0.0433753
