epsilon_quality=0.204023
volume_quality=0.511047
