epsilon_quality=0.048321
volume_quality=0.116668
