epsilon_quality=0.143998
volume_quality=0.265536
