epsilon_quality=0.194436
volume_quality=0.228271
