epsilon_quality=0.0485163
volume_quality=0.134778
