epsilon_quality=0.0887606
volume_quality=0.124004
