epsilon_quality=0.0459126
volume_quality=0.025357
