epsilon_quality=0.0252817
volume_quality=0.00831656
