epsilon_quality=0.149428
volume_quality=0.483657
