epsilon_quality=0.174505
volume_quality=0.726909
