epsilon_quality=0.175551
volume_quality=0.485755
