gpsEpsilon=154.055
gpsVolume=145.465
mQualEpsilon=0.0142298
mQualVolume=0.0313782
new_planned_energy=26.4311
