gpsEpsilon=145.465
gpsVolume=151.72
mQualEpsilon=0.015946
mQualVolume=0.022556
new_planned_energy=13.8824
