gpsEpsilon=178.85
gpsVolume=198.267
mQualEpsilon=0.0218857
mQualVolume=0.00573553
new_planned_energy=21.4574
