gpsEpsilon=178.85
gpsVolume=198.267
mQualEpsilon=1.55194
mQualVolume=45.2287
new_planned_energy=-1.55194
