gpsEpsilon=181.187
gpsVolume=198.076
mQualEpsilon=0.0763735
mQualVolume=0.0569084
new_planned_energy=22.1165
