gpsEpsilon=178.441
gpsVolume=193.57
mQualEpsilon=1.58793
mQualVolume=57.8615
new_planned_energy=-1.58793
