gpsEpsilon=178.441
gpsVolume=193.57
mQualEpsilon=1.42674
mQualVolume=55.7342
new_planned_energy=-1.42674
