gpsEpsilon=2.3592e-315
gpsVolume=2.35921e-315
mQualEpsilon=1.47554
mQualVolume=45.3997
new_planned_energy=-1.47554
