gpsEpsilon=2.3592e-315
gpsVolume=2.35921e-315
mQualEpsilon=1.50404
mQualVolume=45.5853
new_planned_energy=-1.50404
