gpsEpsilon=2.3592e-315
gpsVolume=2.35921e-315
mQualEpsilon=1.61659
mQualVolume=46.9183
new_planned_energy=-1.61659
