gpsEpsilon=2.3592e-315
gpsVolume=2.35921e-315
mQualEpsilon=1.55211
mQualVolume=45.6939
new_planned_energy=11.8399
