gpsEpsilon=-0.552194
gpsVolume=0.0997666
mQualEpsilon=1.34976
mQualVolume=54.6817
new_planned_energy=-1.34976
