gpsEpsilon=-0.552194
gpsVolume=0.0997666
mQualEpsilon=1.33105
mQualVolume=53.5611
new_planned_energy=-1.33105
