gpsEpsilon=-0.552194
gpsVolume=0.0997666
mQualEpsilon=1.41109
mQualVolume=52.9042
new_planned_energy=-1.41109
