gpsEpsilon=-0.552194
gpsVolume=0.0997666
mQualEpsilon=1.49595
mQualVolume=55.3925
new_planned_energy=-1.49595
