gpsEpsilon=181.047
gpsVolume=196.92
mQualEpsilon=1.20202
mQualVolume=40.3943
new_planned_energy=-1.20202
