gpsEpsilon=181.047
gpsVolume=196.92
mQualEpsilon=1.16237
mQualVolume=39.9064
new_planned_energy=-1.16237
