gpsEpsilon=181.047
gpsVolume=196.92
mQualEpsilon=1.14395
mQualVolume=41.3948
new_planned_energy=-1.14395
