gpsEpsilon=181.047
gpsVolume=196.92
mQualEpsilon=1.49073
mQualVolume=43.295
new_planned_energy=-1.49073
