gpsEpsilon=205.212
gpsVolume=187.457
mQualEpsilon=0.0725764
mQualVolume=0.0205825
new_planned_energy=27.8889
