gpsEpsilon=203.27
gpsVolume=183.701
mQualEpsilon=0.070321
mQualVolume=0.0251161
new_planned_energy=27.4959
