gpsEpsilon=172.931
gpsVolume=186.42
mQualEpsilon=1.66248
mQualVolume=48.2341
new_planned_energy=-1.66248
