gpsEpsilon=172.931
gpsVolume=186.42
mQualEpsilon=1.51636
mQualVolume=46.6583
new_planned_energy=-1.51636
