gpsEpsilon=172.931
gpsVolume=186.42
mQualEpsilon=1.67031
mQualVolume=48.5001
new_planned_energy=-1.67031
