gpsEpsilon=172.931
gpsVolume=186.42
mQualEpsilon=1.64254
mQualVolume=48.023
new_planned_energy=-1.64254
