gpsEpsilon=172.931
gpsVolume=186.42
mQualEpsilon=1.52664
mQualVolume=46.4346
new_planned_energy=-1.52664
