gpsEpsilon=172.931
gpsVolume=186.42
mQualEpsilon=1.76647
mQualVolume=48.9981
new_planned_energy=-1.76647
