gpsEpsilon=156.883
gpsVolume=157.06
mQualEpsilon=1.40539
mQualVolume=53.8119
new_planned_energy=-1.40539
