gpsEpsilon=156.883
gpsVolume=157.06
mQualEpsilon=1.55632
mQualVolume=55.9504
new_planned_energy=-1.55632
