epsilon_quality=0.153426
volume_quality=0.0947803
