epsilon_quality=0.320053
volume_quality=1.26348
