epsilon_quality=0.155336
volume_quality=0.586949
