epsilon_quality=0.125914
volume_quality=0.611829
