epsilon_quality=0.0578932
volume_quality=0.0160485
