epsilon_quality=0.172645
volume_quality=0.186519
