epsilon_quality=0.167682
volume_quality=0.383352
