epsilon_quality=0.0456602
volume_quality=0.17988
