epsilon_quality=0.0642203
volume_quality=0.214877
