epsilon_quality=0.0185242
volume_quality=0.120727
