epsilon_quality=0.0866418
volume_quality=0.0300004
