epsilon_quality=0.149187
volume_quality=0.243727
