epsilon_quality=0.0542766
volume_quality=0.0287373
