epsilon_quality=0.115038
volume_quality=0.245807
