epsilon_quality=0.0430305
volume_quality=0.107597
