epsilon_quality=0.0932461
volume_quality=0.0340987
