epsilon_quality=0.0296655
volume_quality=0.00506006
