epsilon_quality=0.0658423
volume_quality=0.0586506
