epsilon_quality=0.0694768
volume_quality=0.0945291
