epsilon_quality=0.104858
volume_quality=0.272983
