epsilon_quality=0.0303861
volume_quality=0.0668469
