epsilon_quality=0.101861
volume_quality=0.191261
