epsilon_quality=0.132087
volume_quality=0.176334
