epsilon_quality=0.0878132
volume_quality=0.252715
