epsilon_quality=0.148887
volume_quality=0.176018
