epsilon_quality=0.0197699
volume_quality=0.00414785
