epsilon_quality=0.042664
volume_quality=0.0191631
