epsilon_quality=0.119617
volume_quality=0.428878
