epsilon_quality=0.00450765
volume_quality=0.0208913
