epsilon_quality=0.0499185
volume_quality=0.0172921
