epsilon_quality=0.110241
volume_quality=0.153438
