epsilon_quality=0.0443697
volume_quality=0.091282
