epsilon_quality=0.238488
volume_quality=0.417324
