epsilon_quality=0.16082
volume_quality=0.370447
