epsilon_quality=0.057478
volume_quality=0.0215445
