epsilon_quality=0.112267
volume_quality=0.0994681
