epsilon_quality=0.0775423
volume_quality=0.217199
