epsilon_quality=0.163371
volume_quality=0.15953
