epsilon_quality=0.252034
volume_quality=3.03639
