epsilon_quality=0.097985
volume_quality=0.265377
