epsilon_quality=0.100869
volume_quality=0.146196
