gpsEpsilon=68.118
gpsVolume=199.174
mQualEpsilon=0.00669724
mQualVolume=0.00252809
new_planned_energy=44.652
