gpsEpsilon=69.9651
gpsVolume=201.263
mQualEpsilon=0.0282462
mQualVolume=0.00419454
new_planned_energy=28.1736
