gpsEpsilon=7.10801
gpsVolume=211.705
mQualEpsilon=-1
mQualVolume=0.00108506
new_planned_energy=49.0357
