gpsEpsilon=8.90958
gpsVolume=155.251
mQualEpsilon=0.0069443
mQualVolume=0.00127811
new_planned_energy=33.7711
