gpsEpsilon=124.435
gpsVolume=211.717
mQualEpsilon=0.0379903
mQualVolume=0.00660459
new_planned_energy=70.2056
