gpsEpsilon=128.815
gpsVolume=155.248
mQualEpsilon=0.0166412
mQualVolume=0.00710257
new_planned_energy=40.2462
