gpsEpsilon=-0.344701
gpsVolume=2.42092e-322
mQualEpsilon=-1
mQualVolume=0.00192872
new_planned_energy=75.8218
