gpsEpsilon=1.77178e-315
gpsVolume=6.95335e-310
mQualEpsilon=0.0557225
mQualVolume=0.00460797
new_planned_energy=45.9206
