gpsEpsilon=1.76863e-315
gpsVolume=6.95335e-310
mQualEpsilon=0.0516206
mQualVolume=0.00776391
new_planned_energy=59.7587
