gpsEpsilon=125.186
gpsVolume=211.717
mQualEpsilon=0.0712631
mQualVolume=0.0036888
new_planned_energy=43.4601
