gpsEpsilon=70.8586
gpsVolume=204.226
mQualEpsilon=0.0263455
mQualVolume=0.00181639
new_planned_energy=31.7879
