gpsEpsilon=70.4266
gpsVolume=201.215
mQualEpsilon=0.0182425
mQualVolume=0.00477389
new_planned_energy=28.6289
