gpsEpsilon=69.9651
gpsVolume=201.263
mQualEpsilon=0.00582221
mQualVolume=0.00218891
new_planned_energy=16.8701
