gpsEpsilon=70.8586
gpsVolume=204.226
mQualEpsilon=0.0170919
mQualVolume=0.00668484
new_planned_energy=24.6439
