epsilon_quality=0.239355
volume_quality=0.85464
