epsilon_quality=0.0808681
volume_quality=0.134089
