epsilon_quality=0.0338344
volume_quality=0.00145042
