epsilon_quality=0.155409
volume_quality=0.668941
