epsilon_quality=0.0993111
volume_quality=0.255363
