epsilon_quality=0.11431
volume_quality=0.179704
