epsilon_quality=0.204625
volume_quality=0.391132
