epsilon_quality=0.0868736
volume_quality=0.0912225
