epsilon_quality=0.0766468
volume_quality=0.0553783
