epsilon_quality=0.052936
volume_quality=0.0314995
