epsilon_quality=0.139449
volume_quality=0.19195
