epsilon_quality=0.000451713
volume_quality=0.0213034
