epsilon_quality=0.120463
volume_quality=0.237568
