epsilon_quality=0.0525738
volume_quality=0.039656
