epsilon_quality=0.00351886
volume_quality=0.00258695
