epsilon_quality=0.0521511
volume_quality=0.0651928
