epsilon_quality=0.0894372
volume_quality=0.0399497
