epsilon_quality=0.134255
volume_quality=0.15249
