gpsEpsilon=0.163505
gpsVolume=-0.58695
mQualEpsilon=0.0696422
mQualVolume=0.0149372
new_planned_energy=29.6086
