gpsEpsilon=0.163505
gpsVolume=-0.58695
mQualEpsilon=1.88879
mQualVolume=56.3113
new_planned_energy=-1.88879
