gpsEpsilon=0.163505
gpsVolume=-0.58695
mQualEpsilon=1.91719
mQualVolume=55.6585
new_planned_energy=10.0788
