gpsEpsilon=0.163505
gpsVolume=-0.58695
mQualEpsilon=1.87527
mQualVolume=55.4453
new_planned_energy=-1.87527
