gpsEpsilon=0.163505
gpsVolume=-0.58695
mQualEpsilon=1.87457
mQualVolume=55.43
new_planned_energy=-1.87457
