gpsEpsilon=0.163505
gpsVolume=-0.58695
mQualEpsilon=1.89721
mQualVolume=55.4792
new_planned_energy=-1.89721
