gpsEpsilon=0.163505
gpsVolume=-0.58695
mQualEpsilon=-1
mQualVolume=0.0121278
new_planned_energy=29.0583
