gpsEpsilon=0.479178
gpsVolume=0.300882
mQualEpsilon=0.0268789
mQualVolume=0.0273007
new_planned_energy=48.9295
