gpsEpsilon=0.163505
gpsVolume=-0.58695
mQualEpsilon=0.0145817
mQualVolume=0.00360103
new_planned_energy=33.8004
