gpsEpsilon=0.163505
gpsVolume=-0.58695
mQualEpsilon=1.53894
mQualVolume=49.1055
new_planned_energy=-1.53894
