gpsEpsilon=0.163505
gpsVolume=-0.58695
mQualEpsilon=1.67921
mQualVolume=50.8523
new_planned_energy=-1.67921
