gpsEpsilon=0.126882
gpsVolume=-0.348619
mQualEpsilon=1.80958
mQualVolume=56.7498
new_planned_energy=17.367
