gpsEpsilon=0.163505
gpsVolume=-0.58695
mQualEpsilon=1.59466
mQualVolume=55.394
new_planned_energy=-1.59466
