gpsEpsilon=0.163505
gpsVolume=-0.58695
mQualEpsilon=1.57549
mQualVolume=55.2614
new_planned_energy=18.7421
