gpsEpsilon=0.163505
gpsVolume=-0.58695
mQualEpsilon=0.0678614
mQualVolume=0.0087941
new_planned_energy=22.4699
