gpsEpsilon=0.163505
gpsVolume=-0.58695
mQualEpsilon=1.1117
mQualVolume=36.5893
new_planned_energy=-1.1117
