gpsEpsilon=0.144949
gpsVolume=-0.461576
mQualEpsilon=1.87766
mQualVolume=54.2552
new_planned_energy=-1.87766
