gpsEpsilon=0.144949
gpsVolume=-0.461576
mQualEpsilon=1.71547
mQualVolume=55.466
new_planned_energy=-1.71547
