gpsEpsilon=0.144949
gpsVolume=-0.461576
mQualEpsilon=1.83241
mQualVolume=53.3443
new_planned_energy=-1.83241
