gpsEpsilon=0.144949
gpsVolume=-0.461576
mQualEpsilon=1.73194
mQualVolume=55.1711
new_planned_energy=-1.73194
