gpsEpsilon=0.144949
gpsVolume=-0.461576
mQualEpsilon=1.4373
mQualVolume=43.5608
new_planned_energy=-1.4373
