gpsEpsilon=0.144949
gpsVolume=-0.461576
mQualEpsilon=1.61234
mQualVolume=47.291
new_planned_energy=-1.61234
