gpsEpsilon=0.149329
gpsVolume=-0.490144
mQualEpsilon=1.381
mQualVolume=50.3303
new_planned_energy=-1.381
