gpsEpsilon=0.149329
gpsVolume=-0.490144
mQualEpsilon=1.41173
mQualVolume=51.4751
new_planned_energy=-1.41173
