gpsEpsilon=0.149329
gpsVolume=-0.490144
mQualEpsilon=1.3744
mQualVolume=49.7748
new_planned_energy=-1.3744
