gpsEpsilon=0.149329
gpsVolume=-0.490144
mQualEpsilon=1.5589
mQualVolume=55.1565
new_planned_energy=-1.5589
