gpsEpsilon=0.149329
gpsVolume=-0.490144
mQualEpsilon=1.58738
mQualVolume=55.1239
new_planned_energy=-1.58738
