gpsEpsilon=0.154365
gpsVolume=-0.523704
mQualEpsilon=-1
mQualVolume=0.00377047
new_planned_energy=40.7598
