gpsEpsilon=0.162951
gpsVolume=-0.583016
mQualEpsilon=0.0108128
mQualVolume=0.000346147
new_planned_energy=53.9462
