gpsEpsilon=0.163505
gpsVolume=-0.58695
mQualEpsilon=0.00555197
mQualVolume=0.0103564
new_planned_energy=50.4473
