epsilon_quality=0.0456666
volume_quality=0.414906
