epsilon_quality=0.0585739
volume_quality=0.0315032
