epsilon_quality=0.0762929
volume_quality=0.0282693
