epsilon_quality=0.0465998
volume_quality=0.026437
