epsilon_quality=0.0191744
volume_quality=0.0209729
