epsilon_quality=0.0435036
volume_quality=0.035701
