epsilon_quality=0.0946019
volume_quality=0.138509
