epsilon_quality=0.032767
volume_quality=0.00216291
