epsilon_quality=0.177105
volume_quality=0.116248
