epsilon_quality=0.0021573
volume_quality=0.00158137
