epsilon_quality=0.0993987
volume_quality=0.111241
