epsilon_quality=0.0393181
volume_quality=0.00783377
