epsilon_quality=0.18154
volume_quality=0.326067
