epsilon_quality=0.0936933
volume_quality=0.0876005
