epsilon_quality=0.0222534
volume_quality=0.028203
