epsilon_quality=0.269998
volume_quality=0.805607
