epsilon_quality=0.062151
volume_quality=0.218895
