epsilon_quality=0.166826
volume_quality=0.669062
