epsilon_quality=0.0796586
volume_quality=0.0544579
