epsilon_quality=0.0834236
volume_quality=0.32686
