epsilon_quality=0.252069
volume_quality=1.91822
