epsilon_quality=0.131201
volume_quality=0.313352
