epsilon_quality=0.448735
volume_quality=3.90296
