epsilon_quality=0.0371276
volume_quality=0.0875468
