epsilon_quality=0.0741562
volume_quality=0.341089
