epsilon_quality=0.014652
volume_quality=0.0280567
