epsilon_quality=0.0776801
volume_quality=0.0230161
