epsilon_quality=0.0776221
volume_quality=0.139806
