epsilon_quality=0.15338
volume_quality=0.846857
