epsilon_quality=0.00523913
volume_quality=0.0434779
