epsilon_quality=0.130641
volume_quality=0.544799
