gpsEpsilon=1.3496e-316
gpsVolume=5.39668e-316
mQualEpsilon=-1
mQualVolume=0.00360515
new_planned_energy=65.8877
