gpsEpsilon=1.88421e-316
gpsVolume=-0.177108
mQualEpsilon=-1
mQualVolume=0.00213733
new_planned_energy=31.5637
