gpsEpsilon=191.207
gpsVolume=130.838
mQualEpsilon=0.106947
mQualVolume=0.0100344
new_planned_energy=75.6457
