gpsEpsilon=147.893
gpsVolume=138.882
mQualEpsilon=0.0288236
mQualVolume=0.00581835
new_planned_energy=80.0512
