gpsEpsilon=4.59063e-316
gpsVolume=4.79296e-316
mQualEpsilon=-1
mQualVolume=0.0011857
new_planned_energy=33.637
