gpsEpsilon=4.59018e-316
gpsVolume=1.63042e-322
mQualEpsilon=-1
mQualVolume=0.000894745
new_planned_energy=60.2943
