gpsEpsilon=2.54639e-313
gpsVolume=1.63042e-322
mQualEpsilon=0.0677325
mQualVolume=0.0103636
new_planned_energy=44.6016
