gpsEpsilon=2.4581e-316
gpsVolume=9.88131e-324
mQualEpsilon=0.132969
mQualVolume=0.0366597
new_planned_energy=50.1595
