gpsEpsilon=2.47373e-316
gpsVolume=4.14266e-316
mQualEpsilon=0.0744947
mQualVolume=0.0237953
new_planned_energy=33.1207
