gpsEpsilon=2.9832e-316
gpsVolume=2.2303e-316
mQualEpsilon=0.0815695
mQualVolume=0.0163177
new_planned_energy=51.9472
