gpsEpsilon=2.17658e-316
gpsVolume=4.14266e-316
mQualEpsilon=0.0683304
mQualVolume=0.0348097
new_planned_energy=53.0137
