gpsEpsilon=2.9832e-316
gpsVolume=4.14266e-316
mQualEpsilon=0.00954012
mQualVolume=0.00316372
new_planned_energy=73.407
