gpsEpsilon=4.14266e-316
gpsVolume=5.39668e-316
mQualEpsilon=0.130837
mQualVolume=0.0193888
new_planned_energy=38.5382
