gpsEpsilon=8.55209e-316
gpsVolume=0
mQualEpsilon=-1
mQualVolume=0.000278214
new_planned_energy=103.546
