gpsEpsilon=5.84384e-316
gpsVolume=0
mQualEpsilon=0.0139278
mQualVolume=0.000347625
new_planned_energy=22.4
