gpsEpsilon=19.0502
gpsVolume=125.551
mQualEpsilon=0.0086447
mQualVolume=0.000323619
new_planned_energy=110.024
