gpsEpsilon=6.00953e-316
gpsVolume=0
mQualEpsilon=0.0148642
mQualVolume=0.000340799
new_planned_energy=21.6393
