gpsEpsilon=0
gpsVolume=0
mQualEpsilon=0.010851
mQualVolume=0.000376744
new_planned_energy=57.3113
