gpsEpsilon=7.72998
gpsVolume=-8.51
mQualEpsilon=0.0115582
mQualVolume=0.000112787
new_planned_energy=27.0186
