gpsEpsilon=0
gpsVolume=2.42092e-322
mQualEpsilon=1.58842
mQualVolume=51.5274
new_planned_energy=17.007
