gpsEpsilon=0
gpsVolume=2.42092e-322
mQualEpsilon=1.53318
mQualVolume=51.2658
new_planned_energy=-1.53318
