gpsEpsilon=0
gpsVolume=2.42092e-322
mQualEpsilon=0.0122034
mQualVolume=0.000153216
new_planned_energy=29.4335
