gpsEpsilon=0
gpsVolume=2.42092e-322
mQualEpsilon=1.59207
mQualVolume=51.5309
new_planned_energy=-1.59207
