gpsEpsilon=21.4082
gpsVolume=158.44
mQualEpsilon=1.59294
mQualVolume=50.082
new_planned_energy=-1.59294
