gpsEpsilon=21.4082
gpsVolume=158.44
mQualEpsilon=1.58861
mQualVolume=50.0255
new_planned_energy=-1.58861
