gpsEpsilon=4.80176e-316
gpsVolume=0
mQualEpsilon=0.00907249
mQualVolume=0.000130038
new_planned_energy=55.7053
