gpsEpsilon=5.84576e-316
gpsVolume=0
mQualEpsilon=0.0106212
mQualVolume=8.74063e-05
new_planned_energy=49.8347
