gpsEpsilon=2.45543e-316
gpsVolume=0
mQualEpsilon=0.00951903
mQualVolume=0.000708405
new_planned_energy=25.8997
