gpsEpsilon=2.47205e-316
gpsVolume=0
mQualEpsilon=-1
mQualVolume=0.000345661
new_planned_energy=83.2572
