gpsEpsilon=7.67905e-316
gpsVolume=0
mQualEpsilon=1.44101
mQualVolume=53.0858
new_planned_energy=-1.44101
