gpsEpsilon=7.67905e-316
gpsVolume=0
mQualEpsilon=1.42523
mQualVolume=53.23
new_planned_energy=-1.42523
