gpsEpsilon=7.67905e-316
gpsVolume=0
mQualEpsilon=1.48783
mQualVolume=52.941
new_planned_energy=-1.48783
