gpsEpsilon=7.67905e-316
gpsVolume=0
mQualEpsilon=1.44364
mQualVolume=53.1458
new_planned_energy=-1.44364
