gpsEpsilon=7.67905e-316
gpsVolume=0
mQualEpsilon=1.43469
mQualVolume=53.1691
new_planned_energy=-1.43469
