gpsEpsilon=5.33346e-316
gpsVolume=0
mQualEpsilon=0.0197898
mQualVolume=0.0010959
new_planned_energy=109.576
