epsilon_quality=0.138228
volume_quality=0.410192
