epsilon_quality=0.200526
volume_quality=0.468496
