epsilon_quality=0.0215083
volume_quality=0.00110175
