epsilon_quality=0.169275
volume_quality=0.249779
