epsilon_quality=0.212829
volume_quality=0.433152
