epsilon_quality=0.0157389
volume_quality=0.0991332
