epsilon_quality=0.115955
volume_quality=0.0714209
