epsilon_quality=0.226921
volume_quality=1.06622
