epsilon_quality=0.0858335
volume_quality=0.178569
