epsilon_quality=0.0695955
volume_quality=0.208517
