epsilon_quality=0.0484965
volume_quality=0.0111492
