epsilon_quality=0.0571862
volume_quality=0.0318475
