epsilon_quality=0.0376009
volume_quality=0.018237
