epsilon_quality=0.0278874
volume_quality=0.0441512
