epsilon_quality=0.0546005
volume_quality=0.0261266
