epsilon_quality=0.0505122
volume_quality=0.0806191
