epsilon_quality=0.0715955
volume_quality=0.040552
