epsilon_quality=0.0311283
volume_quality=0.0365438
