epsilon_quality=0.0752107
volume_quality=0.0683504
