epsilon_quality=0.131612
volume_quality=0.381388
