epsilon_quality=0.102228
volume_quality=0.0652237
