epsilon_quality=0.118267
volume_quality=0.109945
