epsilon_quality=0.0853061
volume_quality=0.0315978
