epsilon_quality=0.197036
volume_quality=0.668722
