epsilon_quality=0.11585
volume_quality=0.0747112
