epsilon_quality=0.0842322
volume_quality=0.173149
