gpsEpsilon=-0.310493
gpsVolume=2.42092e-322
mQualEpsilon=0.0540444
mQualVolume=0.0129831
new_planned_energy=83.0143
