gpsEpsilon=0
gpsVolume=0
mQualEpsilon=0.0112847
mQualVolume=0.00634116
new_planned_energy=43.4965
