gpsEpsilon=0
gpsVolume=0
mQualEpsilon=0.0597602
mQualVolume=0.00969536
new_planned_energy=49.5103
