gpsEpsilon=0
gpsVolume=0
mQualEpsilon=0.0837766
mQualVolume=0.0199968
new_planned_energy=57.9142
