gpsEpsilon=2.97321e-316
gpsVolume=0
mQualEpsilon=0.0260137
mQualVolume=0.019588
new_planned_energy=72.6654
