gpsEpsilon=-0.33012
gpsVolume=2.42092e-322
mQualEpsilon=0.0124295
mQualVolume=0.00360998
new_planned_energy=44.2874
