gpsEpsilon=3.00019e-316
gpsVolume=6.95335e-310
mQualEpsilon=-1
mQualVolume=0.0363739
new_planned_energy=65.7278
