gpsEpsilon=2.55719e-316
gpsVolume=6.95335e-310
mQualEpsilon=-1
mQualVolume=0.014355
new_planned_energy=65.6491
