gpsEpsilon=4.5899e-316
gpsVolume=6.95335e-310
mQualEpsilon=0.00973463
mQualVolume=0.0157701
new_planned_energy=50.6077
