gpsEpsilon=2.34243e-316
gpsVolume=6.95335e-310
mQualEpsilon=0.00338534
mQualVolume=0.000200375
new_planned_energy=113.465
