gpsEpsilon=2.99137e-316
gpsVolume=6.95335e-310
mQualEpsilon=0.0814429
mQualVolume=0.0177877
new_planned_energy=42.0145
