gpsEpsilon=2.37875e-316
gpsVolume=6.95335e-310
mQualEpsilon=0.0835589
mQualVolume=0.0197236
new_planned_energy=48.4016
