gpsEpsilon=2.44201e-316
gpsVolume=6.95335e-310
mQualEpsilon=0.0462132
mQualVolume=0.0217158
new_planned_energy=69.6807
