epsilon_quality=0.044432
volume_quality=0.0547788
