epsilon_quality=0.222751
volume_quality=0.394745
