epsilon_quality=0.128911
volume_quality=0.24063
