epsilon_quality=0.211757
volume_quality=0.637106
