gpsEpsilon=55.8602
gpsVolume=183.102
mQualEpsilon=0.0677014
mQualVolume=0.0166323
new_planned_energy=36.9208
