gpsEpsilon=63.1761
gpsVolume=146.907
mQualEpsilon=0.0225175
mQualVolume=0.00402863
new_planned_energy=53.0314
