gpsEpsilon=81.8739
gpsVolume=136.652
mQualEpsilon=0.0561665
mQualVolume=0.0102632
new_planned_energy=49.8625
