gpsEpsilon=52.5064
gpsVolume=128.81
mQualEpsilon=0.0657113
mQualVolume=0.0104858
new_planned_energy=44.3203
