gpsEpsilon=74.0522
gpsVolume=215.075
mQualEpsilon=0.0683982
mQualVolume=0.0284129
new_planned_energy=38.3039
