gpsEpsilon=77.326
gpsVolume=231.362
mQualEpsilon=0.0405003
mQualVolume=0.00800911
new_planned_energy=56.1335
