gpsEpsilon=54.9841
gpsVolume=225.33
mQualEpsilon=0.029323
mQualVolume=0.00693982
new_planned_energy=41.2597
