gpsEpsilon=66.8767
gpsVolume=207.232
mQualEpsilon=0.0442136
mQualVolume=0.0111367
new_planned_energy=42.71
