gpsEpsilon=67.1355
gpsVolume=195.167
mQualEpsilon=0.0605083
mQualVolume=0.0135709
new_planned_energy=46.6438
