epsilon_quality=0.108271
volume_quality=0.840871
