epsilon_quality=0.168431
volume_quality=0.195539
