epsilon_quality=0.136007
volume_quality=0.0910913
