epsilon_quality=0.0476079
volume_quality=0.0424751
