epsilon_quality=0.0445156
volume_quality=0.0297867
