epsilon_quality=0.00542428
volume_quality=0.045674
