epsilon_quality=0.116734
volume_quality=0.225708
