epsilon_quality=0.068494
volume_quality=0.250305
