epsilon_quality=0.100313
volume_quality=0.0736627
