epsilon_quality=0.083641
volume_quality=0.0791507
