epsilon_quality=0.085021
volume_quality=0.10558
