epsilon_quality=0.0172215
volume_quality=0.0238688
