gpsEpsilon=133.985
gpsVolume=112.145
mQualEpsilon=0.00850316
mQualVolume=0.000669871
new_planned_energy=72.0091
