gpsEpsilon=84.5599
gpsVolume=139.494
mQualEpsilon=0.0538731
mQualVolume=0.014809
new_planned_energy=37.3382
