gpsEpsilon=-0.436783
gpsVolume=0.382483
mQualEpsilon=-1
mQualVolume=0.0999022
new_planned_energy=84.676
