gpsEpsilon=83.3402
gpsVolume=138.943
mQualEpsilon=0.019742
mQualVolume=0.00226249
new_planned_energy=74.0012
