gpsEpsilon=86.252
gpsVolume=139.455
mQualEpsilon=0.00779333
mQualVolume=0.000148025
new_planned_energy=91.5292
