gpsEpsilon=99.4545
gpsVolume=129.715
mQualEpsilon=0.157639
mQualVolume=0.0612482
new_planned_energy=55.6718
