epsilon_quality=0.158498
volume_quality=0.231748
