epsilon_quality=0.273573
volume_quality=0.978118
