epsilon_quality=0.0551223
volume_quality=0.105776
