epsilon_quality=0.188567
volume_quality=0.422533
