epsilon_quality=0.0401843
volume_quality=0.062973
