epsilon_quality=0.0136562
volume_quality=0.02001
