epsilon_quality=0.171513
volume_quality=0.175809
