epsilon_quality=0.156836
volume_quality=0.169422
