epsilon_quality=0.10219
volume_quality=0.0808247
