epsilon_quality=0.119938
volume_quality=0.195492
