epsilon_quality=0.171577
volume_quality=0.167126
