epsilon_quality=0.059534
volume_quality=0.0163037
