epsilon_quality=0.0512203
volume_quality=0.0403714
