epsilon_quality=0.0642747
volume_quality=0.0382437
