epsilon_quality=0.0893289
volume_quality=0.0605854
