epsilon_quality=0.0296765
volume_quality=0.18262
