epsilon_quality=0.236899
volume_quality=0.885157
