epsilon_quality=0.0701866
volume_quality=0.318015
