epsilon_quality=0.15214
volume_quality=0.276505
