epsilon_quality=0.00721781
volume_quality=0.0619456
