epsilon_quality=0.152561
volume_quality=0.892659
