epsilon_quality=0.0143269
volume_quality=0.762811
