epsilon_quality=0.164779
volume_quality=0.431242
