epsilon_quality=0.0538539
volume_quality=0.0267984
