epsilon_quality=0.0696878
volume_quality=0.142646
