epsilon_quality=0.0477005
volume_quality=0.0130393
