epsilon_quality=0.210053
volume_quality=0.232743
