epsilon_quality=0.0828793
volume_quality=0.0448982
