epsilon_quality=0.0895892
volume_quality=0.0646934
