epsilon_quality=0.0612317
volume_quality=0.0334654
