epsilon_quality=0.138813
volume_quality=0.536414
