epsilon_quality=0.087962
volume_quality=0.256123
