epsilon_quality=0.0252324
volume_quality=0.029184
