epsilon_quality=0.0730817
volume_quality=0.414928
