epsilon_quality=0.0477038
volume_quality=0.072052
