epsilon_quality=0.0356574
volume_quality=0.0279229
