epsilon_quality=0.017083
volume_quality=0.020699
