epsilon_quality=0.0598427
volume_quality=0.0155979
