epsilon_quality=0.0304189
volume_quality=0.020291
