epsilon_quality=0.0185779
volume_quality=0.00666538
