epsilon_quality=0.0112369
volume_quality=0.0108308
