epsilon_quality=0.141461
volume_quality=0.122726
