epsilon_quality=0.109285
volume_quality=0.125686
