epsilon_quality=0.0236705
volume_quality=0.133427
