epsilon_quality=0.156681
volume_quality=0.116571
