epsilon_quality=0.0742613
volume_quality=0.089465
