epsilon_quality=0.111396
volume_quality=0.0874995
