epsilon_quality=0.154354
volume_quality=0.256026
