epsilon_quality=0.291953
volume_quality=1.81531
