epsilon_quality=0.0771833
volume_quality=0.195825
