epsilon_quality=0.144616
volume_quality=0.119622
