epsilon_quality=0.0271602
volume_quality=0.0048447
