epsilon_quality=0.0812659
volume_quality=0.109709
