epsilon_quality=0.110989
volume_quality=0.357717
