epsilon_quality=0.212932
volume_quality=0.326061
