epsilon_quality=0.0397531
volume_quality=0.0469336
