epsilon_quality=0.0315247
volume_quality=0.0274369
