epsilon_quality=0.116271
volume_quality=0.320891
