epsilon_quality=0.0847163
volume_quality=0.118039
