epsilon_quality=0.150192
volume_quality=0.120145
