epsilon_quality=0.0623948
volume_quality=0.0651156
