epsilon_quality=0.020035
volume_quality=0.00568406
