epsilon_quality=0.00367108
volume_quality=0.00944166
