epsilon_quality=0.093558
volume_quality=0.0559551
