epsilon_quality=0.0444372
volume_quality=0.0252793
