epsilon_quality=0.0902299
volume_quality=0.342432
