epsilon_quality=0.241309
volume_quality=0.511423
