epsilon_quality=0.146203
volume_quality=0.32961
