epsilon_quality=0.209505
volume_quality=0.881663
