epsilon_quality=0.0207392
volume_quality=0.00161346
