epsilon_quality=0.0419442
volume_quality=0.0135481
