epsilon_quality=0.0736162
volume_quality=0.0547939
