epsilon_quality=0.0705326
volume_quality=0.0133767
