epsilon_quality=0.123793
volume_quality=0.166346
