epsilon_quality=0.241236
volume_quality=0.415593
