epsilon_quality=0.0586566
volume_quality=0.153503
