epsilon_quality=0.0683634
volume_quality=0.0847574
