epsilon_quality=0.0883556
volume_quality=0.20621
