epsilon_quality=0.119101
volume_quality=0.06789
