epsilon_quality=0.0941794
volume_quality=0.113259
