epsilon_quality=0.0752239
volume_quality=0.0199316
