epsilon_quality=0.0500047
volume_quality=0.0336624
