epsilon_quality=0.0337444
volume_quality=0.0114941
