epsilon_quality=0.0475083
volume_quality=0.0774533
