epsilon_quality=0.111084
volume_quality=0.0506417
