epsilon_quality=0.0457094
volume_quality=0.0348832
