epsilon_quality=0.0984145
volume_quality=0.10932
