epsilon_quality=0.0653945
volume_quality=0.043342
