epsilon_quality=0.0879444
volume_quality=0.503429
