epsilon_quality=0.121718
volume_quality=0.0527715
