epsilon_quality=0.0206076
volume_quality=0.00167692
