epsilon_quality=0.11567
volume_quality=0.119714
