epsilon_quality=0.0126882
volume_quality=0.00629019
