epsilon_quality=0.126001
volume_quality=0.169142
