epsilon_quality=0.141685
volume_quality=0.651029
