epsilon_quality=0.0297147
volume_quality=0.0381681
