epsilon_quality=0.101105
volume_quality=0.718541
