epsilon_quality=0.151381
volume_quality=0.132759
