epsilon_quality=0.0936291
volume_quality=0.272708
