epsilon_quality=0.13116
volume_quality=0.135461
