epsilon_quality=0.00810833
volume_quality=0.420144
