epsilon_quality=0.0520813
volume_quality=0.0317394
