epsilon_quality=0.05801
volume_quality=0.0556715
