epsilon_quality=0.183927
volume_quality=0.495242
