epsilon_quality=0.063538
volume_quality=0.0455859
