epsilon_quality=0.0862964
volume_quality=0.0556607
