epsilon_quality=0.0315689
volume_quality=0.40368
