epsilon_quality=0.186148
volume_quality=0.228508
