epsilon_quality=0.0902758
volume_quality=0.119795
