epsilon_quality=0.0461965
volume_quality=0.18672
