epsilon_quality=0.23134
volume_quality=0.622712
