epsilon_quality=0.218217
volume_quality=0.751277
