epsilon_quality=0.0925921
volume_quality=0.010725
