epsilon_quality=0.110475
volume_quality=0.0374132
