epsilon_quality=0.0817367
volume_quality=0.548836
