epsilon_quality=0.0256897
volume_quality=0.0045504
