epsilon_quality=0.147862
volume_quality=0.268106
