epsilon_quality=0.0643947
volume_quality=0.0709646
