epsilon_quality=0.0912184
volume_quality=0.0801997
