epsilon_quality=0.0762402
volume_quality=0.0488071
