epsilon_quality=0.0691184
volume_quality=0.0508919
