epsilon_quality=0.103412
volume_quality=0.0555686
