epsilon_quality=0.0532316
volume_quality=0.015059
