epsilon_quality=0.0655289
volume_quality=0.0458254
