epsilon_quality=0.0183429
volume_quality=0.147282
