epsilon_quality=0.0767736
volume_quality=0.0289072
