epsilon_quality=0.180138
volume_quality=0.341662
