epsilon_quality=0.0413578
volume_quality=0.0622613
