epsilon_quality=0.20242
volume_quality=0.930035
