epsilon_quality=0.000497254
volume_quality=0.166594
