epsilon_quality=0.0907791
volume_quality=0.0726646
