epsilon_quality=0.0766935
volume_quality=0.0777118
