epsilon_quality=0.0122048
volume_quality=0.0217305
