epsilon_quality=0.0428334
volume_quality=0.110452
