epsilon_quality=0.131838
volume_quality=0.323431
