epsilon_quality=0.0342496
volume_quality=0.0362585
