epsilon_quality=0.0797918
volume_quality=0.0215792
