epsilon_quality=0.078695
volume_quality=0.0323809
