epsilon_quality=0.0132934
volume_quality=0.0721962
