epsilon_quality=0.0694949
volume_quality=0.0329377
