epsilon_quality=0.070953
volume_quality=0.0293656
