epsilon_quality=0.0873503
volume_quality=0.0599754
