epsilon_quality=0.125629
volume_quality=0.0904527
