epsilon_quality=0.0323785
volume_quality=0.00231424
