epsilon_quality=0.0351089
volume_quality=0.00369422
