epsilon_quality=0.201929
volume_quality=0.213025
