epsilon_quality=0.10115
volume_quality=0.0676487
