epsilon_quality=0.212777
volume_quality=0.530119
