epsilon_quality=0.0466118
volume_quality=0.0502111
