epsilon_quality=0.162111
volume_quality=0.443302
