epsilon_quality=0.100857
volume_quality=0.385227
