epsilon_quality=0.129099
volume_quality=0.179601
