epsilon_quality=0.120125
volume_quality=0.330742
