epsilon_quality=0.494551
volume_quality=5.15258
