epsilon_quality=0.158118
volume_quality=0.289228
