epsilon_quality=0.0754717
volume_quality=0.116694
