epsilon_quality=0.0397525
volume_quality=0.0134216
