epsilon_quality=0.0602377
volume_quality=0.0503275
