epsilon_quality=0.0175434
volume_quality=0.0854824
