epsilon_quality=0.0158455
volume_quality=0.205173
