epsilon_quality=0.0352083
volume_quality=0.0434963
