epsilon_quality=0.0852483
volume_quality=0.0516185
