epsilon_quality=0.0649445
volume_quality=0.0333932
