epsilon_quality=0.0810912
volume_quality=0.0575523
