epsilon_quality=0.109668
volume_quality=0.241042
