epsilon_quality=0.0770235
volume_quality=0.0827758
