epsilon_quality=0.116645
volume_quality=0.123797
