epsilon_quality=0.20805
volume_quality=0.230231
