epsilon_quality=0.0242559
volume_quality=0.00475874
