epsilon_quality=0.0770599
volume_quality=0.194063
