epsilon_quality=0.0445135
volume_quality=0.0141195
