epsilon_quality=0.0549273
volume_quality=0.0893691
