epsilon_quality=0.0636749
volume_quality=0.189548
