epsilon_quality=0.227835
volume_quality=0.942411
