epsilon_quality=0.255074
volume_quality=1.07329
