epsilon_quality=0.0811678
volume_quality=0.512905
