epsilon_quality=0.177663
volume_quality=0.331359
