epsilon_quality=0.143443
volume_quality=0.554128
