epsilon_quality=0.0590262
volume_quality=0.244258
