epsilon_quality=0.0268228
volume_quality=0.21495
