epsilon_quality=0.158114
volume_quality=0.457665
