epsilon_quality=0.0144489
volume_quality=0.013972
