epsilon_quality=0.041488
volume_quality=0.0388576
