epsilon_quality=0.114018
volume_quality=0.0340398
