epsilon_quality=0.146369
volume_quality=0.737064
