epsilon_quality=0.139596
volume_quality=1.16372
