epsilon_quality=0.0144906
volume_quality=0.0466115
