epsilon_quality=0.096693
volume_quality=0.0788636
