epsilon_quality=0.030559
volume_quality=0.114467
