epsilon_quality=0.0221125
volume_quality=0.11711
