epsilon_quality=0.0678941
volume_quality=0.131585
