epsilon_quality=0.0727118
volume_quality=0.051824
