epsilon_quality=0.0522211
volume_quality=0.0548283
