epsilon_quality=0.0240158
volume_quality=0.0272262
