epsilon_quality=0.00900307
volume_quality=0.0405663
