epsilon_quality=0.098131
volume_quality=0.100126
