epsilon_quality=0.0373004
volume_quality=0.0339996
