epsilon_quality=0.135043
volume_quality=0.396507
