epsilon_quality=0.218296
volume_quality=0.537608
