epsilon_quality=0.371054
volume_quality=1.39734
