epsilon_quality=0.0998892
volume_quality=0.432235
