epsilon_quality=0.0731453
volume_quality=0.147556
