epsilon_quality=0.130416
volume_quality=0.270868
