epsilon_quality=0.211916
volume_quality=1.14567
