epsilon_quality=0.0604053
volume_quality=0.592848
