epsilon_quality=0.00804265
volume_quality=0.457776
