epsilon_quality=0.0887418
volume_quality=0.0177133
