epsilon_quality=0.0943629
volume_quality=0.0366408
