epsilon_quality=0.0172167
volume_quality=0.00739922
