epsilon_quality=0.0505039
volume_quality=0.0863567
