epsilon_quality=0.0153094
volume_quality=0.000870797
