epsilon_quality=0.147025
volume_quality=0.0631336
