epsilon_quality=0.0282401
volume_quality=0.00164585
