epsilon_quality=0.0159651
volume_quality=0.000434456
