epsilon_quality=0.0375029
volume_quality=0.0117762
