epsilon_quality=0.123335
volume_quality=0.181028
