epsilon_quality=0.158812
volume_quality=0.473648
