epsilon_quality=0.181208
volume_quality=0.562298
