epsilon_quality=0.0336765
volume_quality=0.0183198
