epsilon_quality=0.0238651
volume_quality=0.00979319
