epsilon_quality=0.0445297
volume_quality=0.0339328
