epsilon_quality=0.126001
volume_quality=0.0890489
