epsilon_quality=0.155044
volume_quality=0.183996
