epsilon_quality=0.0987622
volume_quality=0.187545
