epsilon_quality=0.0295305
volume_quality=0.100299
