epsilon_quality=0.165647
volume_quality=0.691756
