epsilon_quality=0.137502
volume_quality=0.450473
