epsilon_quality=0.0452022
volume_quality=0.0393112
