epsilon_quality=0.101066
volume_quality=0.254179
