epsilon_quality=0.0638519
volume_quality=0.309568
