epsilon_quality=0.0888259
volume_quality=0.0747196
