epsilon_quality=0.161055
volume_quality=0.313936
