epsilon_quality=0.110194
volume_quality=0.156262
