epsilon_quality=0.195953
volume_quality=0.386318
