epsilon_quality=0.191974
volume_quality=0.237908
