epsilon_quality=0.193242
volume_quality=0.368703
