epsilon_quality=0.0259149
volume_quality=0.0245263
