epsilon_quality=0.0879826
volume_quality=0.0687148
