epsilon_quality=0.114036
volume_quality=0.0313113
