epsilon_quality=0.155928
volume_quality=0.275263
