epsilon_quality=0.150976
volume_quality=0.277536
