epsilon_quality=0.174268
volume_quality=0.417932
