epsilon_quality=0.0289892
volume_quality=0.0893256
