epsilon_quality=0.151793
volume_quality=0.318435
