epsilon_quality=0.122953
volume_quality=0.326236
