epsilon_quality=0.140227
volume_quality=0.276787
