epsilon_quality=0.0243374
volume_quality=0.0364329
