epsilon_quality=0.0179761
volume_quality=0.0257984
