epsilon_quality=0.0859407
volume_quality=0.0945358
