epsilon_quality=0.0274456
volume_quality=0.0138348
