epsilon_quality=0.189522
volume_quality=0.960625
