epsilon_quality=0.154745
volume_quality=0.217725
