epsilon_quality=0.111332
volume_quality=0.133344
