epsilon_quality=0.0157063
volume_quality=0.0553064
