epsilon_quality=0.257667
volume_quality=0.603626
