epsilon_quality=0.0201416
volume_quality=0.271653
