epsilon_quality=0.0772386
volume_quality=0.224808
