epsilon_quality=0.143236
volume_quality=0.40359
