epsilon_quality=0.207644
volume_quality=0.37548
