epsilon_quality=0.0877098
volume_quality=0.0394694
