epsilon_quality=0.153795
volume_quality=0.248554
