epsilon_quality=0.060075
volume_quality=0.121306
