epsilon_quality=0.179604
volume_quality=0.432378
