epsilon_quality=0.032592
volume_quality=0.183411
