epsilon_quality=0.0309913
volume_quality=0.0121239
