epsilon_quality=0.0751746
volume_quality=0.196646
