epsilon_quality=0.0462023
volume_quality=0.0275066
