epsilon_quality=0.309784
volume_quality=1.28239
