epsilon_quality=0.285559
volume_quality=1.55301
