epsilon_quality=0.0268277
volume_quality=0.466827
