epsilon_quality=0.0628446
volume_quality=0.00997309
