epsilon_quality=0.0447776
volume_quality=0.00817839
