epsilon_quality=0.0334854
volume_quality=0.00113553
