epsilon_quality=0.0479431
volume_quality=0.00352219
