epsilon_quality=0.0367934
volume_quality=0.00911996
