epsilon_quality=0.0235002
volume_quality=0.000765634
