epsilon_quality=0.129369
volume_quality=0.19897
