epsilon_quality=0.0474854
volume_quality=0.78338
