epsilon_quality=0.0861153
volume_quality=0.36278
