epsilon_quality=0.0913734
volume_quality=0.273519
