epsilon_quality=0.0848118
volume_quality=0.266919
