epsilon_quality=0.0192704
volume_quality=0.132916
