epsilon_quality=0.131332
volume_quality=0.20475
