epsilon_quality=0.125125
volume_quality=0.11865
