epsilon_quality=0.0514896
volume_quality=0.0303527
