epsilon_quality=0.0748952
volume_quality=0.139155
