epsilon_quality=0.0216137
volume_quality=1.22572
