epsilon_quality=0.199349
volume_quality=0.315815
