epsilon_quality=0.0299209
volume_quality=0.186543
