epsilon_quality=6.93889e-17
volume_quality=0.00445599
