epsilon_quality=0.071673
volume_quality=0.0306855
