epsilon_quality=0.0410289
volume_quality=0.0602635
