epsilon_quality=0.141266
volume_quality=0.207007
