epsilon_quality=0.105887
volume_quality=0.190489
