epsilon_quality=0.199475
volume_quality=0.768358
