epsilon_quality=0.0313619
volume_quality=0.037176
