epsilon_quality=0.196843
volume_quality=0.819261
