epsilon_quality=0.23654
volume_quality=0.572085
