epsilon_quality=0.0217774
volume_quality=0.0175191
