epsilon_quality=0.0228865
volume_quality=0.0677078
