epsilon_quality=0.040432
volume_quality=0.0102425
