epsilon_quality=0.0650721
volume_quality=0.163005
