epsilon_quality=0.053718
volume_quality=0.0565079
