epsilon_quality=0.241492
volume_quality=0.500716
