epsilon_quality=0.0754992
volume_quality=0.202126
