epsilon_quality=0.175933
volume_quality=0.176872
