epsilon_quality=0.0533975
volume_quality=0.286666
