epsilon_quality=0.0840335
volume_quality=0.0869042
