epsilon_quality=0.0827072
volume_quality=0.224331
