epsilon_quality=0.168068
volume_quality=0.480344
