epsilon_quality=0.0717209
volume_quality=0.0533914
