epsilon_quality=0.0201964
volume_quality=0.0584529
