epsilon_quality=0.106078
volume_quality=0.0972646
