gpsEpsilon=35.2996
gpsVolume=137.319
mQualEpsilon=0.0482586
mQualVolume=0.000947071
new_planned_energy=100.096
