gpsEpsilon=18.4629
gpsVolume=137.336
mQualEpsilon=0.0305566
mQualVolume=0.00325294
new_planned_energy=67.522
