gpsEpsilon=24.0674
gpsVolume=151.127
mQualEpsilon=0.0307242
mQualVolume=0.00058566
new_planned_energy=69.955
