gpsEpsilon=109.482
gpsVolume=6.99907
mQualEpsilon=-1
mQualVolume=0.00237113
new_planned_energy=91.8712
