gpsEpsilon=0
gpsVolume=0.0078125
mQualEpsilon=0.00861082
mQualVolume=0.000436337
new_planned_energy=103.152
