gpsEpsilon=35.7134
gpsVolume=245.911
mQualEpsilon=0.00829166
mQualVolume=0.000254919
new_planned_energy=46.3074
