gpsEpsilon=32.1798
gpsVolume=233.846
mQualEpsilon=0.0387746
mQualVolume=0.0019962
new_planned_energy=72.0264
