gpsEpsilon=39.9986
gpsVolume=244.27
mQualEpsilon=0.046746
mQualVolume=0.00103531
new_planned_energy=100.11
