gpsEpsilon=36.5247
gpsVolume=247.65
mQualEpsilon=0.0121982
mQualVolume=0.00454242
new_planned_energy=55.2533
