gpsEpsilon=34.0921
gpsVolume=247.649
mQualEpsilon=0.0224977
mQualVolume=0.00213846
new_planned_energy=58.855
