gpsEpsilon=34.9034
gpsVolume=247.65
mQualEpsilon=0.0192926
mQualVolume=0.00129448
new_planned_energy=98.8993
