gpsEpsilon=7.79816
gpsVolume=123.624
mQualEpsilon=0.0171261
mQualVolume=0.004697
new_planned_energy=38.2235
