epsilon_quality=0.18224
volume_quality=0.36743
