epsilon_quality=0.191255
volume_quality=1.04834
