epsilon_quality=0.0224211
volume_quality=0.0308989
