epsilon_quality=0.0297392
volume_quality=0.00218579
