epsilon_quality=0.054273
volume_quality=0.0107908
