epsilon_quality=0.0357504
volume_quality=0.0271475
