epsilon_quality=0.00222147
volume_quality=0.00131724
