epsilon_quality=0.0749771
volume_quality=0.0769005
