epsilon_quality=0.0224212
volume_quality=0.0422767
