epsilon_quality=0.0946548
volume_quality=0.0522022
