epsilon_quality=0.175334
volume_quality=0.900946
