epsilon_quality=0.279412
volume_quality=1.54669
