epsilon_quality=0.0955893
volume_quality=0.571881
