epsilon_quality=0.111945
volume_quality=0.754574
