epsilon_quality=0.10255
volume_quality=0.105139
