epsilon_quality=0.000792426
volume_quality=0.148333
