epsilon_quality=0.0753058
volume_quality=0.0505055
