epsilon_quality=0.0659679
volume_quality=0.0561606
