epsilon_quality=0.227447
volume_quality=0.958189
