epsilon_quality=0.102049
volume_quality=0.329715
