epsilon_quality=0.0775568
volume_quality=0.0918603
