epsilon_quality=0.017642
volume_quality=0.00720214
