epsilon_quality=0.0706976
volume_quality=0.066331
