epsilon_quality=0.131508
volume_quality=0.703206
