epsilon_quality=0.164961
volume_quality=1.59982
