epsilon_quality=0.0385034
volume_quality=0.00174437
