epsilon_quality=0.232083
volume_quality=0.360469
