epsilon_quality=0.0729423
volume_quality=0.0107479
