epsilon_quality=0.0631248
volume_quality=0.149132
