epsilon_quality=0.0818319
volume_quality=0.284331
