epsilon_quality=0.155967
volume_quality=0.927874
