epsilon_quality=0.0293201
volume_quality=0.019326
