epsilon_quality=0.0801545
volume_quality=0.459025
