epsilon_quality=0.12104
volume_quality=0.830945
