epsilon_quality=0.120409
volume_quality=0.244162
