epsilon_quality=0.189498
volume_quality=0.491051
