epsilon_quality=0.152856
volume_quality=0.216895
