epsilon_quality=0.0362575
volume_quality=0.00581137
