epsilon_quality=0.12147
volume_quality=0.142335
