epsilon_quality=0.0934234
volume_quality=0.0700266
