epsilon_quality=0.135739
volume_quality=0.161952
