epsilon_quality=0.116692
volume_quality=0.236733
