epsilon_quality=0.129246
volume_quality=0.103478
