epsilon_quality=0.0453271
volume_quality=0.0410615
