epsilon_quality=0.155104
volume_quality=0.105019
