epsilon_quality=0.0713403
volume_quality=0.0358623
