epsilon_quality=0.06525
volume_quality=0.0687428
