epsilon_quality=0.0451063
volume_quality=0.0376928
