epsilon_quality=0.0242008
volume_quality=0.0267685
