epsilon_quality=0.102754
volume_quality=0.10555
