epsilon_quality=0.0882521
volume_quality=0.0925632
