epsilon_quality=0.125459
volume_quality=0.17139
