epsilon_quality=0.0926538
volume_quality=0.0969082
