epsilon_quality=0.086884
volume_quality=0.103461
