epsilon_quality=0.0326316
volume_quality=0.00478242
