epsilon_quality=0.0640365
volume_quality=0.0279015
