epsilon_quality=0.129878
volume_quality=0.376843
