epsilon_quality=0.201898
volume_quality=0.187606
