epsilon_quality=0.165801
volume_quality=1.37127
