epsilon_quality=0.131704
volume_quality=0.14052
