epsilon_quality=0.184405
volume_quality=0.287616
