epsilon_quality=0.162311
volume_quality=0.355449
