epsilon_quality=0.136305
volume_quality=0.437759
