epsilon_quality=0.161579
volume_quality=0.155722
