epsilon_quality=0.106808
volume_quality=0.164648
