epsilon_quality=0.0862384
volume_quality=0.230341
