epsilon_quality=0.101957
volume_quality=0.161888
