epsilon_quality=0.0937213
volume_quality=0.130202
