epsilon_quality=0.0318952
volume_quality=0.0774509
