epsilon_quality=0.0304187
volume_quality=0.0147519
