epsilon_quality=0.0185115
volume_quality=0.0294225
