epsilon_quality=0.0551292
volume_quality=0.012323
