epsilon_quality=0.0288329
volume_quality=0.00649957
