epsilon_quality=0.0189063
volume_quality=0.0162767
