epsilon_quality=0.0577236
volume_quality=0.0442689
