epsilon_quality=0.113388
volume_quality=0.0618748
