epsilon_quality=0.179033
volume_quality=0.357717
