epsilon_quality=0.0400504
volume_quality=0.0213213
