epsilon_quality=0.0172794
volume_quality=0.014145
