epsilon_quality=0.0452121
volume_quality=0.0272946
