epsilon_quality=0.0163064
volume_quality=0.0641178
