epsilon_quality=0.225423
volume_quality=0.687644
