epsilon_quality=0.0679341
volume_quality=0.0635375
