epsilon_quality=0.0403823
volume_quality=0.00475549
