epsilon_quality=0.060932
volume_quality=0.0685632
