epsilon_quality=0.0330898
volume_quality=0.0539795
