epsilon_quality=0.0542153
volume_quality=0.0282517
