epsilon_quality=0.00294147
volume_quality=0.113262
