epsilon_quality=0.198578
volume_quality=0.691753
