epsilon_quality=0.0929549
volume_quality=0.056217
