epsilon_quality=0.101125
volume_quality=0.0953179
