epsilon_quality=0.0778788
volume_quality=0.300313
