epsilon_quality=0.0366366
volume_quality=0.0438303
