epsilon_quality=0.121977
volume_quality=0.103134
