epsilon_quality=0.0660579
volume_quality=0.0377008
