epsilon_quality=0.11165
volume_quality=0.108252
