epsilon_quality=0.136722
volume_quality=0.114879
