epsilon_quality=0.104249
volume_quality=0.127291
