epsilon_quality=0.0563858
volume_quality=0.0573616
