epsilon_quality=0.00499995
volume_quality=0.0358256
