epsilon_quality=0.0889884
volume_quality=0.142951
