epsilon_quality=0.0733818
volume_quality=0.0772724
