epsilon_quality=0.0367155
volume_quality=0.0553098
