epsilon_quality=0.0558403
volume_quality=0.224326
