epsilon_quality=0.199741
volume_quality=0.472607
