epsilon_quality=0.164528
volume_quality=0.220447
