epsilon_quality=0.0428132
volume_quality=0.0211242
