epsilon_quality=0.0246109
volume_quality=0.176943
