epsilon_quality=0.140607
volume_quality=0.268231
