epsilon_quality=0.111528
volume_quality=0.0846642
