gpsEpsilon=26.2466
gpsVolume=35.0929
mQualEpsilon=0.0544435
mQualVolume=0.00433198
new_planned_energy=18.5776
