gpsEpsilon=25.6464
gpsVolume=22.3283
mQualEpsilon=0.0340829
mQualVolume=0.00377004
new_planned_energy=22.53
