epsilon_quality=0.12959
volume_quality=0.0644259
