gpsEpsilon=2.57408e-321
gpsVolume=1.63042e-322
mQualEpsilon=0.0393715
mQualVolume=0.00611692
new_planned_energy=28.925
