gpsEpsilon=1.79437e-315
gpsVolume=-28.4098
mQualEpsilon=0.0355606
mQualVolume=0.0062061
new_planned_energy=44.4876
