gpsEpsilon=14.2622
gpsVolume=76.3272
mQualEpsilon=0.016573
mQualVolume=0.00540384
new_planned_energy=69.0751
