gpsEpsilon=34.7045
gpsVolume=84.4189
mQualEpsilon=0.0375724
mQualVolume=0.00647677
new_planned_energy=30.2223
