gpsEpsilon=33.4663
gpsVolume=79.1444
mQualEpsilon=0.00614658
mQualVolume=0.000104886
new_planned_energy=74.7712
