gpsEpsilon=40.0426
gpsVolume=53.0337
mQualEpsilon=0.0238861
mQualVolume=0.00869799
new_planned_energy=34.442
