gpsEpsilon=9.93831
gpsVolume=82.5139
mQualEpsilon=0.0398786
mQualVolume=0.00379238
new_planned_energy=37.6469
