gpsEpsilon=34.0937
gpsVolume=24.3024
mQualEpsilon=0.0247259
mQualVolume=0.00906384
new_planned_energy=55.6976
