epsilon_quality=0.13962
volume_quality=0.258014
