epsilon_quality=0.000478006
volume_quality=0.0257636
