epsilon_quality=0.146264
volume_quality=0.624875
