epsilon_quality=0.188043
volume_quality=0.501285
