epsilon_quality=0.082664
volume_quality=0.0854247
