epsilon_quality=0.00320783
volume_quality=0.0297775
