epsilon_quality=0.18305
volume_quality=0.208495
