epsilon_quality=0.148192
volume_quality=0.140028
