epsilon_quality=0.0694376
volume_quality=0.0901144
