epsilon_quality=0.0394527
volume_quality=0.128604
