epsilon_quality=0.29225
volume_quality=1.02918
