epsilon_quality=0.213744
volume_quality=0.326533
