epsilon_quality=0.0444373
volume_quality=0.0148466
