epsilon_quality=0.282772
volume_quality=1.31641
