epsilon_quality=0.119939
volume_quality=0.104137
