epsilon_quality=0.00866091
volume_quality=0.110806
