epsilon_quality=0.113202
volume_quality=0.348668
