epsilon_quality=0.17712
volume_quality=1.13937
