epsilon_quality=0.0843126
volume_quality=0.0987897
