epsilon_quality=0.183197
volume_quality=0.359388
