epsilon_quality=0.06344
volume_quality=0.43831
