epsilon_quality=0.429144
volume_quality=2.58185
