epsilon_quality=0.162145
volume_quality=0.202691
