epsilon_quality=0.245358
volume_quality=0.835762
