epsilon_quality=0.123911
volume_quality=0.0693566
