epsilon_quality=0.116528
volume_quality=0.0558128
