epsilon_quality=0.0761159
volume_quality=0.015569
