epsilon_quality=0.0040117
volume_quality=0.0852248
