epsilon_quality=0.206986
volume_quality=0.887464
