epsilon_quality=0.145901
volume_quality=0.537329
