epsilon_quality=0.0253803
volume_quality=0.0101811
