epsilon_quality=0.0321287
volume_quality=0.00492825
