epsilon_quality=0.0456264
volume_quality=0.0119865
