epsilon_quality=0.081628
volume_quality=0.0982226
