epsilon_quality=0.0969347
volume_quality=0.141948
