epsilon_quality=0.0926978
volume_quality=0.062959
