epsilon_quality=0.060968
volume_quality=0.0840975
