epsilon_quality=0.0791113
volume_quality=0.547305
