epsilon_quality=0.000476783
volume_quality=0.0720034
