epsilon_quality=0.0798933
volume_quality=0.149833
