epsilon_quality=0.0716476
volume_quality=0.0468583
