epsilon_quality=0.075285
volume_quality=0.420035
