epsilon_quality=0.128427
volume_quality=0.12971
