epsilon_quality=0.0653985
volume_quality=0.179069
