epsilon_quality=0.161866
volume_quality=0.260856
