epsilon_quality=0.159914
volume_quality=0.335497
