epsilon_quality=0.00988055
volume_quality=0.360566
