epsilon_quality=0.0492849
volume_quality=0.0606326
