epsilon_quality=0.052277
volume_quality=0.609383
