epsilon_quality=0.156477
volume_quality=0.292195
