epsilon_quality=0.219099
volume_quality=0.268436
