epsilon_quality=0.108417
volume_quality=0.132345
