epsilon_quality=0.105141
volume_quality=0.20537
