gpsEpsilon=179.713
gpsVolume=158.962
mQualEpsilon=0.0902383
mQualVolume=0.0279716
new_planned_energy=22.2722
