gpsEpsilon=179.677
gpsVolume=38.1866
mQualEpsilon=0.0236596
mQualVolume=0.00941223
new_planned_energy=62.8594
