gpsEpsilon=178.836
gpsVolume=37.8325
mQualEpsilon=0.00216873
mQualVolume=0.0357875
new_planned_energy=18.3037
