gpsEpsilon=179.029
gpsVolume=37.5958
mQualEpsilon=0.070221
mQualVolume=0.016734
new_planned_energy=13.243
