gpsEpsilon=178.841
gpsVolume=157.861
mQualEpsilon=0.00886965
mQualVolume=0.00529131
new_planned_energy=31.8156
