gpsEpsilon=179.801
gpsVolume=158.608
mQualEpsilon=0.0300283
mQualVolume=0.0659105
new_planned_energy=59.806
