gpsEpsilon=179.801
gpsVolume=158.608
mQualEpsilon=1.01566
mQualVolume=39.5948
new_planned_energy=-1.01566
