gpsEpsilon=178.532
gpsVolume=158.962
mQualEpsilon=0.0429211
mQualVolume=0.049372
new_planned_energy=16.3675
