gpsEpsilon=178.532
gpsVolume=158.962
mQualEpsilon=0.211245
mQualVolume=23.9112
new_planned_energy=-0.211245
