gpsEpsilon=179.765
gpsVolume=38.1866
mQualEpsilon=0.0229537
mQualVolume=0.0328582
new_planned_energy=34.9912
