gpsEpsilon=177.073
gpsVolume=36.8541
mQualEpsilon=0.00573241
mQualVolume=0.0327401
new_planned_energy=24.333
