gpsEpsilon=179.533
gpsVolume=158.608
mQualEpsilon=0.124468
mQualVolume=0.0545679
new_planned_energy=32.518
