epsilon_quality=0.116724
volume_quality=0.932462
