epsilon_quality=0.268947
volume_quality=0.794015
