epsilon_quality=0.00763437
volume_quality=0.0496424
