epsilon_quality=0.0439939
volume_quality=0.010719
