epsilon_quality=0.0367344
volume_quality=0.106009
