epsilon_quality=0.0666659
volume_quality=0.0158166
