epsilon_quality=0.107043
volume_quality=0.157868
