epsilon_quality=0.0557352
volume_quality=0.0524075
