epsilon_quality=0.0455085
volume_quality=0.0110307
