epsilon_quality=0.053005
volume_quality=0.255751
