epsilon_quality=0.0777441
volume_quality=0.0386334
