epsilon_quality=0.137629
volume_quality=0.322145
