epsilon_quality=0.256207
volume_quality=0.905159
