epsilon_quality=0.143712
volume_quality=0.596834
