epsilon_quality=0.152571
volume_quality=0.223007
