epsilon_quality=0.152309
volume_quality=0.315369
