gpsEpsilon=0.399303
gpsVolume=2.42092e-322
mQualEpsilon=-1
mQualVolume=0.0110719
new_planned_energy=75.3756
