gpsEpsilon=0.399303
gpsVolume=2.42092e-322
mQualEpsilon=0.0839194
mQualVolume=0.00931233
new_planned_energy=68.9034
