gpsEpsilon=131.217
gpsVolume=43.0439
mQualEpsilon=0.0710141
mQualVolume=0.0366222
new_planned_energy=56.891
