gpsEpsilon=-0.400466
gpsVolume=0.103926
mQualEpsilon=0.0749291
mQualVolume=0.0215144
new_planned_energy=37.7464
