gpsEpsilon=6.32868e-316
gpsVolume=0.0699192
mQualEpsilon=0.0107147
mQualVolume=0.00260478
new_planned_energy=67.1804
