gpsEpsilon=4.19445e-316
gpsVolume=6.95335e-310
mQualEpsilon=-1
mQualVolume=0.000138504
new_planned_energy=29.8577
