gpsEpsilon=0.399303
gpsVolume=2.42092e-322
mQualEpsilon=-1
mQualVolume=0.0306014
new_planned_energy=33.7213
