gpsEpsilon=6.10747e-316
gpsVolume=-0.127442
mQualEpsilon=0.119607
mQualVolume=0.112108
new_planned_energy=46.236
