gpsEpsilon=71.1556
gpsVolume=49.893
mQualEpsilon=0.0529806
mQualVolume=0.0305422
new_planned_energy=82.3931
