gpsEpsilon=63.3484
gpsVolume=43.8671
mQualEpsilon=0.0480443
mQualVolume=0.00470246
new_planned_energy=42.3537
