gpsEpsilon=144.459
gpsVolume=55.8815
mQualEpsilon=0.0192503
mQualVolume=0.031448
new_planned_energy=23.2985
