gpsEpsilon=144.776
gpsVolume=13.7122
mQualEpsilon=0.0181541
mQualVolume=0.0186715
new_planned_energy=83.8006
