gpsEpsilon=0
gpsVolume=2.42092e-322
mQualEpsilon=0.0224337
mQualVolume=0.00420074
new_planned_energy=43.9684
