epsilon_quality=0.0406936
volume_quality=0.0195643
