epsilon_quality=0.139141
volume_quality=0.567985
