epsilon_quality=0.0891715
volume_quality=0.242404
