gpsEpsilon=-nan
gpsVolume=1.97626e-323
mQualEpsilon=0.0794426
mQualVolume=0.0138194
new_planned_energy=37.3428
