gpsEpsilon=0.269725
gpsVolume=-0.198729
mQualEpsilon=0.0579275
mQualVolume=0.00610281
new_planned_energy=63.8802
