gpsEpsilon=0
gpsVolume=0
mQualEpsilon=0.0503194
mQualVolume=0.024686
new_planned_energy=48.7284
