gpsEpsilon=0
gpsVolume=0.0078125
mQualEpsilon=-1
mQualVolume=0.00885296
new_planned_energy=32.8634
