gpsEpsilon=247.184
gpsVolume=120.013
mQualEpsilon=0.0326762
mQualVolume=0.0249697
new_planned_energy=29.1686
