gpsEpsilon=25.5341
gpsVolume=127
mQualEpsilon=0.0580181
mQualVolume=0.0165294
new_planned_energy=48.0377
