gpsEpsilon=28.2275
gpsVolume=108.689
mQualEpsilon=0.0139122
mQualVolume=0.0112978
new_planned_energy=56.4159
