gpsEpsilon=18.2547
gpsVolume=34.5453
mQualEpsilon=0.00654049
mQualVolume=0.00563104
new_planned_energy=82.5
