gpsEpsilon=29.9522
gpsVolume=126.688
mQualEpsilon=0.0288892
mQualVolume=0.00838076
new_planned_energy=33.9244
