gpsEpsilon=0.269725
gpsVolume=2.42092e-322
mQualEpsilon=0.025739
mQualVolume=0.00860066
new_planned_energy=54.3983
