gpsEpsilon=6.36599e-314
gpsVolume=8.27006e-316
mQualEpsilon=-1
mQualVolume=0.00583579
new_planned_energy=32.7454
