epsilon_quality=0.113058
volume_quality=0.329998
