epsilon_quality=0.024503
volume_quality=0.285585
