epsilon_quality=0.221403
volume_quality=0.592602
