epsilon_quality=0.0783682
volume_quality=0.150665
