epsilon_quality=0.0154312
volume_quality=0.0775643
