epsilon_quality=0.0445355
volume_quality=0.0328378
