epsilon_quality=0.138178
volume_quality=0.132374
