epsilon_quality=0.123055
volume_quality=0.162772
