epsilon_quality=0.0158841
volume_quality=0.00577346
