epsilon_quality=0.141985
volume_quality=0.763649
