epsilon_quality=0.0802183
volume_quality=0.0782727
