epsilon_quality=0.067544
volume_quality=0.0195949
