epsilon_quality=0.115988
volume_quality=0.0680064
