epsilon_quality=0.00186333
volume_quality=0.0480773
