epsilon_quality=0.00176146
volume_quality=0.028086
