epsilon_quality=0.022093
volume_quality=0.0581662
