epsilon_quality=0.018528
volume_quality=0.0711324
