epsilon_quality=0.0229763
volume_quality=0.0634341
