epsilon_quality=0.0775497
volume_quality=0.0706638
