epsilon_quality=0.158491
volume_quality=0.153506
