epsilon_quality=0.226773
volume_quality=0.278824
