epsilon_quality=0.114666
volume_quality=0.0978714
