epsilon_quality=0.0202885
volume_quality=0.0466212
