epsilon_quality=0.101835
volume_quality=0.161022
