epsilon_quality=0.319974
volume_quality=0.805252
