epsilon_quality=0.0355556
volume_quality=0.0161918
