epsilon_quality=0.053717
volume_quality=0.0417199
