epsilon_quality=0.0299559
volume_quality=0.00461883
