epsilon_quality=0.0289976
volume_quality=0.00140494
