epsilon_quality=0.0198365
volume_quality=0.00148874
