epsilon_quality=0.0187434
volume_quality=0.0179366
