epsilon_quality=0.268497
volume_quality=0.633461
