epsilon_quality=0.0609707
volume_quality=0.0980116
