epsilon_quality=0.105008
volume_quality=0.193347
