epsilon_quality=0.187371
volume_quality=0.671348
