epsilon_quality=0.188432
volume_quality=0.38736
