epsilon_quality=0.0687286
volume_quality=0.110605
