epsilon_quality=0.135329
volume_quality=0.366983
