epsilon_quality=0.191458
volume_quality=0.684529
