epsilon_quality=0.0609096
volume_quality=0.127238
