epsilon_quality=0.139613
volume_quality=0.675931
