epsilon_quality=0.182236
volume_quality=0.42118
