epsilon_quality=0.11317
volume_quality=0.228818
