epsilon_quality=0.0950508
volume_quality=0.314679
