epsilon_quality=0.00274357
volume_quality=0.00388386
