epsilon_quality=0.0488682
volume_quality=0.0308916
