epsilon_quality=0.146617
volume_quality=0.210843
