epsilon_quality=0.0198792
volume_quality=0.00582859
