epsilon_quality=0.0304547
volume_quality=0.0101233
