epsilon_quality=0.0491598
volume_quality=0.0219929
