epsilon_quality=0.0231948
volume_quality=0.0232199
