epsilon_quality=0.02972
volume_quality=0.0160513
