epsilon_quality=0.0478939
volume_quality=0.0113482
