epsilon_quality=0.0534499
volume_quality=0.0739835
