epsilon_quality=0.0468481
volume_quality=0.0391654
