gpsEpsilon=-0.393806
gpsVolume=0.377439
mQualEpsilon=0.142901
mQualVolume=0.0839754
new_planned_energy=16.1957
