gpsEpsilon=0
gpsVolume=2.42092e-322
mQualEpsilon=0.855339
mQualVolume=45.773
new_planned_energy=32.0457
