gpsEpsilon=0
gpsVolume=2.42092e-322
mQualEpsilon=0.108875
mQualVolume=0.056346
new_planned_energy=70.6135
