gpsEpsilon=0
gpsVolume=2.42092e-322
mQualEpsilon=0.170268
mQualVolume=0.117541
new_planned_energy=34.7197
