gpsEpsilon=0.0423841
gpsVolume=4.22108
mQualEpsilon=-1
mQualVolume=0.0141436
new_planned_energy=33.0026
