gpsEpsilon=139.813
gpsVolume=136.401
mQualEpsilon=0.0390208
mQualVolume=23.496
new_planned_energy=-0.0390208
