gpsEpsilon=171.151
gpsVolume=163.657
mQualEpsilon=0.0857773
mQualVolume=0.0360567
new_planned_energy=39.2651
