gpsEpsilon=0.318098
gpsVolume=-0.0666075
mQualEpsilon=0.0845959
mQualVolume=0.0243518
new_planned_energy=42.7027
