gpsEpsilon=0.663603
gpsVolume=-0.456581
mQualEpsilon=0.0625605
mQualVolume=0.00519481
new_planned_energy=45.2871
