gpsEpsilon=0
gpsVolume=0.0078125
mQualEpsilon=0.105764
mQualVolume=0.0331678
new_planned_energy=31.9397
