gpsEpsilon=0
gpsVolume=0
mQualEpsilon=0.0550005
mQualVolume=0.0314715
new_planned_energy=56.9237
