gpsEpsilon=0
gpsVolume=2.42092e-322
mQualEpsilon=0.0426104
mQualVolume=0.0136417
new_planned_energy=33.6424
