gpsEpsilon=0
gpsVolume=0
mQualEpsilon=0.0246466
mQualVolume=0.014376
new_planned_energy=13.0879
