gpsEpsilon=0
gpsVolume=0
mQualEpsilon=0.117274
mQualVolume=0.0318583
new_planned_energy=43.2162
