gpsEpsilon=0.522778
gpsVolume=-0.600655
mQualEpsilon=0.0885253
mQualVolume=0.0276033
new_planned_energy=36.2711
