gpsEpsilon=0
gpsVolume=0
mQualEpsilon=0.0292499
mQualVolume=0.00394226
new_planned_energy=76.8426
