epsilon_quality=0.0612837
volume_quality=0.015184
