epsilon_quality=0.154783
volume_quality=0.319083
