epsilon_quality=0.0612895
volume_quality=0.039644
