epsilon_quality=0.0521177
volume_quality=0.0438289
