epsilon_quality=0.304475
volume_quality=1.46796
