epsilon_quality=0.00277292
volume_quality=0.00712152
