epsilon_quality=0.185914
volume_quality=0.449289
