epsilon_quality=0.34576
volume_quality=1.78678
