epsilon_quality=0.232753
volume_quality=0.953554
