epsilon_quality=0.0118749
volume_quality=0.439958
