epsilon_quality=0.0732506
volume_quality=0.29258
