epsilon_quality=0.051251
volume_quality=0.234789
