gpsEpsilon=1.60047e-315
gpsVolume=0
mQualEpsilon=0.010876
mQualVolume=0.00546229
new_planned_energy=65.3644
