gpsEpsilon=8.81159
gpsVolume=15.1912
mQualEpsilon=0.0337957
mQualVolume=0.00234419
new_planned_energy=47.905
