gpsEpsilon=1.3089e-315
gpsVolume=0
mQualEpsilon=0.0326355
mQualVolume=0.00344813
new_planned_energy=83.3534
