gpsEpsilon=1.60328e-315
gpsVolume=0
mQualEpsilon=0.0591182
mQualVolume=0.00846497
new_planned_energy=71.3871
