gpsEpsilon=0.965366
gpsVolume=0.0035588
mQualEpsilon=0.00308301
mQualVolume=0.00966245
new_planned_energy=72.6878
