gpsEpsilon=1.25544e-315
gpsVolume=6.95335e-310
mQualEpsilon=1.58764
mQualVolume=54.4461
new_planned_energy=-1.58764
