gpsEpsilon=1.25544e-315
gpsVolume=6.95335e-310
mQualEpsilon=-1
mQualVolume=0.00349369
new_planned_energy=15.9631
