gpsEpsilon=1.25544e-315
gpsVolume=6.95335e-310
mQualEpsilon=1.57549
mQualVolume=54.6496
new_planned_energy=-1.57549
