gpsEpsilon=1.25544e-315
gpsVolume=6.95335e-310
mQualEpsilon=1.59597
mQualVolume=55.9157
new_planned_energy=-1.59597
