gpsEpsilon=1.06135e-315
gpsVolume=0
mQualEpsilon=0.0179901
mQualVolume=0.00263462
new_planned_energy=74.0101
