gpsEpsilon=1.32968e-315
gpsVolume=0
mQualEpsilon=0.0974336
mQualVolume=0.0212703
new_planned_energy=57.2583
