gpsEpsilon=14.5126
gpsVolume=42.1429
mQualEpsilon=0.0153497
mQualVolume=0.00102414
new_planned_energy=53.0766
