gpsEpsilon=1.56573e-315
gpsVolume=0
mQualEpsilon=-1
mQualVolume=0.00868876
new_planned_energy=47.0282
