gpsEpsilon=1.06137e-315
gpsVolume=0
mQualEpsilon=0.00471088
mQualVolume=0.00803381
new_planned_energy=43.5999
