epsilon_quality=0.185818
volume_quality=0.955697
