epsilon_quality=0.00632598
volume_quality=0.013811
