epsilon_quality=0.0869199
volume_quality=0.132324
