epsilon_quality=0.0631262
volume_quality=0.0161127
