epsilon_quality=0.022858
volume_quality=0.147523
