epsilon_quality=0.0423516
volume_quality=0.0324864
