epsilon_quality=0.168704
volume_quality=0.267692
