epsilon_quality=0.0580149
volume_quality=0.0973007
