epsilon_quality=0.103593
volume_quality=0.132937
