epsilon_quality=0.0244449
volume_quality=0.0258402
