epsilon_quality=0.177169
volume_quality=0.515207
