epsilon_quality=0.0270743
volume_quality=0.0557442
