epsilon_quality=0.119973
volume_quality=0.651337
