epsilon_quality=0.106303
volume_quality=0.12964
