epsilon_quality=0.0850347
volume_quality=0.151161
