epsilon_quality=0.0817213
volume_quality=0.132741
