epsilon_quality=0.168215
volume_quality=0.856263
