epsilon_quality=0.0909101
volume_quality=0.125668
