epsilon_quality=0.0723759
volume_quality=0.0287113
