epsilon_quality=0.0783702
volume_quality=0.108742
