epsilon_quality=0.0680118
volume_quality=0.208346
