epsilon_quality=0.144457
volume_quality=0.594519
