epsilon_quality=0.192087
volume_quality=0.529056
