epsilon_quality=0.0769882
volume_quality=0.186698
