epsilon_quality=0.0132431
volume_quality=0.245746
