epsilon_quality=0.0836641
volume_quality=0.194937
