gpsEpsilon=126.829
gpsVolume=57.0258
mQualEpsilon=0.0688274
mQualVolume=0.00643454
new_planned_energy=44.9865
