gpsEpsilon=-0.0504683
gpsVolume=-0.898884
mQualEpsilon=0.0243105
mQualVolume=0.00525304
new_planned_energy=53.646
