gpsEpsilon=164.984
gpsVolume=33.1269
mQualEpsilon=1.60118
mQualVolume=53.3973
new_planned_energy=-1.60118
