gpsEpsilon=164.984
gpsVolume=33.1269
mQualEpsilon=1.64936
mQualVolume=54.4939
new_planned_energy=-1.64936
