gpsEpsilon=164.984
gpsVolume=33.1269
mQualEpsilon=0.0439652
mQualVolume=0.0212008
new_planned_energy=15.2975
