gpsEpsilon=164.984
gpsVolume=33.1269
mQualEpsilon=1.69003
mQualVolume=54.8831
new_planned_energy=-1.69003
