gpsEpsilon=1.74872e-315
gpsVolume=6.95335e-310
mQualEpsilon=0.0520768
mQualVolume=0.00392218
new_planned_energy=13.6089
