gpsEpsilon=-0.379476
gpsVolume=0.100169
mQualEpsilon=0.0251792
mQualVolume=0.00657509
new_planned_energy=42.9747
