gpsEpsilon=244.36
gpsVolume=40.3865
mQualEpsilon=0.00123117
mQualVolume=0.000764261
new_planned_energy=82.945
