gpsEpsilon=243.962
gpsVolume=46.1079
mQualEpsilon=1.68208
mQualVolume=53.3785
new_planned_energy=-1.68208
