gpsEpsilon=243.962
gpsVolume=46.1079
mQualEpsilon=1.67678
mQualVolume=53.3849
new_planned_energy=-1.67678
