gpsEpsilon=128.118
gpsVolume=51.4457
mQualEpsilon=0.0323876
mQualVolume=0.00639838
new_planned_energy=45.1525
