gpsEpsilon=129.548
gpsVolume=53.5341
mQualEpsilon=0.026613
mQualVolume=0.00809796
new_planned_energy=27.9006
