gpsEpsilon=11.0449
gpsVolume=46.1023
mQualEpsilon=0.0927045
mQualVolume=0.0135626
new_planned_energy=32.9879
