gpsEpsilon=122.764
gpsVolume=12.1803
mQualEpsilon=0.026613
mQualVolume=0.00809796
new_planned_energy=18.8109
