gpsEpsilon=0.542995
gpsVolume=1.97626e-323
mQualEpsilon=0.0200394
mQualVolume=0.0121521
new_planned_energy=16.8009
