gpsEpsilon=153.111
gpsVolume=40.4051
mQualEpsilon=0.0249031
mQualVolume=0.0117394
new_planned_energy=74.3194
