epsilon_quality=0.0473867
volume_quality=0.0123627
