epsilon_quality=0.123083
volume_quality=0.0874029
