epsilon_quality=0.0247383
volume_quality=0.0106618
