epsilon_quality=0.0821396
volume_quality=0.163597
