epsilon_quality=0.131404
volume_quality=0.0780199
