epsilon_quality=0.24385
volume_quality=0.26161
