epsilon_quality=0.0963757
volume_quality=0.539573
