epsilon_quality=0.0867191
volume_quality=0.225848
