epsilon_quality=0.0801406
volume_quality=0.154436
