epsilon_quality=0.213349
volume_quality=1.08821
