epsilon_quality=0.192704
volume_quality=0.774536
