epsilon_quality=0.0810869
volume_quality=0.268458
