epsilon_quality=0.0397901
volume_quality=0.0023357
