epsilon_quality=0.0454999
volume_quality=0.158332
