gpsEpsilon=0
gpsVolume=0
mQualEpsilon=0.0148626
mQualVolume=0.00119854
new_planned_energy=65.67
