gpsEpsilon=0
gpsVolume=0
mQualEpsilon=0.0150883
mQualVolume=0.009635
new_planned_energy=19.7552
