gpsEpsilon=-0.516089
gpsVolume=0.718354
mQualEpsilon=0.0799426
mQualVolume=0.0212912
new_planned_energy=34.2725
