gpsEpsilon=-0.453684
gpsVolume=0.625185
mQualEpsilon=0.039887
mQualVolume=0.00957411
new_planned_energy=34.9532
