gpsEpsilon=-0.453684
gpsVolume=0.625185
mQualEpsilon=1.4625
mQualVolume=48.9012
new_planned_energy=54.4774
