gpsEpsilon=-0.382882
gpsVolume=-0.309632
mQualEpsilon=0.0773892
mQualVolume=0.00532336
new_planned_energy=43.4158
