gpsEpsilon=-0.0316515
gpsVolume=-0.0468482
mQualEpsilon=0.0627027
mQualVolume=0.0111112
new_planned_energy=41.434
