gpsEpsilon=-0.0819561
gpsVolume=0.124127
mQualEpsilon=0.103506
mQualVolume=0.0152701
new_planned_energy=43.4487
