gpsEpsilon=0
gpsVolume=0
mQualEpsilon=0.0740906
mQualVolume=0.00679425
new_planned_energy=22.2338
