gpsEpsilon=0
gpsVolume=0
mQualEpsilon=0.0117761
mQualVolume=0.00189695
new_planned_energy=57.7112
