epsilon_quality=0.0518175
volume_quality=0.0173393
