epsilon_quality=0.0748577
volume_quality=0.0424511
