epsilon_quality=0.263022
volume_quality=0.657542
