epsilon_quality=0.216338
volume_quality=2.15694
