epsilon_quality=0.411638
volume_quality=3.37269
