epsilon_quality=0.0949469
volume_quality=0.644268
