epsilon_quality=0.13815
volume_quality=0.33785
