epsilon_quality=0.250383
volume_quality=1.42279
