epsilon_quality=0.0522511
volume_quality=0.350615
