epsilon_quality=0.150737
volume_quality=0.531261
