epsilon_quality=0.00301844
volume_quality=6.09136e-05
