epsilon_quality=0.323709
volume_quality=2.25728
