epsilon_quality=0.242839
volume_quality=0.762552
