epsilon_quality=0.223945
volume_quality=0.619284
