epsilon_quality=0.0343486
volume_quality=0.384626
