epsilon_quality=0.140054
volume_quality=0.740856
