epsilon_quality=0.0677701
volume_quality=0.222492
