epsilon_quality=0.258092
volume_quality=0.955207
