epsilon_quality=0.0940046
volume_quality=0.0758701
