epsilon_quality=0.123553
volume_quality=0.194702
