epsilon_quality=0.0864673
volume_quality=0.49687
