epsilon_quality=0.29296
volume_quality=0.757597
