epsilon_quality=0.258631
volume_quality=0.674222
