epsilon_quality=0.11752
volume_quality=0.0834207
