epsilon_quality=0.13732
volume_quality=0.0993149
