epsilon_quality=0.0387002
volume_quality=0.111058
