epsilon_quality=0.0622499
volume_quality=0.078154
