epsilon_quality=0.0709163
volume_quality=0.0405617
