epsilon_quality=0.0966588
volume_quality=0.226354
