epsilon_quality=0.0626141
volume_quality=0.0226026
