epsilon_quality=0.0685528
volume_quality=0.0235601
