epsilon_quality=0.123711
volume_quality=0.821198
