epsilon_quality=0.121006
volume_quality=0.0741463
