epsilon_quality=0.0455498
volume_quality=0.0553235
