epsilon_quality=0.315198
volume_quality=1.28135
