epsilon_quality=0.00877926
volume_quality=0.00595035
