epsilon_quality=0.0243303
volume_quality=0.00430079
