epsilon_quality=0.17924
volume_quality=0.395455
