epsilon_quality=0.116335
volume_quality=0.384438
