epsilon_quality=0.0858505
volume_quality=0.0261921
