epsilon_quality=0.193033
volume_quality=0.506756
