epsilon_quality=0.0452202
volume_quality=0.0215778
