epsilon_quality=0.0883145
volume_quality=0.277179
