epsilon_quality=0.171049
volume_quality=0.159089
