epsilon_quality=0.0191932
volume_quality=0.0309116
