epsilon_quality=0.0925995
volume_quality=0.45342
