epsilon_quality=0.18647
volume_quality=0.733532
