epsilon_quality=0.0646174
volume_quality=0.019774
