gpsEpsilon=0
gpsVolume=0
mQualEpsilon=0.056848
mQualVolume=0.0106389
new_planned_energy=57.7526
