gpsEpsilon=-0.00234361
gpsVolume=-0.599781
mQualEpsilon=0.00849532
mQualVolume=0.00302894
new_planned_energy=78.3223
