gpsEpsilon=-0.365642
gpsVolume=-0.429865
mQualEpsilon=0.0126003
mQualVolume=0.000337224
new_planned_energy=55.3571
