gpsEpsilon=0.130507
gpsVolume=-0.627083
mQualEpsilon=0.0262946
mQualVolume=0.00324267
new_planned_energy=52.9594
