gpsEpsilon=0.247373
gpsVolume=-0.654572
mQualEpsilon=0.0584417
mQualVolume=0.0121318
new_planned_energy=18.2771
