gpsEpsilon=0.130507
gpsVolume=-0.627083
mQualEpsilon=-1
mQualVolume=0.000290696
new_planned_energy=56.385
