gpsEpsilon=2.3682e-315
gpsVolume=2.27934e-315
mQualEpsilon=-1
mQualVolume=0.000685042
new_planned_energy=50.5214
