gpsEpsilon=-0.141382
gpsVolume=2.44394
mQualEpsilon=0.0496729
mQualVolume=0.0057385
new_planned_energy=73.9797
