gpsEpsilon=-0.511726
gpsVolume=28.7452
mQualEpsilon=0.0326236
mQualVolume=0.00299737
new_planned_energy=48.1979
