gpsEpsilon=0.130507
gpsVolume=-0.627083
mQualEpsilon=0.134633
mQualVolume=0.0403102
new_planned_energy=82.5996
