gpsEpsilon=-0.0640247
gpsVolume=-0.581027
mQualEpsilon=0.0753905
mQualVolume=0.0113436
new_planned_energy=39.1211
