gpsEpsilon=0
gpsVolume=0
mQualEpsilon=0.0613569
mQualVolume=0.0212441
new_planned_energy=67.1126
