gpsEpsilon=-0.155656
gpsVolume=-0.545972
mQualEpsilon=0.0410664
mQualVolume=0.00465464
new_planned_energy=43.4909
