gpsEpsilon=-0.155656
gpsVolume=-0.545972
mQualEpsilon=0.375061
mQualVolume=20.8145
new_planned_energy=46.499
