epsilon_quality=0.067843
volume_quality=0.0421424
