epsilon_quality=0.0107356
volume_quality=0.00812595
