epsilon_quality=0.0553405
volume_quality=0.00497576
