epsilon_quality=0.0292665
volume_quality=0.00780946
