epsilon_quality=0.0360857
volume_quality=0.00389841
