epsilon_quality=0.0440552
volume_quality=0.013263
