epsilon_quality=0.180235
volume_quality=0.268826
