epsilon_quality=0.0265953
volume_quality=0.0919074
