gpsEpsilon=240.667
gpsVolume=87.042
mQualEpsilon=0.0142623
mQualVolume=0.000802713
new_planned_energy=50.2704
