gpsEpsilon=1.07634e-315
gpsVolume=20.8619
mQualEpsilon=-1
mQualVolume=0.00323713
new_planned_energy=28.1364
