gpsEpsilon=7.6029e-316
gpsVolume=-0.0748573
mQualEpsilon=0.0688533
mQualVolume=0.0104029
new_planned_energy=35.3049
