gpsEpsilon=4.92091
gpsVolume=0.154918
mQualEpsilon=0.0689299
mQualVolume=0.0114527
new_planned_energy=84.5922
