gpsEpsilon=29.7188
gpsVolume=51.5115
mQualEpsilon=0.0190098
mQualVolume=0.00104672
new_planned_energy=45.1412
