gpsEpsilon=33.6695
gpsVolume=40.9626
mQualEpsilon=0.00702168
mQualVolume=0.00107495
new_planned_energy=26.5352
