gpsEpsilon=30.3619
gpsVolume=27.0129
mQualEpsilon=0.0252982
mQualVolume=0.0146141
new_planned_energy=16.4867
