gpsEpsilon=30.3619
gpsVolume=35.0672
mQualEpsilon=0.00306348
mQualVolume=0.00111966
new_planned_energy=47.9016
