gpsEpsilon=1.12193e-315
gpsVolume=0
mQualEpsilon=0.0730113
mQualVolume=0.00620407
new_planned_energy=53.4057
