gpsEpsilon=1.31996e-315
gpsVolume=0
mQualEpsilon=0.0275199
mQualVolume=0.000724659
new_planned_energy=29.5181
