epsilon_quality=0.0423381
volume_quality=0.0076144
