epsilon_quality=0.0130998
volume_quality=0.673024
