epsilon_quality=0.0123258
volume_quality=0.0095951
