epsilon_quality=0.0670106
volume_quality=0.0237109
