epsilon_quality=0.0609754
volume_quality=0.202721
