epsilon_quality=0.0223297
volume_quality=0.0462187
