epsilon_quality=0.0602782
volume_quality=0.0663141
