epsilon_quality=0.109119
volume_quality=0.138037
