epsilon_quality=0.0288532
volume_quality=0.127187
