epsilon_quality=0.0607735
volume_quality=0.156467
