epsilon_quality=0.0856408
volume_quality=0.200647
