epsilon_quality=0.0582667
volume_quality=0.211043
