epsilon_quality=0.221693
volume_quality=0.66105
