epsilon_quality=0.110835
volume_quality=0.140442
