epsilon_quality=0.0367748
volume_quality=0.0310156
