epsilon_quality=0.0666809
volume_quality=0.0738903
