epsilon_quality=0.0269396
volume_quality=0.0745724
