epsilon_quality=0.117546
volume_quality=0.121977
