epsilon_quality=0.0350811
volume_quality=0.00881805
