gpsEpsilon=0
gpsVolume=2.42092e-322
mQualEpsilon=0.0695834
mQualVolume=0.0240785
new_planned_energy=23.7106
