gpsEpsilon=0.612011
gpsVolume=-0.0790859
mQualEpsilon=0.00812166
mQualVolume=0.0103748
new_planned_energy=76.8
