gpsEpsilon=0
gpsVolume=2.42092e-322
mQualEpsilon=0.00831033
mQualVolume=0.031578
new_planned_energy=31.5126
