gpsEpsilon=-0.0121691
gpsVolume=0.108783
mQualEpsilon=0.0696054
mQualVolume=0.0350306
new_planned_energy=62.3226
