gpsEpsilon=0
gpsVolume=0
mQualEpsilon=0.0919591
mQualVolume=0.0168046
new_planned_energy=21.1875
