gpsEpsilon=0.0252157
gpsVolume=0.23327
mQualEpsilon=0.0919591
mQualVolume=0.0168046
new_planned_energy=44.233
