gpsEpsilon=0.0162648
gpsVolume=0.203702
mQualEpsilon=-1
mQualVolume=0.0166146
new_planned_energy=22.0403
