gpsEpsilon=0.0153215
gpsVolume=0.200578
mQualEpsilon=0.0502725
mQualVolume=0.037789
new_planned_energy=30.2492
