gpsEpsilon=0.0428284
gpsVolume=0.291009
mQualEpsilon=0.0514057
mQualVolume=0.00891888
new_planned_energy=44.3876
