gpsEpsilon=0.0157931
gpsVolume=0.20214
mQualEpsilon=-1
mQualVolume=0.0117349
new_planned_energy=37.1426
