gpsEpsilon=-0.0116971
gpsVolume=0.11037
mQualEpsilon=-1
mQualVolume=0.000650603
new_planned_energy=35.1651
