gpsEpsilon=0.0827072
gpsVolume=0.419494
mQualEpsilon=0.0166259
mQualVolume=0.00378519
new_planned_energy=33.7377
