epsilon_quality=0.050611
volume_quality=0.00711708
