epsilon_quality=0.173678
volume_quality=0.121497
