epsilon_quality=0.145825
volume_quality=0.162257
