epsilon_quality=0.00210453
volume_quality=0.0291305
