epsilon_quality=0.084192
volume_quality=0.068127
