epsilon_quality=0.00658502
volume_quality=0.0312639
