epsilon_quality=0.141181
volume_quality=0.202086
