epsilon_quality=0.0326834
volume_quality=0.0293047
