epsilon_quality=0.134625
volume_quality=0.122644
