epsilon_quality=0.202626
volume_quality=0.638972
