epsilon_quality=0.0444492
volume_quality=0.0403298
