epsilon_quality=0.0262632
volume_quality=0.0831843
