epsilon_quality=0.0606736
volume_quality=0.0655552
