epsilon_quality=0.0685955
volume_quality=0.334265
