epsilon_quality=0.128695
volume_quality=0.273458
