epsilon_quality=0.0644669
volume_quality=0.227337
