epsilon_quality=0.0402645
volume_quality=0.017575
