epsilon_quality=0.0600551
volume_quality=0.0256237
