epsilon_quality=0.201644
volume_quality=0.577251
