epsilon_quality=0.104213
volume_quality=0.112568
