epsilon_quality=0.120408
volume_quality=0.575942
