epsilon_quality=0.0377106
volume_quality=0.00298783
