epsilon_quality=0.0306758
volume_quality=0.00522607
