epsilon_quality=0.138173
volume_quality=0.112998
