epsilon_quality=0.0583719
volume_quality=0.0231315
