epsilon_quality=0.0782183
volume_quality=0.092838
