epsilon_quality=0.0710869
volume_quality=0.0109679
