epsilon_quality=0.0868596
volume_quality=0.0320986
