epsilon_quality=0.0332214
volume_quality=0.0948114
