epsilon_quality=0.0625392
volume_quality=0.0245094
