epsilon_quality=0.0452922
volume_quality=0.0423896
