epsilon_quality=0.106334
volume_quality=0.105224
