epsilon_quality=0.0242036
volume_quality=0.0137967
