epsilon_quality=0.0978891
volume_quality=0.0876415
