epsilon_quality=0.0888644
volume_quality=0.0181435
