epsilon_quality=0.131346
volume_quality=1.07855
