epsilon_quality=0.209611
volume_quality=0.86035
