epsilon_quality=0.207265
volume_quality=0.828837
