epsilon_quality=0.0359294
volume_quality=0.202359
