epsilon_quality=0.131448
volume_quality=0.569676
