epsilon_quality=0.00321299
volume_quality=0.00984845
