epsilon_quality=0.0453547
volume_quality=0.0588068
