epsilon_quality=0.13559
volume_quality=0.22337
