epsilon_quality=0.0367819
volume_quality=0.0580672
