epsilon_quality=0.011802
volume_quality=0.0213229
