epsilon_quality=0.202719
volume_quality=0.307732
