epsilon_quality=0.114406
volume_quality=0.751476
