epsilon_quality=0.0587553
volume_quality=0.0432139
