epsilon_quality=0.0605801
volume_quality=0.0121434
