epsilon_quality=0.00477435
volume_quality=0.00437028
