epsilon_quality=0.00439586
volume_quality=0.00621373
