epsilon_quality=0.0851267
volume_quality=0.233599
