epsilon_quality=0.0365502
volume_quality=0.022801
