epsilon_quality=0.0606626
volume_quality=0.0502317
