epsilon_quality=0.0207826
volume_quality=0.0323954
