epsilon_quality=0.0372533
volume_quality=0.0170028
