epsilon_quality=0.133065
volume_quality=0.106212
