epsilon_quality=0.124348
volume_quality=0.189273
