epsilon_quality=0.124595
volume_quality=0.169771
