epsilon_quality=0.0482477
volume_quality=0.0448237
