epsilon_quality=0.0137221
volume_quality=0.0856379
