epsilon_quality=0.136173
volume_quality=0.217491
