epsilon_quality=0.065025
volume_quality=0.107416
