epsilon_quality=0.175177
volume_quality=0.282512
