epsilon_quality=0.0473828
volume_quality=0.00877946
