epsilon_quality=0.0371242
volume_quality=0.145469
