epsilon_quality=0.0480661
volume_quality=0.0267893
