epsilon_quality=0.133359
volume_quality=0.185929
