epsilon_quality=0.0391375
volume_quality=0.0225005
