epsilon_quality=0.0959803
volume_quality=0.126828
