epsilon_quality=0.0941165
volume_quality=0.26685
