epsilon_quality=0.0894036
volume_quality=0.0674907
