epsilon_quality=0.0231077
volume_quality=0.091345
