epsilon_quality=0.138411
volume_quality=0.279171
