epsilon_quality=0.06839
volume_quality=0.0414232
