epsilon_quality=0.0306398
volume_quality=0.0342705
