epsilon_quality=0.0407302
volume_quality=0.0219374
