epsilon_quality=0.0935059
volume_quality=0.0764669
