epsilon_quality=0.068251
volume_quality=0.0617451
