epsilon_quality=0.00912202
volume_quality=0.00182737
