epsilon_quality=0.0256495
volume_quality=0.0106373
