gpsEpsilon=10.7339
gpsVolume=10.4868
mQualEpsilon=0.000413538
mQualVolume=0.0190355
new_planned_energy=76.0392
