gpsEpsilon=-82.8117
gpsVolume=0.892241
mQualEpsilon=-1
mQualVolume=0.000787501
new_planned_energy=72.7767
