gpsEpsilon=8.89844e-316
gpsVolume=8.89844e-316
mQualEpsilon=-1
mQualVolume=0.0143624
new_planned_energy=85.2996
