gpsEpsilon=11.4533
gpsVolume=42.6298
mQualEpsilon=0.0117455
mQualVolume=0.0205118
new_planned_energy=70.6632
