gpsEpsilon=9.33743e-316
gpsVolume=2.47033e-323
mQualEpsilon=-1
mQualVolume=0.0112015
new_planned_energy=61.3126
