gpsEpsilon=19.102
gpsVolume=201.119
mQualEpsilon=1.11595e-05
mQualVolume=0.00800558
new_planned_energy=93.5588
