gpsEpsilon=8.76467e-316
gpsVolume=0
mQualEpsilon=-1
mQualVolume=0.000371071
new_planned_energy=99.6386
