gpsEpsilon=9.29322
gpsVolume=37.0256
mQualEpsilon=0.0418151
mQualVolume=0.00946981
new_planned_energy=54.6641
