epsilon_quality=0.141646
volume_quality=0.344905
