epsilon_quality=0.138214
volume_quality=0.39091
