epsilon_quality=0.146331
volume_quality=0.239506
