epsilon_quality=0.232188
volume_quality=0.858064
