epsilon_quality=0.287236
volume_quality=1.46183
