epsilon_quality=0.00681921
volume_quality=0.0184752
