epsilon_quality=0.222244
volume_quality=0.498445
