epsilon_quality=0.0326264
volume_quality=0.0565844
