epsilon_quality=0.145598
volume_quality=0.169253
