epsilon_quality=0.051366
volume_quality=0.0352636
