epsilon_quality=0.104265
volume_quality=0.157213
