epsilon_quality=0.0252653
volume_quality=0.0790796
