epsilon_quality=0.146773
volume_quality=0.165012
