epsilon_quality=0.209077
volume_quality=0.458437
