epsilon_quality=0.184406
volume_quality=0.330713
