epsilon_quality=0.135659
volume_quality=0.113313
