epsilon_quality=0.107903
volume_quality=0.042561
