epsilon_quality=0.0308141
volume_quality=0.0436039
