epsilon_quality=0.106571
volume_quality=0.0403773
