epsilon_quality=0.0041022
volume_quality=0.014498
