epsilon_quality=0.182269
volume_quality=0.320348
