epsilon_quality=0.101776
volume_quality=0.0644897
