epsilon_quality=0.130542
volume_quality=0.0958937
