epsilon_quality=0.0249846
volume_quality=0.0390395
