epsilon_quality=0.0245419
volume_quality=0.00969248
