epsilon_quality=0.0614127
volume_quality=0.0460495
