epsilon_quality=0.0292351
volume_quality=0.00155325
