epsilon_quality=0.0230525
volume_quality=0.00192745
