epsilon_quality=0.0372793
volume_quality=0.00446283
