epsilon_quality=0.0317341
volume_quality=0.0082647
