epsilon_quality=0.0497321
volume_quality=0.0149602
