epsilon_quality=0.0530156
volume_quality=0.0181667
