epsilon_quality=0.0565999
volume_quality=0.0160902
