epsilon_quality=0.028505
volume_quality=0.0122094
