epsilon_quality=0.200266
volume_quality=0.71679
