epsilon_quality=0.0255841
volume_quality=0.113953
