epsilon_quality=0.0611023
volume_quality=0.0325393
