epsilon_quality=0.0831122
volume_quality=0.117838
