epsilon_quality=0.0741911
volume_quality=0.080463
