epsilon_quality=0.130439
volume_quality=0.147178
