epsilon_quality=0.145669
volume_quality=0.325805
