epsilon_quality=0.0448419
volume_quality=0.0410441
