epsilon_quality=0.0603874
volume_quality=0.0515576
