epsilon_quality=0.0855895
volume_quality=0.0855843
