epsilon_quality=0.107165
volume_quality=0.0746337
