epsilon_quality=0.371117
volume_quality=1.48616
