epsilon_quality=0.0669419
volume_quality=0.106809
