epsilon_quality=0.062273
volume_quality=0.146337
