epsilon_quality=0.138677
volume_quality=0.292802
