epsilon_quality=0.129005
volume_quality=0.146438
