epsilon_quality=0.0533074
volume_quality=0.0897758
