epsilon_quality=0.126529
volume_quality=0.271245
