epsilon_quality=0.143917
volume_quality=0.293607
