epsilon_quality=0.11002
volume_quality=0.173146
