epsilon_quality=0.278434
volume_quality=1.87995
