epsilon_quality=0.169104
volume_quality=0.216415
