epsilon_quality=0.111809
volume_quality=0.151072
