epsilon_quality=0.0744267
volume_quality=0.0574732
