epsilon_quality=0.0791225
volume_quality=0.0449664
