epsilon_quality=0.102718
volume_quality=0.0560367
