epsilon_quality=0.0770386
volume_quality=0.227002
