epsilon_quality=0.119406
volume_quality=0.193633
