epsilon_quality=0.0747546
volume_quality=0.0191233
