epsilon_quality=0.0786835
volume_quality=0.0495567
