epsilon_quality=0.126599
volume_quality=0.0648535
