epsilon_quality=0.0831062
volume_quality=0.0537579
