epsilon_quality=0.102325
volume_quality=0.125591
