epsilon_quality=0.0498111
volume_quality=0.0432198
