epsilon_quality=0.0813832
volume_quality=0.130368
