epsilon_quality=0.0958934
volume_quality=0.146137
