epsilon_quality=0.12702
volume_quality=0.149154
