epsilon_quality=0.0997752
volume_quality=0.157347
