epsilon_quality=0.0772457
volume_quality=0.242672
