epsilon_quality=0.175206
volume_quality=0.472803
