epsilon_quality=0.162864
volume_quality=0.659111
