epsilon_quality=0.0664186
volume_quality=0.022148
