epsilon_quality=0.0208554
volume_quality=0.0266055
