epsilon_quality=0.0210919
volume_quality=0.0165128
