epsilon_quality=0.103604
volume_quality=0.155055
