epsilon_quality=0.0308657
volume_quality=0.0159625
