epsilon_quality=0.0286113
volume_quality=0.0552202
