epsilon_quality=0.218469
volume_quality=0.221478
