epsilon_quality=0.0668993
volume_quality=0.0661212
