gpsEpsilon=194.484
gpsVolume=69.9894
mQualEpsilon=0.026691
mQualVolume=0.00768217
new_planned_energy=44.0049
