gpsEpsilon=158.568
gpsVolume=124.454
mQualEpsilon=0.0127043
mQualVolume=0.00579448
new_planned_energy=10.8982
