gpsEpsilon=180.921
gpsVolume=28.067
mQualEpsilon=0.0305546
mQualVolume=0.00260448
new_planned_energy=101.814
