gpsEpsilon=132.303
gpsVolume=111.09
mQualEpsilon=0.00478619
mQualVolume=0.00835459
new_planned_energy=19.3411
