gpsEpsilon=132.303
gpsVolume=111.09
mQualEpsilon=1.60534
mQualVolume=46.8312
new_planned_energy=-1.60534
