gpsEpsilon=183.127
gpsVolume=91.3348
mQualEpsilon=0.00207159
mQualVolume=0.000683194
new_planned_energy=57.8996
