gpsEpsilon=208.931
gpsVolume=84.2744
mQualEpsilon=0.0262547
mQualVolume=0.00117978
new_planned_energy=56.8805
