gpsEpsilon=6.12918e-316
gpsVolume=8.32835e-316
mQualEpsilon=-1
mQualVolume=0.000506104
new_planned_energy=76.6846
