gpsEpsilon=87.3727
gpsVolume=112.416
mQualEpsilon=0.0127545
mQualVolume=0.000905255
new_planned_energy=59.8834
