gpsEpsilon=237.043
gpsVolume=138.932
mQualEpsilon=0.030616
mQualVolume=0.00199892
new_planned_energy=69.7298
