gpsEpsilon=194.484
gpsVolume=107.113
mQualEpsilon=0.00926578
mQualVolume=0.00277159
new_planned_energy=56.9914
