epsilon_quality=0.0118819
volume_quality=0.035081
