epsilon_quality=0.056103
volume_quality=0.0422281
