epsilon_quality=0.0664583
volume_quality=0.0137595
