epsilon_quality=0.0888769
volume_quality=0.0345932
