epsilon_quality=0.0283423
volume_quality=0.201298
