epsilon_quality=0.0344928
volume_quality=0.0291207
