epsilon_quality=0.14532
volume_quality=0.247619
