epsilon_quality=0.0108371
volume_quality=0.00938059
