epsilon_quality=0.125738
volume_quality=0.329745
