epsilon_quality=0.0169465
volume_quality=0.012422
