epsilon_quality=0.0219112
volume_quality=0.00241443
