epsilon_quality=0.0308165
volume_quality=0.0188286
