epsilon_quality=0.0353533
volume_quality=0.0916081
