epsilon_quality=0.0216554
volume_quality=0.0919477
