epsilon_quality=0.138506
volume_quality=0.0610562
