epsilon_quality=0.0712238
volume_quality=0.15195
