epsilon_quality=0.0341282
volume_quality=0.0152932
