epsilon_quality=0.0716652
volume_quality=0.0679266
