epsilon_quality=0.0492528
volume_quality=0.0549972
