epsilon_quality=0.134108
volume_quality=0.488537
