epsilon_quality=0.192476
volume_quality=0.349189
