epsilon_quality=0.0737129
volume_quality=0.213635
