epsilon_quality=0.0258443
volume_quality=0.0484736
