epsilon_quality=0.163734
volume_quality=0.797318
