epsilon_quality=0.173535
volume_quality=0.938567
