epsilon_quality=0.0779464
volume_quality=0.031599
