epsilon_quality=0.0902604
volume_quality=0.130443
