epsilon_quality=0.142393
volume_quality=0.122489
