epsilon_quality=0.0228146
volume_quality=0.00107429
