epsilon_quality=0.186812
volume_quality=0.67329
