epsilon_quality=0.014075
volume_quality=0.00323535
