epsilon_quality=0.0916336
volume_quality=0.0663206
