epsilon_quality=0.0650572
volume_quality=0.20128
