epsilon_quality=0.0727987
volume_quality=0.37478
