epsilon_quality=0.147119
volume_quality=0.178325
