epsilon_quality=0.0210955
volume_quality=0.00768369
