epsilon_quality=0.0498148
volume_quality=0.0110643
