epsilon_quality=0.0399965
volume_quality=0.150168
