epsilon_quality=0.0400334
volume_quality=0.113021
