epsilon_quality=0.0493317
volume_quality=0.0555087
