epsilon_quality=0.110618
volume_quality=0.204971
