epsilon_quality=0.00766541
volume_quality=0.0408692
