epsilon_quality=0.0788316
volume_quality=0.0126611
