epsilon_quality=0.0273209
volume_quality=0.00242818
