epsilon_quality=0.0746281
volume_quality=0.0637556
