epsilon_quality=0.201003
volume_quality=0.208492
