epsilon_quality=0.0826991
volume_quality=0.0687256
