epsilon_quality=0.02017
volume_quality=0.00693229
