epsilon_quality=0.0647738
volume_quality=0.01725
