epsilon_quality=0.209904
volume_quality=0.667886
