epsilon_quality=0.221107
volume_quality=0.640373
