epsilon_quality=0.190124
volume_quality=0.434754
