epsilon_quality=0.157414
volume_quality=0.160413
