epsilon_quality=0.160691
volume_quality=0.544101
