epsilon_quality=0.299102
volume_quality=2.98712
