epsilon_quality=0.186247
volume_quality=1.07489
