gpsEpsilon=221.59
gpsVolume=120.6
mQualEpsilon=0.054145
mQualVolume=0.00709058
new_planned_energy=41.6025
