gpsEpsilon=71.9656
gpsVolume=106.459
mQualEpsilon=0.0102254
mQualVolume=0.000580308
new_planned_energy=27.5779
