gpsEpsilon=207.595
gpsVolume=132.843
mQualEpsilon=0.0378584
mQualVolume=0.0125517
new_planned_energy=21.5343
