gpsEpsilon=207.595
gpsVolume=132.843
mQualEpsilon=1.88567
mQualVolume=48.0741
new_planned_energy=-1.88567
