gpsEpsilon=6.12919e-316
gpsVolume=6.95335e-310
mQualEpsilon=0.0296946
mQualVolume=0.00316633
new_planned_energy=28.3478
