gpsEpsilon=147.152
gpsVolume=10.5728
mQualEpsilon=0.00317485
mQualVolume=0.00225553
new_planned_energy=43.0825
