gpsEpsilon=1.39675e-315
gpsVolume=8.06168e-316
mQualEpsilon=0.0304286
mQualVolume=0.00198567
new_planned_energy=104.92
