gpsEpsilon=1.29135e-315
gpsVolume=1.44458e-316
mQualEpsilon=-1
mQualVolume=0.0132837
new_planned_energy=28.8082
