gpsEpsilon=139.944
gpsVolume=94.2472
mQualEpsilon=1.71943
mQualVolume=48.704
new_planned_energy=-1.71943
