gpsEpsilon=139.944
gpsVolume=94.2472
mQualEpsilon=1.72406
mQualVolume=48.8598
new_planned_energy=-1.72406
