gpsEpsilon=139.944
gpsVolume=94.2472
mQualEpsilon=0.00345112
mQualVolume=0.0115688
new_planned_energy=18.076
