gpsEpsilon=139.944
gpsVolume=94.2472
mQualEpsilon=1.70317
mQualVolume=49.9059
new_planned_energy=-1.70317
