gpsEpsilon=139.944
gpsVolume=94.2472
mQualEpsilon=1.73417
mQualVolume=48.9905
new_planned_energy=-1.73417
