gpsEpsilon=-0.0873525
gpsVolume=2.42092e-322
mQualEpsilon=0.0606739
mQualVolume=0.0166032
new_planned_energy=24.9901
