gpsEpsilon=217.193
gpsVolume=122.442
mQualEpsilon=0.0339125
mQualVolume=0.00756187
new_planned_energy=54.1626
