gpsEpsilon=238.382
gpsVolume=127.186
mQualEpsilon=0.0087238
mQualVolume=0.00115357
new_planned_energy=69.6282
