epsilon_quality=0.0800633
volume_quality=0.0515029
