epsilon_quality=0.0633639
volume_quality=0.168199
