epsilon_quality=0.028528
volume_quality=0.0931824
