epsilon_quality=0.391208
volume_quality=2.99352
