epsilon_quality=0.343236
volume_quality=2.39957
