epsilon_quality=0.102314
volume_quality=0.152979
