epsilon_quality=0.0415627
volume_quality=0.0424804
