epsilon_quality=0.277273
volume_quality=0.68352
