epsilon_quality=0.00334359
volume_quality=0.0137213
