epsilon_quality=0.0412848
volume_quality=0.0796581
