epsilon_quality=0.0265912
volume_quality=0.0161999
