epsilon_quality=0.0969113
volume_quality=0.0757076
