epsilon_quality=0.0418799
volume_quality=0.0131612
