epsilon_quality=0.0234829
volume_quality=0.0132804
