epsilon_quality=0.01105
volume_quality=0.031027
