epsilon_quality=0.0136135
volume_quality=0.117912
