epsilon_quality=0.166422
volume_quality=0.344761
