epsilon_quality=0.114864
volume_quality=0.277626
