epsilon_quality=0.0315684
volume_quality=0.145479
