epsilon_quality=0.0974426
volume_quality=0.0684575
