epsilon_quality=0.0445683
volume_quality=0.0363773
