epsilon_quality=0.15434
volume_quality=0.222119
