epsilon_quality=0.135898
volume_quality=0.465346
