epsilon_quality=0.0287019
volume_quality=0.0300028
