epsilon_quality=0.00311364
volume_quality=0.00246529
