gpsEpsilon=13.9198
gpsVolume=38.8412
mQualEpsilon=0.00936988
mQualVolume=0.000345644
new_planned_energy=84.3528
