gpsEpsilon=9.25347
gpsVolume=59.2694
mQualEpsilon=0.000548006
mQualVolume=0.00576944
new_planned_energy=53.1832
