gpsEpsilon=12.468
gpsVolume=48.07
mQualEpsilon=0.0462481
mQualVolume=0.0126374
new_planned_energy=41.6597
