gpsEpsilon=1.34902e-315
gpsVolume=0
mQualEpsilon=0.0622988
mQualVolume=0.0133509
new_planned_energy=69.1962
