gpsEpsilon=8.06285e-316
gpsVolume=0
mQualEpsilon=1.64996
mQualVolume=58.6696
new_planned_energy=-1.64996
