gpsEpsilon=1.4685e-316
gpsVolume=0
mQualEpsilon=0.0153003
mQualVolume=0.00166713
new_planned_energy=44.0658
