gpsEpsilon=26.0993
gpsVolume=31.5003
mQualEpsilon=0.00932397
mQualVolume=0.000620979
new_planned_energy=35.0499
