gpsEpsilon=34.9067
gpsVolume=28.8745
mQualEpsilon=0.0275619
mQualVolume=0.00137068
new_planned_energy=64.588
