gpsEpsilon=32.5468
gpsVolume=55.1584
mQualEpsilon=0.0472935
mQualVolume=0.00723926
new_planned_energy=39.3315
