gpsEpsilon=32.9476
gpsVolume=9.55764
mQualEpsilon=-1
mQualVolume=0.00336978
new_planned_energy=77.8891
