gpsEpsilon=32.4513
gpsVolume=62.5018
mQualEpsilon=0.00671292
mQualVolume=0.00701763
new_planned_energy=54.0376
