gpsEpsilon=62.9346
gpsVolume=62.9359
mQualEpsilon=0.0222281
mQualVolume=0.00445078
new_planned_energy=58.7009
