gpsEpsilon=68.5942
gpsVolume=59.8221
mQualEpsilon=0.0549488
mQualVolume=0.00753515
new_planned_energy=66.0238
