epsilon_quality=0.00817517
volume_quality=0.0118411
