epsilon_quality=0.287413
volume_quality=0.774374
