epsilon_quality=0.163839
volume_quality=0.309986
