epsilon_quality=0.229945
volume_quality=0.746412
