epsilon_quality=0.0751431
volume_quality=0.0738013
