epsilon_quality=0.087387
volume_quality=0.19582
