epsilon_quality=0.0185481
volume_quality=0.00910993
