epsilon_quality=0.0917221
volume_quality=0.725989
