epsilon_quality=0.116252
volume_quality=0.579829
