epsilon_quality=0.0973894
volume_quality=0.0256879
