epsilon_quality=0.0575782
volume_quality=0.0818337
