epsilon_quality=0.125612
volume_quality=0.110478
