epsilon_quality=0.0479747
volume_quality=0.0836794
