epsilon_quality=0.0771879
volume_quality=0.0728194
