epsilon_quality=0.166574
volume_quality=0.923906
