epsilon_quality=0.0463088
volume_quality=0.0802839
