epsilon_quality=0.0908557
volume_quality=0.389076
