epsilon_quality=0.0901282
volume_quality=0.666688
