epsilon_quality=0.0298265
volume_quality=0.00325876
