epsilon_quality=0.0309171
volume_quality=0.0255764
