epsilon_quality=0.0686031
volume_quality=0.0432143
