epsilon_quality=0.0928957
volume_quality=0.0637452
