epsilon_quality=0.117647
volume_quality=0.15293
