epsilon_quality=0.0826215
volume_quality=0.0347029
