epsilon_quality=0.0238771
volume_quality=0.00410445
