epsilon_quality=0.0318084
volume_quality=0.00161438
