epsilon_quality=0.126072
volume_quality=0.0757292
