epsilon_quality=0.328265
volume_quality=0.961078
