epsilon_quality=0.0390991
volume_quality=0.017425
