epsilon_quality=0.0387719
volume_quality=0.0115379
