epsilon_quality=0.165768
volume_quality=0.152005
