epsilon_quality=0.0295157
volume_quality=0.00904047
