epsilon_quality=0.00428408
volume_quality=0.00404695
