gpsEpsilon=-0.216352
gpsVolume=-0.425133
mQualEpsilon=-1
mQualVolume=0.00569417
new_planned_energy=17.9801
