gpsEpsilon=0.0318392
gpsVolume=0.959114
mQualEpsilon=0.00800803
mQualVolume=0.00367679
new_planned_energy=41.9244
