gpsEpsilon=-0.233535
gpsVolume=-0.428543
mQualEpsilon=-1
mQualVolume=0.000878466
new_planned_energy=69.6283
