gpsEpsilon=0
gpsVolume=2.42092e-322
mQualEpsilon=0.0741885
mQualVolume=0.0104283
new_planned_energy=38.619
