gpsEpsilon=0
gpsVolume=0
mQualEpsilon=0.0336167
mQualVolume=0.000505135
new_planned_energy=40.6253
