gpsEpsilon=0
gpsVolume=0
mQualEpsilon=0.0593323
mQualVolume=0.00480904
new_planned_energy=52.7858
