gpsEpsilon=1.86445e-315
gpsVolume=1.99749e-315
mQualEpsilon=-1
mQualVolume=0.00123005
new_planned_energy=57.3504
