gpsEpsilon=1.86447e-315
gpsVolume=1.86339e-315
mQualEpsilon=-1
mQualVolume=0.00014655
new_planned_energy=65.1634
