gpsEpsilon=192.322
gpsVolume=80.6003
mQualEpsilon=0.440034
mQualVolume=10.2027
new_planned_energy=-0.440034
