gpsEpsilon=192.322
gpsVolume=80.6003
mQualEpsilon=0.522098
mQualVolume=13.9424
new_planned_energy=-0.522098
