epsilon_quality=0.0514936
volume_quality=0.0367969
