epsilon_quality=0.0770622
volume_quality=0.049995
