epsilon_quality=0.0788628
volume_quality=0.141414
