epsilon_quality=0.162633
volume_quality=0.189762
