epsilon_quality=0.070136
volume_quality=0.0809768
