epsilon_quality=0.246042
volume_quality=0.789336
