epsilon_quality=0.175309
volume_quality=0.329604
