gpsEpsilon=156.097
gpsVolume=97.2083
mQualEpsilon=0.086995
mQualVolume=0.0211288
new_planned_energy=30.3014
