gpsEpsilon=24.2167
gpsVolume=98.2309
mQualEpsilon=0.0139588
mQualVolume=0.0140793
new_planned_energy=39.5981
