gpsEpsilon=6.35
gpsVolume=109.464
mQualEpsilon=0.0184607
mQualVolume=0.00201001
new_planned_energy=51.1412
