gpsEpsilon=21.3992
gpsVolume=109.334
mQualEpsilon=0.026499
mQualVolume=0.00815407
new_planned_energy=63.6303
