gpsEpsilon=24.409
gpsVolume=109.011
mQualEpsilon=0.0225866
mQualVolume=0.000787347
new_planned_energy=20.7674
