gpsEpsilon=1.62933e-315
gpsVolume=6.95335e-310
mQualEpsilon=0.0887598
mQualVolume=0.00928031
new_planned_energy=32.2684
