gpsEpsilon=0
gpsVolume=0
mQualEpsilon=0.0422122
mQualVolume=0.00711553
new_planned_energy=45.1113
