gpsEpsilon=159.582
gpsVolume=188.067
mQualEpsilon=0.0135829
mQualVolume=0.00278377
new_planned_energy=80.7553
