gpsEpsilon=184.015
gpsVolume=132.21
mQualEpsilon=0.0101505
mQualVolume=0.00201759
new_planned_energy=53.0249
