gpsEpsilon=153.564
gpsVolume=97.2083
mQualEpsilon=0.0240432
mQualVolume=0.000697768
new_planned_energy=51.731
