epsilon_quality=0.00776787
volume_quality=0.00559345
