epsilon_quality=0.0233116
volume_quality=0.0229745
