epsilon_quality=0.0525752
volume_quality=0.0169636
