epsilon_quality=0.0647528
volume_quality=0.0944532
