epsilon_quality=0.0113521
volume_quality=0.013629
