epsilon_quality=0.129772
volume_quality=0.327678
