epsilon_quality=0.0268593
volume_quality=0.0362366
