epsilon_quality=0.0811154
volume_quality=0.370189
