epsilon_quality=0.0652539
volume_quality=0.11549
