epsilon_quality=0.055395
volume_quality=0.0473934
