epsilon_quality=0.115165
volume_quality=0.452531
