epsilon_quality=0.155122
volume_quality=0.341709
