epsilon_quality=0.0158847
volume_quality=0.00777042
