epsilon_quality=0.0509451
volume_quality=0.0654645
