epsilon_quality=0.0427873
volume_quality=0.0171289
