epsilon_quality=0.0443329
volume_quality=0.0774776
