epsilon_quality=0.0230659
volume_quality=0.00542794
