epsilon_quality=0.00270664
volume_quality=0.00114495
