epsilon_quality=0.0268391
volume_quality=0.00131945
