epsilon_quality=0.0324078
volume_quality=0.109456
