epsilon_quality=0.0745952
volume_quality=0.0610008
