epsilon_quality=0.0993705
volume_quality=0.0671423
