epsilon_quality=0.0476652
volume_quality=0.16173
