epsilon_quality=0.000335912
volume_quality=0.0451696
