epsilon_quality=0.016332
volume_quality=0.0146253
