epsilon_quality=0.108416
volume_quality=0.127451
