epsilon_quality=0.0495435
volume_quality=0.026727
