epsilon_quality=0.0815723
volume_quality=0.0952823
