epsilon_quality=0.00824021
volume_quality=0.0559939
