epsilon_quality=0.0103449
volume_quality=0.015314
