epsilon_quality=0.204094
volume_quality=0.541103
