epsilon_quality=0.000314029
volume_quality=0.213307
