epsilon_quality=0.00117884
volume_quality=0.022885
