epsilon_quality=0.122867
volume_quality=0.437531
