epsilon_quality=0.149331
volume_quality=0.209094
