epsilon_quality=0.0271015
volume_quality=0.0718414
