epsilon_quality=0.0302249
volume_quality=0.0238537
