epsilon_quality=0.14214
volume_quality=0.107687
