epsilon_quality=0.0294447
volume_quality=0.0151087
