epsilon_quality=0.024595
volume_quality=0.0181821
