epsilon_quality=0.0175397
volume_quality=0.00433915
