epsilon_quality=0.0712327
volume_quality=0.0473998
