epsilon_quality=0.045406
volume_quality=0.0566733
