epsilon_quality=0.0805779
volume_quality=0.0690307
