epsilon_quality=0.0303969
volume_quality=0.00181161
