epsilon_quality=0.0214835
volume_quality=0.00108123
