epsilon_quality=0.116394
volume_quality=0.365988
