epsilon_quality=0.133523
volume_quality=0.094523
