epsilon_quality=0.0260936
volume_quality=0.0119181
