epsilon_quality=0.0432615
volume_quality=0.023942
