epsilon_quality=0.181556
volume_quality=0.886725
