epsilon_quality=0.192391
volume_quality=0.936207
