epsilon_quality=0.0929645
volume_quality=0.192614
