gpsEpsilon=187.423
gpsVolume=220.364
mQualEpsilon=0.0596789
mQualVolume=0.00998155
new_planned_energy=28.5376
