gpsEpsilon=108.843
gpsVolume=184.363
mQualEpsilon=0.0297394
mQualVolume=0.00957438
new_planned_energy=27.6157
