gpsEpsilon=183.335
gpsVolume=213.661
mQualEpsilon=0.054178
mQualVolume=0.00734458
new_planned_energy=43.2541
