gpsEpsilon=195.574
gpsVolume=140.857
mQualEpsilon=0.00272552
mQualVolume=0.000854701
new_planned_energy=103.27
