gpsEpsilon=188.563
gpsVolume=138.255
mQualEpsilon=0.103508
mQualVolume=0.019069
new_planned_energy=30.1147
