gpsEpsilon=179.781
gpsVolume=223.184
mQualEpsilon=0.105769
mQualVolume=0.0167951
new_planned_energy=24.1668
