gpsEpsilon=135.835
gpsVolume=126.609
mQualEpsilon=0.0878626
mQualVolume=0.00957503
new_planned_energy=37.2739
