gpsEpsilon=155.34
gpsVolume=126.985
mQualEpsilon=0.0888822
mQualVolume=0.0157827
new_planned_energy=73.1087
