gpsEpsilon=207.667
gpsVolume=131.095
mQualEpsilon=0.049523
mQualVolume=0.00738917
new_planned_energy=29.3193
