epsilon_quality=0.10238
volume_quality=0.178471
