epsilon_quality=0.0711699
volume_quality=0.043645
