epsilon_quality=0.137324
volume_quality=0.581452
