epsilon_quality=0.105538
volume_quality=0.0286581
