gpsEpsilon=50.1162
gpsVolume=90.075
mQualEpsilon=0.0456376
mQualVolume=0.0266842
new_planned_energy=27.0365
