gpsEpsilon=81.6879
gpsVolume=86.0643
mQualEpsilon=0.0192029
mQualVolume=0.0118056
new_planned_energy=34.1135
