gpsEpsilon=81.0174
gpsVolume=86.2406
mQualEpsilon=0.065675
mQualVolume=0.013817
new_planned_energy=19.4252
