gpsEpsilon=82.1187
gpsVolume=64.0507
mQualEpsilon=0.0820181
mQualVolume=0.0199014
new_planned_energy=66.8233
