gpsEpsilon=171.42
gpsVolume=93.523
mQualEpsilon=0.0554583
mQualVolume=0.0136001
new_planned_energy=13.7706
