gpsEpsilon=6.95335e-310
gpsVolume=3.01026e-316
mQualEpsilon=0.0733966
mQualVolume=0.0252562
new_planned_energy=30.0321
