gpsEpsilon=0
gpsVolume=0
mQualEpsilon=0.0110839
mQualVolume=0.0116531
new_planned_energy=24.1439
