gpsEpsilon=0
gpsVolume=0
mQualEpsilon=0.0248097
mQualVolume=0.0150975
new_planned_energy=23.6834
