gpsEpsilon=2.3461e-316
gpsVolume=-0.00249316
mQualEpsilon=1.55496
mQualVolume=55.6195
new_planned_energy=22.4852
