gpsEpsilon=2.3461e-316
gpsVolume=-0.00249316
mQualEpsilon=1.74603
mQualVolume=55.7081
new_planned_energy=-1.74603
