epsilon_quality=0.105371
volume_quality=0.175447
