epsilon_quality=0.124047
volume_quality=0.387453
