epsilon_quality=0.361509
volume_quality=1.46783
