epsilon_quality=0.100841
volume_quality=0.118396
