epsilon_quality=0.0362675
volume_quality=0.0242681
