epsilon_quality=0.0656344
volume_quality=0.0509106
