epsilon_quality=0.0350164
volume_quality=0.0367809
