epsilon_quality=5.85107e-05
volume_quality=0.00127811
