epsilon_quality=0.153562
volume_quality=0.414687
