epsilon_quality=0.0547486
volume_quality=0.079432
