epsilon_quality=0.156376
volume_quality=0.139225
