epsilon_quality=0.023709
volume_quality=0.0360363
