epsilon_quality=0.064799
volume_quality=0.326632
