epsilon_quality=0.14508
volume_quality=0.292261
