epsilon_quality=0.127939
volume_quality=0.234413
