epsilon_quality=0.0439035
volume_quality=0.12269
