epsilon_quality=0.0131227
volume_quality=0.0708635
