epsilon_quality=0.0468305
volume_quality=0.00864356
