epsilon_quality=0.0912755
volume_quality=0.812967
