epsilon_quality=0.123214
volume_quality=1.12452
