epsilon_quality=0.0708456
volume_quality=0.0305596
