epsilon_quality=0.0883409
volume_quality=0.0151364
