epsilon_quality=0.107775
volume_quality=0.130749
