epsilon_quality=0.0710761
volume_quality=0.394684
