epsilon_quality=0.177703
volume_quality=0.393687
