epsilon_quality=0.0378022
volume_quality=0.0757283
