epsilon_quality=0.180302
volume_quality=0.553774
