epsilon_quality=0.113198
volume_quality=0.413388
