epsilon_quality=0.137964
volume_quality=0.240007
