epsilon_quality=0.0624154
volume_quality=0.0411168
