epsilon_quality=0.16043
volume_quality=0.489009
