epsilon_quality=0.198079
volume_quality=0.523581
