epsilon_quality=0.233364
volume_quality=0.566625
