epsilon_quality=0.0731956
volume_quality=0.0850464
