epsilon_quality=0.0971195
volume_quality=0.405655
