epsilon_quality=0.0348661
volume_quality=0.0168007
