epsilon_quality=0.138514
volume_quality=0.46785
