epsilon_quality=0.0953854
volume_quality=0.0529737
