epsilon_quality=0.0918882
volume_quality=0.0371161
