epsilon_quality=0.0151384
volume_quality=0.0146432
