epsilon_quality=0.0598848
volume_quality=0.0477211
