epsilon_quality=0.115093
volume_quality=0.0359014
