gpsEpsilon=2.44401e-316
gpsVolume=0
mQualEpsilon=0.0135552
mQualVolume=0.00558741
new_planned_energy=32.2409
