gpsEpsilon=0
gpsVolume=6.95335e-310
mQualEpsilon=-1
mQualVolume=0.00178724
new_planned_energy=88.1489
