gpsEpsilon=1.18576e-321
gpsVolume=3.16202e-322
mQualEpsilon=1.46069
mQualVolume=53.641
new_planned_energy=-1.46069
