gpsEpsilon=1.18576e-321
gpsVolume=3.16202e-322
mQualEpsilon=1.29812
mQualVolume=45.4983
new_planned_energy=-1.29812
