gpsEpsilon=1.18576e-321
gpsVolume=3.16202e-322
mQualEpsilon=1.42521
mQualVolume=53.4961
new_planned_energy=25.1749
