gpsEpsilon=1.18576e-321
gpsVolume=3.16202e-322
mQualEpsilon=0.0794613
mQualVolume=0.0106242
new_planned_energy=29.5578
