gpsEpsilon=0
gpsVolume=6.95335e-310
mQualEpsilon=0.0256188
mQualVolume=0.0456377
new_planned_energy=93.8809
