gpsEpsilon=1.18576e-321
gpsVolume=3.95253e-322
mQualEpsilon=-1
mQualVolume=0.000390843
new_planned_energy=34.8894
