gpsEpsilon=0.196226
gpsVolume=2.42092e-322
mQualEpsilon=0.0301034
mQualVolume=0.00556566
new_planned_energy=47.1891
