gpsEpsilon=19.1534
gpsVolume=125.422
mQualEpsilon=0.0398373
mQualVolume=0.00744537
new_planned_energy=37.0136
