gpsEpsilon=25.6819
gpsVolume=134.211
mQualEpsilon=0.0240456
mQualVolume=0.00775974
new_planned_energy=27.8899
