gpsEpsilon=27.2748
gpsVolume=115.942
mQualEpsilon=0.0427908
mQualVolume=0.00468985
new_planned_energy=19.7401
