gpsEpsilon=27.2748
gpsVolume=115.942
mQualEpsilon=1.23714
mQualVolume=49.2155
new_planned_energy=-1.23714
