gpsEpsilon=3.87545e-316
gpsVolume=0
mQualEpsilon=-1
mQualVolume=0.0402311
new_planned_energy=87.7645
