gpsEpsilon=2.57384e-316
gpsVolume=2.47033e-323
mQualEpsilon=-1
mQualVolume=0.040817
new_planned_energy=94.0702
