gpsEpsilon=10.7334
gpsVolume=1.00063
mQualEpsilon=-1
mQualVolume=0.0202544
new_planned_energy=77.4166
