gpsEpsilon=5.93464e-316
gpsVolume=0
mQualEpsilon=-1
mQualVolume=0.000226272
new_planned_energy=93.2125
