gpsEpsilon=129.698
gpsVolume=95.0133
mQualEpsilon=0.0711244
mQualVolume=0.0184684
new_planned_energy=31.6898
