epsilon_quality=0.0473749
volume_quality=0.0791469
