epsilon_quality=0.0797198
volume_quality=0.0267767
