epsilon_quality=0.0907708
volume_quality=0.115917
