epsilon_quality=0.0182396
volume_quality=0.051182
