epsilon_quality=0.00763231
volume_quality=0.000705447
