epsilon_quality=0.00781415
volume_quality=0.000171187
