epsilon_quality=0.0722118
volume_quality=0.10281
