epsilon_quality=0.245828
volume_quality=0.786326
