epsilon_quality=0.0316303
volume_quality=0.0297812
