epsilon_quality=0.106862
volume_quality=0.0879899
