epsilon_quality=0.117199
volume_quality=0.205708
