gpsEpsilon=70.0522
gpsVolume=71.3049
mQualEpsilon=0.0303544
mQualVolume=0.00363273
new_planned_energy=36.0062
