gpsEpsilon=0
gpsVolume=2.42092e-322
mQualEpsilon=0.0214254
mQualVolume=0.0102441
new_planned_energy=21.1524
