gpsEpsilon=0.589119
gpsVolume=0.240166
mQualEpsilon=0.0198369
mQualVolume=0.00137286
new_planned_energy=69.5754
