gpsEpsilon=0.58294
gpsVolume=0.16201
mQualEpsilon=1.53109
mQualVolume=57.5338
new_planned_energy=52.6434
