gpsEpsilon=83.5299
gpsVolume=115.598
mQualEpsilon=0.0439134
mQualVolume=0.00945942
new_planned_energy=23.6634
