gpsEpsilon=96.4849
gpsVolume=129.147
mQualEpsilon=1.32352
mQualVolume=54.6511
new_planned_energy=-1.32352
