gpsEpsilon=96.4849
gpsVolume=129.147
mQualEpsilon=1.29405
mQualVolume=54.3923
new_planned_energy=-1.29405
