gpsEpsilon=96.4849
gpsVolume=129.147
mQualEpsilon=1.33449
mQualVolume=54.7266
new_planned_energy=-1.33449
