gpsEpsilon=96.4849
gpsVolume=129.147
mQualEpsilon=0.0420081
mQualVolume=0.00396176
new_planned_energy=30.4644
