gpsEpsilon=2.34679e-316
gpsVolume=2.34686e-316
mQualEpsilon=0.0611555
mQualVolume=0.0451413
new_planned_energy=77.5379
