gpsEpsilon=-0.178181
gpsVolume=5.38764
mQualEpsilon=-1
mQualVolume=0.00189792
new_planned_energy=32.458
