gpsEpsilon=0.254519
gpsVolume=1.62454
mQualEpsilon=0.00654213
mQualVolume=0.00257379
new_planned_energy=52.2308
