gpsEpsilon=37.0929
gpsVolume=94.8484
mQualEpsilon=0.066718
mQualVolume=0.0312779
new_planned_energy=66.6466
