gpsEpsilon=0.547565
gpsVolume=-0.0198908
mQualEpsilon=4.16334e-17
mQualVolume=0.0166117
new_planned_energy=45.7406
