gpsEpsilon=2.58828e-316
gpsVolume=6.95335e-310
mQualEpsilon=0.013173
mQualVolume=0.0126008
new_planned_energy=33.3227
