gpsEpsilon=3.70448e-316
gpsVolume=3.70449e-316
mQualEpsilon=0.0207666
mQualVolume=0.0026335
new_planned_energy=41.2649
