gpsEpsilon=0
gpsVolume=2.42092e-322
mQualEpsilon=0.056331
mQualVolume=0.00630899
new_planned_energy=46.7811
