epsilon_quality=0.0137264
volume_quality=0.0174396
