epsilon_quality=0.0299909
volume_quality=0.0345522
