epsilon_quality=0.192895
volume_quality=0.308453
