epsilon_quality=0.0883551
volume_quality=0.136696
