epsilon_quality=0.0890307
volume_quality=0.123251
