epsilon_quality=0.098577
volume_quality=0.0667689
