epsilon_quality=0.0502825
volume_quality=0.0425212
