epsilon_quality=0.088418
volume_quality=0.348423
