epsilon_quality=0.0404765
volume_quality=0.0776305
