epsilon_quality=0.112154
volume_quality=0.0727196
