epsilon_quality=0.137537
volume_quality=0.145796
