epsilon_quality=0.0127014
volume_quality=0.403691
