epsilon_quality=0.00436937
volume_quality=0.072928
