epsilon_quality=0.0211828
volume_quality=0.0548896
