epsilon_quality=0.128452
volume_quality=0.288144
