epsilon_quality=0.144177
volume_quality=0.461761
