epsilon_quality=0.074153
volume_quality=0.14316
