epsilon_quality=0.0420608
volume_quality=0.0407015
