epsilon_quality=0.0616176
volume_quality=0.00801606
