epsilon_quality=0.119925
volume_quality=0.0860305
