epsilon_quality=0.148082
volume_quality=0.113243
