epsilon_quality=0.14796
volume_quality=0.230579
