epsilon_quality=0.016319
volume_quality=0.0124267
