epsilon_quality=0.113923
volume_quality=0.219408
