epsilon_quality=0.0957469
volume_quality=0.0767954
