epsilon_quality=0.16236
volume_quality=0.212753
