epsilon_quality=0.0517641
volume_quality=0.0456999
