epsilon_quality=0.0754795
volume_quality=0.0793239
