epsilon_quality=0.0888741
volume_quality=0.0270162
