epsilon_quality=0.0143009
volume_quality=0.051265
