epsilon_quality=0.0587019
volume_quality=0.0608074
