epsilon_quality=0.0828923
volume_quality=0.0439282
