epsilon_quality=0.159635
volume_quality=0.162633
