epsilon_quality=0.022734
volume_quality=0.0477867
