epsilon_quality=0.0242084
volume_quality=0.0371766
