epsilon_quality=0.279001
volume_quality=0.596831
