epsilon_quality=0.0128921
volume_quality=0.205413
