epsilon_quality=0.026688
volume_quality=0.0197454
