epsilon_quality=0.0455925
volume_quality=0.0409894
