epsilon_quality=0.036728
volume_quality=0.0371409
