epsilon_quality=0.0444413
volume_quality=0.0763626
