epsilon_quality=0.0820497
volume_quality=0.0595146
