epsilon_quality=0.105166
volume_quality=0.0825751
