epsilon_quality=0.0669444
volume_quality=0.0231723
