epsilon_quality=0.110227
volume_quality=0.307152
