epsilon_quality=0.0747091
volume_quality=0.0712889
