epsilon_quality=0.26147
volume_quality=1.12479
