epsilon_quality=0.296271
volume_quality=1.01952
