epsilon_quality=0.163479
volume_quality=0.908143
