epsilon_quality=0.0825668
volume_quality=0.0452529
