epsilon_quality=0.0735078
volume_quality=0.129605
