epsilon_quality=0.0760751
volume_quality=0.0656907
