epsilon_quality=0.0712021
volume_quality=0.0336643
