epsilon_quality=0.0807057
volume_quality=0.0422404
