epsilon_quality=0.14003
volume_quality=0.346925
