epsilon_quality=0.0538266
volume_quality=0.0456738
