epsilon_quality=0.0321602
volume_quality=0.004857
