epsilon_quality=0.193014
volume_quality=4.45959
