epsilon_quality=0.193462
volume_quality=0.500635
