epsilon_quality=0.518009
volume_quality=4.46696
