epsilon_quality=0.121134
volume_quality=0.191412
