epsilon_quality=0.0573819
volume_quality=0.0470572
