epsilon_quality=0.0281315
volume_quality=0.0637007
