epsilon_quality=0.174173
volume_quality=0.496336
