epsilon_quality=0.123808
volume_quality=0.136641
