epsilon_quality=0.120687
volume_quality=0.0934861
