epsilon_quality=0.133489
volume_quality=0.0615037
