epsilon_quality=0.247181
volume_quality=0.450654
