epsilon_quality=0.156271
volume_quality=0.148009
