epsilon_quality=0.100662
volume_quality=0.125265
