epsilon_quality=0.0485253
volume_quality=0.0251758
