epsilon_quality=0.0348484
volume_quality=0.00500731
