epsilon_quality=0.0384286
volume_quality=0.00952959
