epsilon_quality=0.125041
volume_quality=0.145893
