epsilon_quality=0.0449959
volume_quality=0.0651876
