epsilon_quality=0.0851952
volume_quality=0.318221
