epsilon_quality=0.00283985
volume_quality=0.0460531
