epsilon_quality=0.0451685
volume_quality=0.108225
