epsilon_quality=0.130846
volume_quality=0.527043
