epsilon_quality=0.136289
volume_quality=0.414106
