epsilon_quality=0.0965205
volume_quality=0.125549
