epsilon_quality=0.0219902
volume_quality=0.0158534
