epsilon_quality=0.0151224
volume_quality=0.0127343
