epsilon_quality=0.104201
volume_quality=0.870291
