epsilon_quality=0.113933
volume_quality=0.186179
