epsilon_quality=0.0740836
volume_quality=0.307861
