epsilon_quality=0.0374623
volume_quality=0.244577
