epsilon_quality=0.343914
volume_quality=2.20203
