epsilon_quality=0.189644
volume_quality=1.02382
