epsilon_quality=0.256553
volume_quality=1.37999
