epsilon_quality=0.094705
volume_quality=0.0957008
