epsilon_quality=0.049045
volume_quality=0.310426
