epsilon_quality=0.0669751
volume_quality=0.334287
