epsilon_quality=0.204519
volume_quality=0.198991
