epsilon_quality=0.157263
volume_quality=0.380211
