epsilon_quality=0.194806
volume_quality=0.278191
