epsilon_quality=0.243943
volume_quality=0.349481
