epsilon_quality=0.13166
volume_quality=0.329137
