epsilon_quality=0.00430483
volume_quality=0.104076
