epsilon_quality=0.289936
volume_quality=1.06518
