epsilon_quality=0.0131718
volume_quality=0.00313623
