epsilon_quality=0.353383
volume_quality=1.28814
