epsilon_quality=0.0669073
volume_quality=0.142196
