epsilon_quality=0.143661
volume_quality=0.252348
