epsilon_quality=0.0112972
volume_quality=0.0357307
