epsilon_quality=0.107106
volume_quality=0.0858654
