epsilon_quality=0.122569
volume_quality=0.0754034
