epsilon_quality=0.0916513
volume_quality=0.0513628
