epsilon_quality=0.0248915
volume_quality=0.0502093
