epsilon_quality=0.00142695
volume_quality=0.000741257
