epsilon_quality=0.0192152
volume_quality=0.00488285
