epsilon_quality=0.0428885
volume_quality=0.0199115
