gpsEpsilon=247.649
gpsVolume=105.894
mQualEpsilon=0.00724364
mQualVolume=0.0078809
new_planned_energy=38.6804
