gpsEpsilon=247.649
gpsVolume=103.4
mQualEpsilon=0.0438928
mQualVolume=0.00351388
new_planned_energy=93.8336
