gpsEpsilon=170.397
gpsVolume=108.97
mQualEpsilon=1.72853
mQualVolume=57.9852
new_planned_energy=-1.72853
