gpsEpsilon=1.08032e-315
gpsVolume=0.0447322
mQualEpsilon=-1
mQualVolume=0.00700855
new_planned_energy=52.8621
