gpsEpsilon=7.52254e-316
gpsVolume=0
mQualEpsilon=0.0679216
mQualVolume=0.0196961
new_planned_energy=44.8615
