gpsEpsilon=8.94141e-316
gpsVolume=0
mQualEpsilon=0.0694791
mQualVolume=0.00421939
new_planned_energy=71.8499
