gpsEpsilon=5.88722e-316
gpsVolume=0
mQualEpsilon=-1
mQualVolume=0.00888006
new_planned_energy=70.2442
