gpsEpsilon=7.61478e-316
gpsVolume=2.47033e-323
mQualEpsilon=-1
mQualVolume=0.00298601
new_planned_energy=31.6834
