gpsEpsilon=1.18576e-321
gpsVolume=3.95253e-322
mQualEpsilon=0.033504
mQualVolume=0.00320716
new_planned_energy=63.2496
