epsilon_quality=0.0315562
volume_quality=0.0508524
