epsilon_quality=0.0497542
volume_quality=0.0192678
