epsilon_quality=0.0513901
volume_quality=0.0243622
