epsilon_quality=0.135513
volume_quality=0.175813
