epsilon_quality=0.189212
volume_quality=0.481949
