epsilon_quality=0.0856472
volume_quality=0.110726
