epsilon_quality=0.0557649
volume_quality=0.447181
