epsilon_quality=0.0411787
volume_quality=0.00938348
