epsilon_quality=0.0391268
volume_quality=0.0137338
