gpsEpsilon=1.2184e-315
gpsVolume=6.19376e-316
mQualEpsilon=0.006407
mQualVolume=0.00170738
new_planned_energy=42.0834
