gpsEpsilon=1.18576e-321
gpsVolume=3.16202e-322
mQualEpsilon=0.0169095
mQualVolume=0.00528044
new_planned_energy=81.8275
