gpsEpsilon=-2.9676
gpsVolume=0.220057
mQualEpsilon=0.0671234
mQualVolume=0.00724309
new_planned_energy=17.5291
