gpsEpsilon=-2.9676
gpsVolume=0.220057
mQualEpsilon=1.75335
mQualVolume=55.9408
new_planned_energy=-1.75335
