gpsEpsilon=-2.9676
gpsVolume=0.220057
mQualEpsilon=1.73054
mQualVolume=55.962
new_planned_energy=-1.73054
