gpsEpsilon=-2.9676
gpsVolume=0.220057
mQualEpsilon=1.75638
mQualVolume=55.7652
new_planned_energy=-1.75638
