gpsEpsilon=-2.9676
gpsVolume=0.220057
mQualEpsilon=1.80331
mQualVolume=55.1219
new_planned_energy=-1.80331
