gpsEpsilon=0
gpsVolume=0
mQualEpsilon=0.0420051
mQualVolume=0.0364221
new_planned_energy=47.7755
