gpsEpsilon=39.5666
gpsVolume=66.3986
mQualEpsilon=0.0216519
mQualVolume=0.00835211
new_planned_energy=51.095
