gpsEpsilon=1.37702e-315
gpsVolume=0
mQualEpsilon=0.0341457
mQualVolume=0.00334319
new_planned_energy=48.0923
