gpsEpsilon=8.30068e-316
gpsVolume=0
mQualEpsilon=-1
mQualVolume=0.000660029
new_planned_energy=29.7304
