gpsEpsilon=1.19957e-315
gpsVolume=0
mQualEpsilon=-1
mQualVolume=0.00103806
new_planned_energy=57.8056
