gpsEpsilon=1.39328e-315
gpsVolume=0
mQualEpsilon=-1
mQualVolume=0.000923785
new_planned_energy=83.7962
