gpsEpsilon=9.35258e-316
gpsVolume=0
mQualEpsilon=0.0326407
mQualVolume=0.00644362
new_planned_energy=45.4618
