gpsEpsilon=5.80387e-316
gpsVolume=0
mQualEpsilon=-1
mQualVolume=0.0041655
new_planned_energy=99.7739
