gpsEpsilon=8.9007e-308
gpsVolume=9.45701e-308
mQualEpsilon=1.70525
mQualVolume=53.6845
new_planned_energy=-1.70525
