epsilon_quality=0.0805088
volume_quality=0.0396984
