epsilon_quality=0.0990905
volume_quality=0.12371
