epsilon_quality=0.0776577
volume_quality=0.507166
