epsilon_quality=0.115761
volume_quality=0.18384
