epsilon_quality=0.208805
volume_quality=0.940096
