epsilon_quality=0.0636719
volume_quality=0.0102079
