epsilon_quality=0.0217087
volume_quality=0.0319313
