epsilon_quality=0.0167087
volume_quality=0.00793149
