epsilon_quality=0.0364553
volume_quality=0.0301533
