epsilon_quality=0.0215264
volume_quality=0.172672
