epsilon_quality=0.151172
volume_quality=0.174825
