epsilon_quality=0.0188186
volume_quality=0.0402377
