epsilon_quality=0.182247
volume_quality=0.506031
