epsilon_quality=0.121776
volume_quality=0.143373
