epsilon_quality=0.123866
volume_quality=0.243259
