epsilon_quality=0.106488
volume_quality=0.0873859
