epsilon_quality=0.142696
volume_quality=0.142761
