epsilon_quality=0.0780028
volume_quality=0.0201153
