epsilon_quality=0.00647235
volume_quality=0.0800474
