epsilon_quality=0.0681335
volume_quality=0.0467611
