gpsEpsilon=15.3849
gpsVolume=168.708
mQualEpsilon=0.0661681
mQualVolume=0.0104257
new_planned_energy=20.9354
