gpsEpsilon=89.3829
gpsVolume=215.719
mQualEpsilon=0.0705566
mQualVolume=0.00487847
new_planned_energy=25.3243
