gpsEpsilon=63.5513
gpsVolume=198.527
mQualEpsilon=0.00656634
mQualVolume=0.00543498
new_planned_energy=38.8473
