gpsEpsilon=21.5144
gpsVolume=174.672
mQualEpsilon=0.0456083
mQualVolume=0.0196927
new_planned_energy=34.8914
