gpsEpsilon=30.1475
gpsVolume=165.727
mQualEpsilon=0.106974
mQualVolume=0.0256589
new_planned_energy=27.0974
