gpsEpsilon=9.38002
gpsVolume=135.908
mQualEpsilon=0.102551
mQualVolume=0.0124992
new_planned_energy=25.0395
