epsilon_quality=0.191795
volume_quality=0.748659
