epsilon_quality=0.0983709
volume_quality=0.0499661
