epsilon_quality=0.0423707
volume_quality=0.0390454
