epsilon_quality=0.0558814
volume_quality=0.081278
