epsilon_quality=0.0558165
volume_quality=0.0345227
