epsilon_quality=0.0815525
volume_quality=0.0234406
