epsilon_quality=0.00795828
volume_quality=0.0216295
