epsilon_quality=0.0118194
volume_quality=0.116894
