epsilon_quality=3.33934e-17
volume_quality=0.0338846
