epsilon_quality=0.00882562
volume_quality=0.0228484
