epsilon_quality=0.0266205
volume_quality=0.108586
