epsilon_quality=0.00335275
volume_quality=0.0138954
