epsilon_quality=0.0691097
volume_quality=0.136001
