epsilon_quality=0.0528644
volume_quality=0.155706
