epsilon_quality=0.0988763
volume_quality=0.0460955
