epsilon_quality=0.12325
volume_quality=0.108391
