epsilon_quality=0.0867159
volume_quality=0.116681
