epsilon_quality=0.105384
volume_quality=0.065926
