epsilon_quality=0.0689955
volume_quality=0.036309
