epsilon_quality=0.131267
volume_quality=0.296582
