epsilon_quality=0.00826896
volume_quality=0.0067211
