epsilon_quality=0.0430707
volume_quality=0.0225284
