epsilon_quality=0.0195427
volume_quality=0.35368
