epsilon_quality=0.0134098
volume_quality=0.0857284
