epsilon_quality=0.0286106
volume_quality=0.0021383
