epsilon_quality=0.00632
volume_quality=0.0052848
