epsilon_quality=0.024327
volume_quality=0.0717756
