epsilon_quality=0.132632
volume_quality=0.294514
