epsilon_quality=0.0754572
volume_quality=0.0350633
