epsilon_quality=0.079815
volume_quality=0.0395778
