epsilon_quality=0.184205
volume_quality=0.152948
