epsilon_quality=0.136909
volume_quality=0.110093
