epsilon_quality=0.173327
volume_quality=0.372254
