epsilon_quality=0.227432
volume_quality=0.619303
