epsilon_quality=0.130088
volume_quality=0.526685
