epsilon_quality=0.152078
volume_quality=0.16014
