epsilon_quality=0.172317
volume_quality=0.286921
