epsilon_quality=0.0558217
volume_quality=0.136003
