epsilon_quality=0.160322
volume_quality=0.314616
