epsilon_quality=0.176083
volume_quality=0.746691
