epsilon_quality=0.108481
volume_quality=0.0974628
