epsilon_quality=0.0558795
volume_quality=0.0486417
