epsilon_quality=0.0514495
volume_quality=0.0362307
