epsilon_quality=0.0782317
volume_quality=0.054794
