epsilon_quality=0.0951473
volume_quality=0.122729
