epsilon_quality=0.106356
volume_quality=0.139343
