epsilon_quality=0.093906
volume_quality=0.245187
