epsilon_quality=0.0069242
volume_quality=0.0202015
