epsilon_quality=0.229722
volume_quality=0.844453
