epsilon_quality=0.0508929
volume_quality=0.0155464
