epsilon_quality=0.0750114
volume_quality=0.148845
