epsilon_quality=0.359573
volume_quality=3.54667
