epsilon_quality=0.0394744
volume_quality=0.0675105
