epsilon_quality=0.0679013
volume_quality=0.0357267
