gpsEpsilon=90.7052
gpsVolume=89.9165
mQualEpsilon=0.0138897
mQualVolume=0.00267139
new_planned_energy=68.2539
