gpsEpsilon=93.7189
gpsVolume=89.4123
mQualEpsilon=0.0471543
mQualVolume=0.00644073
new_planned_energy=54.961
