gpsEpsilon=94.3148
gpsVolume=114.432
mQualEpsilon=0.00337286
mQualVolume=0.000981147
new_planned_energy=58.6315
