gpsEpsilon=88.6892
gpsVolume=88.8688
mQualEpsilon=0.00951774
mQualVolume=0.00311213
new_planned_energy=67.3156
