gpsEpsilon=93.5728
gpsVolume=87.2942
mQualEpsilon=0.0346742
mQualVolume=0.0073684
new_planned_energy=54.2779
