gpsEpsilon=92.6107
gpsVolume=90.3506
mQualEpsilon=0.0658578
mQualVolume=0.006372
new_planned_energy=60.2628
