gpsEpsilon=0.0250882
gpsVolume=0.235322
mQualEpsilon=0.0597543
mQualVolume=0.00286932
new_planned_energy=55.7251
