gpsEpsilon=0.0450075
gpsVolume=2.42092e-322
mQualEpsilon=-1
mQualVolume=0.000783719
new_planned_energy=70.8902
