gpsEpsilon=0.0250882
gpsVolume=0.235322
mQualEpsilon=0.0832184
mQualVolume=0.0166373
new_planned_energy=44.0935
