gpsEpsilon=6.30984e-316
gpsVolume=6.31142e-316
mQualEpsilon=-1
mQualVolume=0.00467658
new_planned_energy=58.1012
