gpsEpsilon=0
gpsVolume=0.0078125
mQualEpsilon=0.0355567
mQualVolume=0.00263649
new_planned_energy=61.5532
