gpsEpsilon=88.1494
gpsVolume=88.3874
mQualEpsilon=0.0264325
mQualVolume=0.00436079
new_planned_energy=59.9411
