gpsEpsilon=91.2736
gpsVolume=82.2343
mQualEpsilon=0.0746729
mQualVolume=0.0117671
new_planned_energy=57.009
