gpsEpsilon=96.7539
gpsVolume=88.0209
mQualEpsilon=0.0925555
mQualVolume=0.0110295
new_planned_energy=59.4652
