gpsEpsilon=100.74
gpsVolume=74.1586
mQualEpsilon=0.136817
mQualVolume=0.021698
new_planned_energy=50.7702
