epsilon_quality=0.0534538
volume_quality=0.0479013
