epsilon_quality=0.0287408
volume_quality=0.0371876
