epsilon_quality=0.0870242
volume_quality=0.254982
