epsilon_quality=0.0424102
volume_quality=0.243795
