epsilon_quality=0.0605156
volume_quality=0.0448731
