epsilon_quality=0.183023
volume_quality=0.539089
