epsilon_quality=0.0609357
volume_quality=0.0689746
