epsilon_quality=0.0425973
volume_quality=0.0403768
