epsilon_quality=0.028245
volume_quality=0.0222566
