epsilon_quality=0.02134
volume_quality=0.0157478
