epsilon_quality=0.0213046
volume_quality=0.0398616
