epsilon_quality=0.0555894
volume_quality=0.0544258
