epsilon_quality=0.0890655
volume_quality=0.520705
