epsilon_quality=0.074915
volume_quality=0.0215649
