epsilon_quality=0.103912
volume_quality=0.0473695
