epsilon_quality=0.0638859
volume_quality=0.167696
