epsilon_quality=0.0197712
volume_quality=0.0173232
