epsilon_quality=0.122209
volume_quality=0.165413
