epsilon_quality=0.121922
volume_quality=0.210715
