epsilon_quality=0.106714
volume_quality=0.072457
