epsilon_quality=0.144218
volume_quality=0.119548
