epsilon_quality=0.0379495
volume_quality=0.00274072
