epsilon_quality=0.019461
volume_quality=0.0215541
