epsilon_quality=0.0452685
volume_quality=0.00844433
