epsilon_quality=0.0163253
volume_quality=0.0275656
