epsilon_quality=0.0865263
volume_quality=0.118034
