epsilon_quality=0.138691
volume_quality=0.307067
