epsilon_quality=0.132829
volume_quality=0.157213
