epsilon_quality=0.0212774
volume_quality=0.250259
