epsilon_quality=0.0276598
volume_quality=0.0762363
