epsilon_quality=0.0239211
volume_quality=0.00419884
