epsilon_quality=0.00460551
volume_quality=0.282349
