epsilon_quality=0.0121008
volume_quality=0.00615959
