epsilon_quality=0.128655
volume_quality=0.174611
