epsilon_quality=0.10979
volume_quality=0.0810524
