epsilon_quality=0.0402143
volume_quality=0.00284412
