epsilon_quality=0.104748
volume_quality=0.101591
