epsilon_quality=0.174633
volume_quality=0.379843
