epsilon_quality=0.0126582
volume_quality=0.0125315
