epsilon_quality=0.0103714
volume_quality=0.0322004
