epsilon_quality=0.0416788
volume_quality=0.0379602
