epsilon_quality=0.0345245
volume_quality=0.016572
