epsilon_quality=0.0509012
volume_quality=0.0422141
