epsilon_quality=0.0108205
volume_quality=0.00294766
