epsilon_quality=0.0592499
volume_quality=0.023665
