epsilon_quality=0.0318054
volume_quality=0.0159201
