epsilon_quality=0.0178395
volume_quality=0.0445625
