epsilon_quality=0.0419098
volume_quality=0.0566463
