epsilon_quality=0.0772116
volume_quality=0.100185
