epsilon_quality=0.126091
volume_quality=0.211287
