epsilon_quality=0.0299277
volume_quality=0.0188135
