epsilon_quality=0.0997521
volume_quality=0.0288211
