epsilon_quality=0.0715682
volume_quality=0.0280775
