gpsEpsilon=2.2206e-316
gpsVolume=0.0475274
mQualEpsilon=0.035634
mQualVolume=0.0601768
new_planned_energy=98.1109
