gpsEpsilon=78.0489
gpsVolume=68.5858
mQualEpsilon=0.0286527
mQualVolume=0.00438316
new_planned_energy=50.3902
