gpsEpsilon=65.1144
gpsVolume=21.2913
mQualEpsilon=0.102634
mQualVolume=0.0512256
new_planned_energy=34.6446
