gpsEpsilon=39.0241
gpsVolume=217.119
mQualEpsilon=0.125144
mQualVolume=0.0374783
new_planned_energy=74.8047
