gpsEpsilon=30.9192
gpsVolume=246.529
mQualEpsilon=0.00046525
mQualVolume=0.00334587
new_planned_energy=55.7027
