gpsEpsilon=29.1404
gpsVolume=198.036
mQualEpsilon=0.0283408
mQualVolume=0.00516559
new_planned_energy=47.772
