epsilon_quality=0.116567
volume_quality=0.124054
