epsilon_quality=0.0377156
volume_quality=0.449046
