epsilon_quality=0.0544091
volume_quality=0.0472262
