epsilon_quality=0.0478059
volume_quality=0.475832
