epsilon_quality=0.0795428
volume_quality=0.0229946
