epsilon_quality=0.052236
volume_quality=0.173451
