epsilon_quality=0.0521485
volume_quality=0.0285124
