epsilon_quality=0.0433042
volume_quality=0.0986969
