epsilon_quality=0.158944
volume_quality=0.180235
