epsilon_quality=0.31898
volume_quality=0.936939
