epsilon_quality=0.454532
volume_quality=3.62261
