epsilon_quality=0.0306204
volume_quality=0.00363086
