epsilon_quality=0.0493216
volume_quality=0.0502461
