epsilon_quality=0.0616963
volume_quality=0.0600226
