epsilon_quality=0.0646706
volume_quality=0.0169402
