epsilon_quality=0.128036
volume_quality=0.130271
