epsilon_quality=0.0373472
volume_quality=0.00779326
