epsilon_quality=0.0384596
volume_quality=0.0681366
