epsilon_quality=0.103837
volume_quality=0.0460256
