epsilon_quality=0.125894
volume_quality=0.294901
