epsilon_quality=0.0202893
volume_quality=0.0232115
