epsilon_quality=0.0423421
volume_quality=0.123559
