epsilon_quality=0.0471597
volume_quality=0.00959793
