epsilon_quality=0.177698
volume_quality=0.174846
