epsilon_quality=0.0104443
volume_quality=0.116843
