epsilon_quality=0.157168
volume_quality=0.159953
