epsilon_quality=0.0517639
volume_quality=0.275963
