epsilon_quality=0.0657361
volume_quality=0.188855
