epsilon_quality=0.0817352
volume_quality=0.140862
