epsilon_quality=0.110951
volume_quality=0.200796
