epsilon_quality=0.113067
volume_quality=0.249944
