epsilon_quality=0.187229
volume_quality=0.537833
