epsilon_quality=0.142935
volume_quality=0.677623
