epsilon_quality=0.0692567
volume_quality=0.102991
