epsilon_quality=0.107842
volume_quality=0.0528665
