gpsEpsilon=-0.838976
gpsVolume=8.62187
mQualEpsilon=0.0804873
mQualVolume=0.0042827
new_planned_energy=25.9905
