gpsEpsilon=0.0403077
gpsVolume=8.86906
mQualEpsilon=0.00144299
mQualVolume=0.0115641
new_planned_energy=48.5958
