gpsEpsilon=-0.354053
gpsVolume=5.46669
mQualEpsilon=1.24135
mQualVolume=42.9517
new_planned_energy=-1.24135
