gpsEpsilon=-0.354053
gpsVolume=5.46669
mQualEpsilon=1.89165
mQualVolume=56.9035
new_planned_energy=15.6949
