gpsEpsilon=-0.354053
gpsVolume=5.46669
mQualEpsilon=1.25441
mQualVolume=42.8733
new_planned_energy=-1.25441
