gpsEpsilon=128.137
gpsVolume=131.618
mQualEpsilon=0.0374425
mQualVolume=0.00154192
new_planned_energy=42.7158
