gpsEpsilon=2.122e-314
gpsVolume=2.17144e-316
mQualEpsilon=0.0162918
mQualVolume=0.00274484
new_planned_energy=42.9749
