gpsEpsilon=131.992
gpsVolume=111.964
mQualEpsilon=0.0271266
mQualVolume=0.00539012
new_planned_energy=69.8127
