gpsEpsilon=-0.159063
gpsVolume=6.92784
mQualEpsilon=0.0401061
mQualVolume=0.0235114
new_planned_energy=22.7089
