gpsEpsilon=8.90068e-308
gpsVolume=1.05695e-307
mQualEpsilon=-1
mQualVolume=0.00398863
new_planned_energy=58.1128
