gpsEpsilon=-0.0728371
gpsVolume=29.0322
mQualEpsilon=-1
mQualVolume=0.00320179
new_planned_energy=60.3367
