gpsEpsilon=-0.0728371
gpsVolume=29.0322
mQualEpsilon=1.33899
mQualVolume=37.8869
new_planned_energy=49.8866
