gpsEpsilon=-0.0475962
gpsVolume=0.805847
mQualEpsilon=-1
mQualVolume=0.00034757
new_planned_energy=76.667
