gpsEpsilon=0
gpsVolume=0
mQualEpsilon=0.00270422
mQualVolume=0.0102222
new_planned_energy=57.0024
