gpsEpsilon=-0.0443922
gpsVolume=1.00353
mQualEpsilon=-1
mQualVolume=0.0123284
new_planned_energy=31.3412
