epsilon_quality=0.11764
volume_quality=0.250688
