epsilon_quality=0.131001
volume_quality=0.201613
