epsilon_quality=0.0487911
volume_quality=0.0885005
