epsilon_quality=0.108341
volume_quality=0.260513
