epsilon_quality=0.10435
volume_quality=0.0328993
