epsilon_quality=0.191607
volume_quality=0.250413
