epsilon_quality=0.108857
volume_quality=0.150158
