epsilon_quality=0.0490772
volume_quality=0.0371127
