epsilon_quality=0.0196547
volume_quality=0.0648503
