epsilon_quality=0.062063
volume_quality=0.040632
