epsilon_quality=0.101963
volume_quality=0.0940091
