epsilon_quality=0.00564081
volume_quality=0.063592
