epsilon_quality=0.10306
volume_quality=0.0295653
