epsilon_quality=0.079846
volume_quality=0.0364288
