epsilon_quality=0.0604386
volume_quality=0.254755
