epsilon_quality=0.0830727
volume_quality=0.0366054
