epsilon_quality=0.207975
volume_quality=0.633003
