epsilon_quality=0.114668
volume_quality=0.098999
