epsilon_quality=0.00812317
volume_quality=0.00877997
