epsilon_quality=0.0818575
volume_quality=0.079824
