epsilon_quality=0.0972703
volume_quality=0.148394
