epsilon_quality=0.00748053
volume_quality=0.00715387
