epsilon_quality=0.00388942
volume_quality=0.0002996
