epsilon_quality=0.0214626
volume_quality=0.0100991
