epsilon_quality=0.0966561
volume_quality=0.101421
