epsilon_quality=0.231404
volume_quality=0.503899
