epsilon_quality=0.155618
volume_quality=0.97698
