epsilon_quality=0.0999474
volume_quality=0.341124
