epsilon_quality=0.0624227
volume_quality=0.107325
