epsilon_quality=0.0624482
volume_quality=0.0427969
