epsilon_quality=0.102145
volume_quality=0.106755
