epsilon_quality=0.13561
volume_quality=0.0635451
