epsilon_quality=0.0828073
volume_quality=0.064167
