epsilon_quality=0.0647884
volume_quality=0.175898
