epsilon_quality=0.0417034
volume_quality=0.025023
