epsilon_quality=0.0467163
volume_quality=0.092819
