epsilon_quality=0.0645974
volume_quality=0.0831404
