epsilon_quality=0.123875
volume_quality=0.29336
