epsilon_quality=0.0560772
volume_quality=0.127713
