epsilon_quality=0.0892908
volume_quality=0.0857449
