epsilon_quality=0.0973388
volume_quality=0.0917689
