epsilon_quality=0.0277732
volume_quality=0.0210675
