epsilon_quality=0.01747
volume_quality=0.22327
