epsilon_quality=0.0517638
volume_quality=0.0150687
