epsilon_quality=0.0249355
volume_quality=0.00583154
