epsilon_quality=0.0658582
volume_quality=0.455339
