epsilon_quality=0.0407462
volume_quality=0.025535
