epsilon_quality=0.0817124
volume_quality=0.524739
