epsilon_quality=0.0704413
volume_quality=0.280085
