epsilon_quality=0.0773315
volume_quality=0.327326
