epsilon_quality=0.091997
volume_quality=0.835258
