epsilon_quality=0.14955
volume_quality=0.270827
