epsilon_quality=0.104017
volume_quality=0.312358
