epsilon_quality=0.137285
volume_quality=0.176946
