epsilon_quality=0.0870987
volume_quality=0.0373285
