epsilon_quality=0.108226
volume_quality=0.251966
