epsilon_quality=0.0180091
volume_quality=0.032476
