epsilon_quality=0.114284
volume_quality=0.134022
