epsilon_quality=0.0756707
volume_quality=0.0868723
