epsilon_quality=0.0131486
volume_quality=0.00280044
