epsilon_quality=0.148323
volume_quality=0.540424
