epsilon_quality=0.116052
volume_quality=0.0857308
