epsilon_quality=0.0560477
volume_quality=0.0929947
