gpsEpsilon=81.5165
gpsVolume=129.805
mQualEpsilon=0.0264561
mQualVolume=0.00403101
new_planned_energy=19.475
