gpsEpsilon=125.803
gpsVolume=116.092
mQualEpsilon=1.43652
mQualVolume=52.0438
new_planned_energy=-1.43652
