gpsEpsilon=125.803
gpsVolume=116.092
mQualEpsilon=1.22723
mQualVolume=50.8932
new_planned_energy=-1.22723
