gpsEpsilon=125.803
gpsVolume=116.092
mQualEpsilon=1.21664
mQualVolume=50.8586
new_planned_energy=-1.21664
