gpsEpsilon=111.557
gpsVolume=233.945
mQualEpsilon=0.0539272
mQualVolume=0.0103973
new_planned_energy=20.3975
