gpsEpsilon=94.5535
gpsVolume=96.268
mQualEpsilon=1.93682
mQualVolume=58.3025
new_planned_energy=-1.93682
