gpsEpsilon=1.27231e-315
gpsVolume=1.8666e-315
mQualEpsilon=0.00474412
mQualVolume=0.021885
new_planned_energy=65.6314
