gpsEpsilon=112.866
gpsVolume=121.903
mQualEpsilon=1.75793
mQualVolume=58.2465
new_planned_energy=-1.75793
