gpsEpsilon=112.866
gpsVolume=121.903
mQualEpsilon=1.74234
mQualVolume=58.113
new_planned_energy=-1.74234
