gpsEpsilon=112.866
gpsVolume=121.903
mQualEpsilon=1.74166
mQualVolume=58.2728
new_planned_energy=-1.74166
