gpsEpsilon=112.866
gpsVolume=121.903
mQualEpsilon=1.69155
mQualVolume=58.1841
new_planned_energy=-1.69155
