gpsEpsilon=112.866
gpsVolume=121.903
mQualEpsilon=1.74473
mQualVolume=58.3956
new_planned_energy=-1.74473
