gpsEpsilon=112.866
gpsVolume=121.903
mQualEpsilon=1.72365
mQualVolume=58.533
new_planned_energy=-1.72365
