gpsEpsilon=103.312
gpsVolume=63.627
mQualEpsilon=0.0456233
mQualVolume=0.00344258
new_planned_energy=41.0871
