gpsEpsilon=103.312
gpsVolume=51.9219
mQualEpsilon=0.0308818
mQualVolume=0.0092469
new_planned_energy=20.0746
