gpsEpsilon=106.187
gpsVolume=41.7558
mQualEpsilon=0.00845841
mQualVolume=0.00953022
new_planned_energy=35.8111
