gpsEpsilon=107.376
gpsVolume=55.2239
mQualEpsilon=0.0370695
mQualVolume=0.0152778
new_planned_energy=46.8422
