gpsEpsilon=99.3778
gpsVolume=131.69
mQualEpsilon=1.65917
mQualVolume=56.4155
new_planned_energy=-1.65917
