gpsEpsilon=99.3778
gpsVolume=131.69
mQualEpsilon=1.63664
mQualVolume=55.719
new_planned_energy=-1.63664
