gpsEpsilon=99.3778
gpsVolume=131.69
mQualEpsilon=1.68111
mQualVolume=56.3939
new_planned_energy=-1.68111
