gpsEpsilon=99.3778
gpsVolume=131.69
mQualEpsilon=0.0506518
mQualVolume=0.00467712
new_planned_energy=16.3961
