gpsEpsilon=99.3778
gpsVolume=131.69
mQualEpsilon=1.66471
mQualVolume=56.0967
new_planned_energy=-1.66471
