epsilon_quality=0.0304951
volume_quality=0.0394658
