epsilon_quality=0.0228225
volume_quality=0.0128293
