epsilon_quality=0.0237517
volume_quality=0.0148287
