epsilon_quality=0.0977601
volume_quality=0.0614855
