epsilon_quality=0.0391554
volume_quality=0.00386408
