epsilon_quality=0.047368
volume_quality=0.00665796
