epsilon_quality=0.0332026
volume_quality=0.00305652
