epsilon_quality=0.0462272
volume_quality=0.00195811
