epsilon_quality=0.00656591
volume_quality=0.00268029
