epsilon_quality=0.265959
volume_quality=0.743777
