epsilon_quality=0.0357085
volume_quality=0.0285823
