epsilon_quality=0.131321
volume_quality=0.606637
