epsilon_quality=0.03879
volume_quality=0.0757563
