epsilon_quality=0.100111
volume_quality=0.376652
