epsilon_quality=0.168331
volume_quality=0.459751
