epsilon_quality=0.00823015
volume_quality=0.00192433
