epsilon_quality=0.0436391
volume_quality=0.00499654
