epsilon_quality=0.0440421
volume_quality=0.00454827
