epsilon_quality=0.19352
volume_quality=0.523647
