epsilon_quality=0.183551
volume_quality=0.589725
