gpsEpsilon=246.007
gpsVolume=72.501
mQualEpsilon=0.0203104
mQualVolume=0.00185928
new_planned_energy=46.9611
