gpsEpsilon=230.195
gpsVolume=75.5254
mQualEpsilon=0.00739675
mQualVolume=0.000794917
new_planned_energy=56.1469
