gpsEpsilon=236.228
gpsVolume=74.896
mQualEpsilon=0.0629387
mQualVolume=0.0122668
new_planned_energy=45.9024
