gpsEpsilon=30.764
gpsVolume=163.644
mQualEpsilon=0.05008
mQualVolume=0.00685462
new_planned_energy=24.9479
