gpsEpsilon=1.21866e-315
gpsVolume=0
mQualEpsilon=0.0378476
mQualVolume=0.00880118
new_planned_energy=32.0252
