gpsEpsilon=1.38525e-315
gpsVolume=0
mQualEpsilon=-1
mQualVolume=0.00149836
new_planned_energy=32.162
