gpsEpsilon=0
gpsVolume=0
mQualEpsilon=0.0156936
mQualVolume=0.00430881
new_planned_energy=71.9816
