gpsEpsilon=9.37498e-316
gpsVolume=1.34601e-315
mQualEpsilon=0.00270724
mQualVolume=0.00621909
new_planned_energy=53.228
