gpsEpsilon=9.07142e-316
gpsVolume=8.30176e-316
mQualEpsilon=-1
mQualVolume=0.000307935
new_planned_energy=55.1292
