gpsEpsilon=194.655
gpsVolume=123.484
mQualEpsilon=0.00869213
mQualVolume=0.00506888
new_planned_energy=11.6244
