gpsEpsilon=167.882
gpsVolume=79.8546
mQualEpsilon=0.00614941
mQualVolume=0.000264382
new_planned_energy=47.3929
