gpsEpsilon=167.882
gpsVolume=79.8546
mQualEpsilon=0.0188092
mQualVolume=0.000871999
new_planned_energy=84.2338
