gpsEpsilon=170.139
gpsVolume=56.7654
mQualEpsilon=0.846529
mQualVolume=43.6656
new_planned_energy=-0.846529
