gpsEpsilon=170.139
gpsVolume=56.7654
mQualEpsilon=0.882209
mQualVolume=44.5854
new_planned_energy=-0.882209
