gpsEpsilon=170.139
gpsVolume=56.7654
mQualEpsilon=0.0196333
mQualVolume=0.000535515
new_planned_energy=18.7928
