epsilon_quality=0.102243
volume_quality=0.221956
