epsilon_quality=0.125111
volume_quality=0.571959
