epsilon_quality=0.0967426
volume_quality=0.32353
