epsilon_quality=0.0625048
volume_quality=0.114252
