epsilon_quality=0.0613548
volume_quality=0.0284392
