epsilon_quality=0.0531003
volume_quality=0.0169695
