epsilon_quality=0.0154514
volume_quality=0.125653
