epsilon_quality=0.140556
volume_quality=0.316759
