epsilon_quality=0.0802718
volume_quality=0.0740159
