epsilon_quality=0.10947
volume_quality=0.64524
