epsilon_quality=0.164735
volume_quality=0.386171
