epsilon_quality=0.073504
volume_quality=0.120669
