epsilon_quality=0.031923
volume_quality=0.0105679
