epsilon_quality=0.175227
volume_quality=0.340421
