epsilon_quality=0.146881
volume_quality=0.265339
