epsilon_quality=0.0466714
volume_quality=0.0362278
