epsilon_quality=0.0849032
volume_quality=0.274995
