epsilon_quality=0.0905505
volume_quality=0.0827903
