epsilon_quality=0.0917276
volume_quality=0.0759689
