epsilon_quality=0.0659408
volume_quality=0.0530575
