epsilon_quality=0.128157
volume_quality=0.402364
