epsilon_quality=0.167715
volume_quality=0.840127
