epsilon_quality=0.101478
volume_quality=0.0897208
