epsilon_quality=0.148961
volume_quality=0.0753295
