epsilon_quality=0.207894
volume_quality=0.496407
