epsilon_quality=0.0148109
volume_quality=0.0227297
