epsilon_quality=0.0041387
volume_quality=0.00488149
