epsilon_quality=0.107207
volume_quality=0.0413625
