epsilon_quality=0.0404483
volume_quality=0.00900356
