epsilon_quality=0.0295813
volume_quality=0.00774212
