epsilon_quality=0.0324698
volume_quality=0.00528653
