gpsEpsilon=8.76436e-316
gpsVolume=0
mQualEpsilon=0.0144911
mQualVolume=0.000157356
new_planned_energy=116.909
