gpsEpsilon=0
gpsVolume=2.42092e-322
mQualEpsilon=0.0196099
mQualVolume=0.00868228
new_planned_energy=64.2075
