gpsEpsilon=2.27442e-316
gpsVolume=0
mQualEpsilon=-1
mQualVolume=0.00525646
new_planned_energy=32.1318
