gpsEpsilon=126.466
gpsVolume=43.1002
mQualEpsilon=0.0145622
mQualVolume=0.00368749
new_planned_energy=81.856
