gpsEpsilon=1.56841e-315
gpsVolume=0
mQualEpsilon=-1
mQualVolume=0.000584489
new_planned_energy=57.0202
