gpsEpsilon=30.1968
gpsVolume=175.49
mQualEpsilon=0.0316658
mQualVolume=0.00103602
new_planned_energy=96.0174
