gpsEpsilon=35.4327
gpsVolume=36.4528
mQualEpsilon=0.110629
mQualVolume=0.0517572
new_planned_energy=94.6348
