gpsEpsilon=30.829
gpsVolume=62.6547
mQualEpsilon=0.0249565
mQualVolume=0.0294944
new_planned_energy=30.5652
