gpsEpsilon=26.0528
gpsVolume=56.7667
mQualEpsilon=0.0503035
mQualVolume=0.00761226
new_planned_energy=51.9683
