gpsEpsilon=38.0723
gpsVolume=56.7667
mQualEpsilon=0.0208973
mQualVolume=0.000157808
new_planned_energy=118.525
