gpsEpsilon=24.69
gpsVolume=48.4866
mQualEpsilon=0.00847883
mQualVolume=0.00578386
new_planned_energy=33.3441
