epsilon_quality=0.0376674
volume_quality=0.0133804
