epsilon_quality=0.141262
volume_quality=0.182558
