epsilon_quality=0.0812358
volume_quality=0.079004
