epsilon_quality=0.204016
volume_quality=0.443719
