epsilon_quality=0.0798155
volume_quality=0.124896
