epsilon_quality=0.0652399
volume_quality=0.107892
