epsilon_quality=0.0713138
volume_quality=0.0545746
