epsilon_quality=0.060497
volume_quality=0.277619
