epsilon_quality=0.118103
volume_quality=0.192705
