epsilon_quality=0.0528215
volume_quality=0.384453
