epsilon_quality=0.0920796
volume_quality=0.185642
