epsilon_quality=0.20489
volume_quality=0.314038
