epsilon_quality=0.202002
volume_quality=0.582011
