epsilon_quality=0.095785
volume_quality=0.143561
