epsilon_quality=0.138563
volume_quality=0.100274
