epsilon_quality=0.00268758
volume_quality=0.0832749
