epsilon_quality=0.0429324
volume_quality=0.00513973
