epsilon_quality=0.0571505
volume_quality=0.0158135
