epsilon_quality=0.0242429
volume_quality=0.00122626
