epsilon_quality=0.0542519
volume_quality=0.0293641
