epsilon_quality=0.173846
volume_quality=0.313641
