epsilon_quality=0.154475
volume_quality=0.129104
