epsilon_quality=0.0231483
volume_quality=0.324997
