epsilon_quality=0.0687719
volume_quality=0.089048
