epsilon_quality=0.127191
volume_quality=0.0803887
