epsilon_quality=0.0402381
volume_quality=0.0598278
