epsilon_quality=0.11811
volume_quality=0.250469
