epsilon_quality=0.0126604
volume_quality=0.00946212
