epsilon_quality=0.146425
volume_quality=0.403614
