epsilon_quality=0.015578
volume_quality=0.00184815
