epsilon_quality=0.0407538
volume_quality=0.0665618
