epsilon_quality=0.0611108
volume_quality=0.0526449
