epsilon_quality=0.201745
volume_quality=1.65795
