epsilon_quality=0.155973
volume_quality=0.356789
