epsilon_quality=0.360156
volume_quality=2.79957
