epsilon_quality=0.0571857
volume_quality=0.121773
