epsilon_quality=0.129543
volume_quality=0.259066
