epsilon_quality=0.126365
volume_quality=0.210919
