epsilon_quality=0.145173
volume_quality=0.0825843
