gpsEpsilon=1.27906e-315
gpsVolume=0
mQualEpsilon=-1
mQualVolume=0.00569077
new_planned_energy=20.651
