gpsEpsilon=9.07511e-316
gpsVolume=0
mQualEpsilon=0.0410603
mQualVolume=0.00188867
new_planned_energy=46.9202
