gpsEpsilon=31.0452
gpsVolume=65.9559
mQualEpsilon=1.81063
mQualVolume=50.7546
new_planned_energy=-1.81063
