gpsEpsilon=31.0452
gpsVolume=65.9559
mQualEpsilon=1.86841
mQualVolume=53.1726
new_planned_energy=-1.86841
