gpsEpsilon=134.451
gpsVolume=91.3239
mQualEpsilon=0.0184974
mQualVolume=0.00746034
new_planned_energy=32.7323
