gpsEpsilon=119.417
gpsVolume=91.3229
mQualEpsilon=0.0206035
mQualVolume=0.00078542
new_planned_energy=67.4881
