gpsEpsilon=123.415
gpsVolume=231.002
mQualEpsilon=0.0519069
mQualVolume=0.00639019
new_planned_energy=97.048
