gpsEpsilon=59.9722
gpsVolume=169.696
mQualEpsilon=0.0273941
mQualVolume=0.00979749
new_planned_energy=37.4658
