gpsEpsilon=93.7844
gpsVolume=6.35
mQualEpsilon=0.0397437
mQualVolume=0.00522715
new_planned_energy=18.6771
