gpsEpsilon=42.4226
gpsVolume=45.0908
mQualEpsilon=0.00726894
mQualVolume=0.000649062
new_planned_energy=99.8298
