epsilon_quality=0.169833
volume_quality=0.364219
