epsilon_quality=0.143108
volume_quality=0.413975
