epsilon_quality=0.0731857
volume_quality=0.182741
