epsilon_quality=0.0992738
volume_quality=0.46209
