epsilon_quality=0.108816
volume_quality=0.147193
