epsilon_quality=0.0124233
volume_quality=0.143984
