epsilon_quality=0.196165
volume_quality=0.347336
