epsilon_quality=0.0543804
volume_quality=0.0659181
