epsilon_quality=0.0479951
volume_quality=0.0993307
