epsilon_quality=0.0649253
volume_quality=0.230329
