epsilon_quality=0.0696397
volume_quality=0.246734
