epsilon_quality=0.0674424
volume_quality=0.0233446
