epsilon_quality=0.041326
volume_quality=0.014645
