epsilon_quality=0.150657
volume_quality=0.202303
