epsilon_quality=0.0768826
volume_quality=0.0495556
