epsilon_quality=0.115346
volume_quality=0.272106
