epsilon_quality=0.0266325
volume_quality=0.0184839
