epsilon_quality=0.0755125
volume_quality=0.096652
