epsilon_quality=0.0404355
volume_quality=0.0558867
