epsilon_quality=0.0243192
volume_quality=0.0100452
