epsilon_quality=0.0479056
volume_quality=0.0585475
