epsilon_quality=0.0871712
volume_quality=0.612143
