epsilon_quality=0.0584795
volume_quality=0.0460306
