epsilon_quality=0.00817618
volume_quality=0.0548473
