epsilon_quality=0.065487
volume_quality=0.0155994
