epsilon_quality=0.0683728
volume_quality=0.0718539
