epsilon_quality=0.31194
volume_quality=2.05059
