epsilon_quality=0.125436
volume_quality=0.515816
