epsilon_quality=0.153145
volume_quality=0.441026
