epsilon_quality=0.100792
volume_quality=0.0399372
