epsilon_quality=0.117658
volume_quality=0.0821518
