epsilon_quality=0.0756964
volume_quality=0.0287206
