epsilon_quality=0.202816
volume_quality=0.487125
