epsilon_quality=0.109911
volume_quality=0.0488911
