epsilon_quality=0.0296013
volume_quality=0.184271
