epsilon_quality=0.0741905
volume_quality=0.0204451
