epsilon_quality=0.0507636
volume_quality=0.0252281
