epsilon_quality=0.0806959
volume_quality=0.0696157
