epsilon_quality=0.168996
volume_quality=0.444281
