epsilon_quality=0.176518
volume_quality=0.826429
