epsilon_quality=0.0707079
volume_quality=0.0330436
