epsilon_quality=0.158475
volume_quality=0.616818
