epsilon_quality=0.0584747
volume_quality=0.0658413
