epsilon_quality=0.11061
volume_quality=0.175504
