epsilon_quality=0.046558
volume_quality=0.0420877
