epsilon_quality=0.0247257
volume_quality=0.0676221
