epsilon_quality=0.0855224
volume_quality=0.0475376
