epsilon_quality=0.0383385
volume_quality=0.0271131
