epsilon_quality=0.170322
volume_quality=0.149262
