epsilon_quality=0.0289555
volume_quality=0.00817783
