epsilon_quality=0.0626175
volume_quality=0.0277421
