epsilon_quality=0.092293
volume_quality=0.0749532
