epsilon_quality=0.0374698
volume_quality=0.0190016
