epsilon_quality=0.123418
volume_quality=0.526493
