epsilon_quality=0.0565998
volume_quality=0.298598
