epsilon_quality=0.148278
volume_quality=1.52324
