epsilon_quality=0.31683
volume_quality=1.69041
