epsilon_quality=0.121637
volume_quality=0.174741
