epsilon_quality=0.20573
volume_quality=0.170789
