epsilon_quality=0.137533
volume_quality=0.122649
