epsilon_quality=0.105716
volume_quality=0.0472602
