epsilon_quality=0.172152
volume_quality=0.549273
