epsilon_quality=0.233177
volume_quality=0.926559
