epsilon_quality=0.0545986
volume_quality=0.0278388
