epsilon_quality=0.0603213
volume_quality=0.00837234
