epsilon_quality=0.0761846
volume_quality=0.209041
