epsilon_quality=0.00523078
volume_quality=0.0608862
