epsilon_quality=0.0278421
volume_quality=0.0015768
