epsilon_quality=0.0111027
volume_quality=0.00122211
