epsilon_quality=0.0348151
volume_quality=0.00224741
