epsilon_quality=0.0180167
volume_quality=0.00369782
