epsilon_quality=0.0950308
volume_quality=0.123951
