epsilon_quality=0.00111273
volume_quality=0.0607646
