epsilon_quality=0.167935
volume_quality=0.23157
