epsilon_quality=0.149386
volume_quality=0.385274
