epsilon_quality=0.0816255
volume_quality=0.042924
