epsilon_quality=0.0431747
volume_quality=0.126113
