epsilon_quality=0.0336166
volume_quality=0.0206565
