epsilon_quality=0.0158612
volume_quality=0.0089968
