epsilon_quality=0.134647
volume_quality=0.127884
