epsilon_quality=0.062266
volume_quality=0.0970803
