epsilon_quality=0.125383
volume_quality=0.0386418
