epsilon_quality=0.0962866
volume_quality=0.0137797
