epsilon_quality=0.0289817
volume_quality=0.155205
