epsilon_quality=0.108768
volume_quality=0.273331
