epsilon_quality=0.0415518
volume_quality=0.124406
