epsilon_quality=0.0161995
volume_quality=0.0310398
