epsilon_quality=0.123639
volume_quality=0.0527664
