epsilon_quality=0.0493498
volume_quality=0.0944639
