epsilon_quality=0.115505
volume_quality=0.136655
