epsilon_quality=0.121927
volume_quality=0.27199
