epsilon_quality=0.233366
volume_quality=0.581681
