epsilon_quality=0.0154906
volume_quality=0.0345593
