epsilon_quality=0.174498
volume_quality=0.600003
