gpsEpsilon=12.8223
gpsVolume=139.244
mQualEpsilon=0.0192488
mQualVolume=0.000720303
new_planned_energy=90.7412
