gpsEpsilon=38.7223
gpsVolume=179.553
mQualEpsilon=0.00482298
mQualVolume=0.0039915
new_planned_energy=50.2034
