gpsEpsilon=76.9783
gpsVolume=117.378
mQualEpsilon=0.0346595
mQualVolume=0.00187333
new_planned_energy=102.873
