gpsEpsilon=31.7784
gpsVolume=202.237
mQualEpsilon=0.0257659
mQualVolume=0.00391404
new_planned_energy=57.6804
