gpsEpsilon=1.32494e-315
gpsVolume=0
mQualEpsilon=0.0178791
mQualVolume=0.00104645
new_planned_energy=37.6309
