gpsEpsilon=55.8587
gpsVolume=188.435
mQualEpsilon=0.0215058
mQualVolume=0.00413981
new_planned_energy=29.253
