gpsEpsilon=1.30724e-315
gpsVolume=1.34828e-315
mQualEpsilon=0.00180483
mQualVolume=0.00129419
new_planned_energy=70.2356
