epsilon_quality=0.038253
volume_quality=0.0181717
