epsilon_quality=0.0836033
volume_quality=0.129558
