epsilon_quality=0.181835
volume_quality=0.353832
