epsilon_quality=0.077502
volume_quality=0.12314
