gpsEpsilon=143.355
gpsVolume=87.5828
mQualEpsilon=0.000870436
mQualVolume=0.00898484
new_planned_energy=54.537
