gpsEpsilon=116.6
gpsVolume=87.5823
mQualEpsilon=0.0136706
mQualVolume=0.00593014
new_planned_energy=29.0344
