gpsEpsilon=241.865
gpsVolume=87.8055
mQualEpsilon=0.0450784
mQualVolume=0.00455801
new_planned_energy=31.7895
