gpsEpsilon=206.307
gpsVolume=87.8055
mQualEpsilon=0.0694734
mQualVolume=0.00749608
new_planned_energy=42.9845
