gpsEpsilon=171.078
gpsVolume=82.4075
mQualEpsilon=0.0615109
mQualVolume=0.00956086
new_planned_energy=53.6675
