gpsEpsilon=191.912
gpsVolume=98.8812
mQualEpsilon=1.52124
mQualVolume=42.1291
new_planned_energy=-1.52124
