gpsEpsilon=191.912
gpsVolume=98.8812
mQualEpsilon=0.00581343
mQualVolume=0.00324636
new_planned_energy=35.6838
