gpsEpsilon=230.072
gpsVolume=83.3278
mQualEpsilon=0.0202475
mQualVolume=0.000959304
new_planned_energy=60.9909
