gpsEpsilon=153.022
gpsVolume=86.5525
mQualEpsilon=0.0218054
mQualVolume=0.0123149
new_planned_energy=76.297
