gpsEpsilon=114.268
gpsVolume=43.18
mQualEpsilon=0.0051725
mQualVolume=0.00419015
new_planned_energy=27.1304
