gpsEpsilon=114.268
gpsVolume=43.18
mQualEpsilon=1.68609
mQualVolume=49.8081
new_planned_energy=-1.68609
