epsilon_quality=0.14763
volume_quality=0.234497
