epsilon_quality=0.0683451
volume_quality=0.0529535
