epsilon_quality=0.0298783
volume_quality=0.110511
