epsilon_quality=0.142857
volume_quality=0.299754
