epsilon_quality=0.103869
volume_quality=0.157253
