epsilon_quality=0.0256153
volume_quality=0.0254273
