epsilon_quality=0.00519896
volume_quality=0.00376688
