epsilon_quality=0.0839754
volume_quality=0.0776793
