epsilon_quality=0.120199
volume_quality=0.538929
