epsilon_quality=0.0371653
volume_quality=0.297702
