epsilon_quality=0.0599297
volume_quality=0.055827
