epsilon_quality=0.0661086
volume_quality=0.175688
