epsilon_quality=0.01463
volume_quality=0.0152471
