epsilon_quality=0.0135293
volume_quality=0.00898282
