epsilon_quality=0.110516
volume_quality=0.0747027
