epsilon_quality=0.0241513
volume_quality=0.0604435
