epsilon_quality=0.159555
volume_quality=0.532304
