epsilon_quality=0.101488
volume_quality=0.0277084
