epsilon_quality=0.123993
volume_quality=0.214003
