epsilon_quality=0.0345257
volume_quality=0.284124
