epsilon_quality=0.15035
volume_quality=0.296535
