gpsEpsilon=2.13429e-316
gpsVolume=7.27951e-316
mQualEpsilon=0.0201756
mQualVolume=0.000484053
new_planned_energy=70.4586
