gpsEpsilon=1.06968e-315
gpsVolume=1.00268e-315
mQualEpsilon=0.0272716
mQualVolume=0.000808734
new_planned_energy=66.8389
