gpsEpsilon=5.94159e-313
gpsVolume=-nan
mQualEpsilon=0.000345385
mQualVolume=0.00110027
new_planned_energy=47.8482
