gpsEpsilon=44.0007
gpsVolume=128.26
mQualEpsilon=0.0301361
mQualVolume=0.00107802
new_planned_energy=38.4646
