gpsEpsilon=0
gpsVolume=0
mQualEpsilon=0.0014337
mQualVolume=0.00088504
new_planned_energy=68.731
