gpsEpsilon=1.37626e-315
gpsVolume=1.97626e-323
mQualEpsilon=-1
mQualVolume=0
new_planned_energy=35.9925
