gpsEpsilon=243.095
gpsVolume=97.3181
mQualEpsilon=0.020675
mQualVolume=0.00227421
new_planned_energy=31.6142
