epsilon_quality=0.041618
volume_quality=0.140942
