epsilon_quality=0.0222035
volume_quality=0.105264
