epsilon_quality=0.0619914
volume_quality=0.106712
