epsilon_quality=0.100939
volume_quality=0.146339
