epsilon_quality=0.115923
volume_quality=0.13998
