epsilon_quality=0.00712644
volume_quality=0.223673
