epsilon_quality=0.0424771
volume_quality=0.031747
