epsilon_quality=0.107656
volume_quality=0.308511
