epsilon_quality=0.0371823
volume_quality=0.0369055
