epsilon_quality=0.0159822
volume_quality=0.0141055
