epsilon_quality=0.075323
volume_quality=0.0259224
