epsilon_quality=0.00914803
volume_quality=0.011419
