epsilon_quality=0.160638
volume_quality=0.469864
