epsilon_quality=0.0332703
volume_quality=0.0382601
