epsilon_quality=0.0470112
volume_quality=0.0084672
