epsilon_quality=0.0956881
volume_quality=0.0530432
