epsilon_quality=0.065946
volume_quality=0.0437259
