epsilon_quality=0.178187
volume_quality=0.396326
