epsilon_quality=0.12329
volume_quality=0.0860579
