epsilon_quality=0.122007
volume_quality=0.303718
