epsilon_quality=0.104352
volume_quality=0.390468
