epsilon_quality=0.0350577
volume_quality=0.00689329
