epsilon_quality=0.0459286
volume_quality=0.03531
