epsilon_quality=0.109211
volume_quality=0.197216
