epsilon_quality=0.137863
volume_quality=0.0868986
