epsilon_quality=0.115973
volume_quality=0.13957
