gpsEpsilon=109.16
gpsVolume=244.31
mQualEpsilon=0.0260448
mQualVolume=0.00196514
new_planned_energy=73.5272
