gpsEpsilon=110.634
gpsVolume=243.231
mQualEpsilon=0.0674964
mQualVolume=0.0493835
new_planned_energy=73.2851
