gpsEpsilon=124.606
gpsVolume=88.7214
mQualEpsilon=0.0174422
mQualVolume=0.00687807
new_planned_energy=39.8415
