gpsEpsilon=121.683
gpsVolume=229.404
mQualEpsilon=0.022824
mQualVolume=0.0112208
new_planned_energy=47.9627
