gpsEpsilon=108.423
gpsVolume=231.443
mQualEpsilon=0.0139436
mQualVolume=0.038891
new_planned_energy=73.5534
