gpsEpsilon=121.684
gpsVolume=231.01
mQualEpsilon=0.0159589
mQualVolume=0.001016
new_planned_energy=55.4223
