gpsEpsilon=126.082
gpsVolume=106.186
mQualEpsilon=1.84817
mQualVolume=49.8268
new_planned_energy=-1.84817
