gpsEpsilon=126.082
gpsVolume=106.186
mQualEpsilon=0.00459168
mQualVolume=0.00372203
new_planned_energy=81.0301
