gpsEpsilon=126.082
gpsVolume=106.186
mQualEpsilon=1.84053
mQualVolume=50.2052
new_planned_energy=-1.84053
