gpsEpsilon=93.3221
gpsVolume=109.139
mQualEpsilon=0.0531214
mQualVolume=0.00761888
new_planned_energy=35.4873
