epsilon_quality=0.071235
volume_quality=0.222512
