epsilon_quality=0.127585
volume_quality=0.176074
