epsilon_quality=0.086885
volume_quality=0.0958582
