epsilon_quality=0.0794904
volume_quality=0.38375
