epsilon_quality=0.0975144
volume_quality=0.0230316
