epsilon_quality=0.13783
volume_quality=0.252419
