epsilon_quality=0.0612005
volume_quality=0.019818
