epsilon_quality=0.165254
volume_quality=0.763405
