epsilon_quality=0.015512
volume_quality=0.153502
