epsilon_quality=0.0136023
volume_quality=0.16846
