epsilon_quality=0.131772
volume_quality=0.24255
