epsilon_quality=0.273194
volume_quality=0.628259
