epsilon_quality=0.22697
volume_quality=0.30654
