epsilon_quality=0.12658
volume_quality=0.308293
