epsilon_quality=0.0291311
volume_quality=0.00901293
