epsilon_quality=0.423673
volume_quality=1.71921
