epsilon_quality=0.0274142
volume_quality=0.0900954
