epsilon_quality=0.103487
volume_quality=0.0545717
