epsilon_quality=0.0371917
volume_quality=0.0332596
