epsilon_quality=0.04967
volume_quality=0.158894
