epsilon_quality=0.0992906
volume_quality=0.0579409
