epsilon_quality=0.347442
volume_quality=2.06235
