epsilon_quality=0.291948
volume_quality=0.865107
