epsilon_quality=0.128386
volume_quality=0.641341
