epsilon_quality=0.0214296
volume_quality=0.0638083
