epsilon_quality=0.0847849
volume_quality=0.455157
