epsilon_quality=0.0833906
volume_quality=0.471345
