epsilon_quality=0.209546
volume_quality=0.531641
