epsilon_quality=0.0386759
volume_quality=0.0305828
