epsilon_quality=0.0514295
volume_quality=0.104069
