epsilon_quality=0.0171461
volume_quality=0.0154414
