epsilon_quality=0.0708649
volume_quality=0.230591
