epsilon_quality=0.0864423
volume_quality=0.0390673
