epsilon_quality=0.00347485
volume_quality=0.111201
