epsilon_quality=0.0534631
volume_quality=0.0299548
