epsilon_quality=0.0312221
volume_quality=0.00172996
