epsilon_quality=0.0118327
volume_quality=0.00263444
