epsilon_quality=0.126492
volume_quality=0.49083
