epsilon_quality=0.103423
volume_quality=0.120511
