epsilon_quality=0.162887
volume_quality=0.329963
