epsilon_quality=0.0317516
volume_quality=0.0751132
