epsilon_quality=0.111546
volume_quality=0.0622037
