epsilon_quality=0.0774214
volume_quality=0.0516289
