epsilon_quality=0.048225
volume_quality=0.073727
