epsilon_quality=0.0892618
volume_quality=0.174502
