epsilon_quality=0.0444766
volume_quality=0.034617
