epsilon_quality=0.0564708
volume_quality=0.110128
