epsilon_quality=0.0541854
volume_quality=0.0442761
