epsilon_quality=0.0551089
volume_quality=0.0642406
