epsilon_quality=0.125266
volume_quality=0.258701
