epsilon_quality=0.0273236
volume_quality=0.00472858
