epsilon_quality=0.0242467
volume_quality=0.0963309
