epsilon_quality=0.0660384
volume_quality=0.0882946
