epsilon_quality=0.0884902
volume_quality=0.0515991
