epsilon_quality=0.035591
volume_quality=0.047677
