epsilon_quality=0.0305709
volume_quality=0.0312093
