epsilon_quality=0.0912532
volume_quality=0.137885
