epsilon_quality=0.301396
volume_quality=1.31405
