epsilon_quality=0.0947183
volume_quality=0.342473
