epsilon_quality=0.318155
volume_quality=0.915801
