epsilon_quality=0.30644
volume_quality=1.07925
