epsilon_quality=0.103696
volume_quality=0.916885
