epsilon_quality=0.161313
volume_quality=0.162998
