epsilon_quality=0.0630083
volume_quality=0.0182596
