epsilon_quality=0.0458156
volume_quality=0.00704707
