epsilon_quality=0.0180797
volume_quality=0.00260307
