epsilon_quality=0.0201493
volume_quality=0.00772269
