epsilon_quality=0.104115
volume_quality=0.0795845
