epsilon_quality=0.057329
volume_quality=0.0686966
