epsilon_quality=0.0301277
volume_quality=0.00685752
