epsilon_quality=0.086406
volume_quality=0.0973483
