epsilon_quality=0.0401424
volume_quality=0.0397175
