epsilon_quality=0.0742314
volume_quality=0.12532
