epsilon_quality=0.0580491
volume_quality=0.0474718
