epsilon_quality=0.0340901
volume_quality=0.0635395
