epsilon_quality=0.0874797
volume_quality=0.256129
