epsilon_quality=0.080969
volume_quality=0.0989544
