epsilon_quality=0.0332673
volume_quality=0.0194349
