epsilon_quality=0.0233136
volume_quality=0.038443
