epsilon_quality=0.0466669
volume_quality=0.049918
