epsilon_quality=0.0466148
volume_quality=0.0427456
