gpsEpsilon=141.418
gpsVolume=180.286
mQualEpsilon=0.0116863
mQualVolume=0.00233973
new_planned_energy=45.7594
