gpsEpsilon=174.407
gpsVolume=127.115
mQualEpsilon=0.0136478
mQualVolume=0.00326945
new_planned_energy=74.6166
