gpsEpsilon=0
gpsVolume=0
mQualEpsilon=0.0224455
mQualVolume=0.00252397
new_planned_energy=56.8906
