gpsEpsilon=127.849
gpsVolume=122.715
mQualEpsilon=0.00760023
mQualVolume=0.00773069
new_planned_energy=27.1659
