gpsEpsilon=-0.00412961
gpsVolume=1.99491
mQualEpsilon=-1
mQualVolume=0.00414023
new_planned_energy=46.1081
