gpsEpsilon=151.568
gpsVolume=181.325
mQualEpsilon=0.0767188
mQualVolume=0.0267127
new_planned_energy=87.3933
