gpsEpsilon=141.418
gpsVolume=180.286
mQualEpsilon=0.0669821
mQualVolume=0.00636284
new_planned_energy=38.5143
