epsilon_quality=0.0384367
volume_quality=0.0229857
