epsilon_quality=0.0228666
volume_quality=0.00731519
