epsilon_quality=0.0251378
volume_quality=0.0543531
