epsilon_quality=0.068736
volume_quality=0.311012
