epsilon_quality=2.94903e-17
volume_quality=0.321613
