epsilon_quality=0.191842
volume_quality=0.530534
