epsilon_quality=0.222334
volume_quality=1.00964
