epsilon_quality=0.0837957
volume_quality=0.0560645
