epsilon_quality=0.0712053
volume_quality=0.604405
