epsilon_quality=0.0599096
volume_quality=0.0272202
