epsilon_quality=0.0736763
volume_quality=0.0316028
