epsilon_quality=0.107055
volume_quality=0.108929
