epsilon_quality=0.0944438
volume_quality=0.591621
