epsilon_quality=0.0802031
volume_quality=0.0665968
