epsilon_quality=0.0430163
volume_quality=0.0234185
