epsilon_quality=0.0427084
volume_quality=0.00921793
