epsilon_quality=0.0906607
volume_quality=0.0571064
