epsilon_quality=0.042139
volume_quality=0.00605472
