epsilon_quality=0.0561338
volume_quality=0.0201599
