epsilon_quality=0.0184783
volume_quality=0.00379698
