epsilon_quality=0.174121
volume_quality=0.240875
