epsilon_quality=0.0170594
volume_quality=0.00424049
