epsilon_quality=0.0250026
volume_quality=0.00726503
