epsilon_quality=0.0667235
volume_quality=0.23193
