epsilon_quality=0.0663061
volume_quality=0.0646712
