epsilon_quality=0.164141
volume_quality=1.28174
