epsilon_quality=0.0334459
volume_quality=0.00304975
