epsilon_quality=0.0215562
volume_quality=0.000902644
