epsilon_quality=0.0239002
volume_quality=0.0709778
