epsilon_quality=0.0516396
volume_quality=0.141583
