epsilon_quality=0.106302
volume_quality=0.31922
