epsilon_quality=0.0960362
volume_quality=0.0565768
