epsilon_quality=0.051304
volume_quality=0.0360437
