epsilon_quality=0.174394
volume_quality=0.911561
