epsilon_quality=0.0595863
volume_quality=0.954773
