epsilon_quality=0.231134
volume_quality=1.10724
