epsilon_quality=0.201342
volume_quality=0.665717
