epsilon_quality=0.316789
volume_quality=2.72293
