epsilon_quality=0.0789779
volume_quality=0.0508365
