epsilon_quality=0.0590545
volume_quality=0.0209549
