epsilon_quality=0.200729
volume_quality=0.594927
