epsilon_quality=0.112348
volume_quality=0.326224
