epsilon_quality=0.106949
volume_quality=0.303598
