epsilon_quality=0.00791093
volume_quality=0.007151
