epsilon_quality=0.0562778
volume_quality=0.0316948
