epsilon_quality=0.227314
volume_quality=0.712513
