epsilon_quality=0.105772
volume_quality=0.101313
