epsilon_quality=0.216164
volume_quality=0.835691
