epsilon_quality=0.139684
volume_quality=0.093701
