epsilon_quality=0.0313477
volume_quality=0.00521587
