epsilon_quality=0.204295
volume_quality=0.242896
