epsilon_quality=0.134388
volume_quality=0.155724
