epsilon_quality=0.0200808
volume_quality=0.0156087
