epsilon_quality=0.0491357
volume_quality=0.0154995
