epsilon_quality=0.0407247
volume_quality=0.00718656
