epsilon_quality=0.109175
volume_quality=0.332534
