epsilon_quality=0.100321
volume_quality=0.050554
