epsilon_quality=0.257683
volume_quality=0.704982
