epsilon_quality=0.108262
volume_quality=0.253784
