epsilon_quality=0.028322
volume_quality=0.222332
