epsilon_quality=0.0461331
volume_quality=0.0333841
