epsilon_quality=0.157535
volume_quality=0.340741
