epsilon_quality=0.0265817
volume_quality=0.0271327
