epsilon_quality=0.139705
volume_quality=0.243644
