epsilon_quality=0.0906858
volume_quality=0.213943
