gpsEpsilon=67.2889
gpsVolume=185.679
mQualEpsilon=0.0632742
mQualVolume=0.00402861
new_planned_energy=41.5255
