gpsEpsilon=71.4383
gpsVolume=194.33
mQualEpsilon=0.0160805
mQualVolume=0.00459702
new_planned_energy=40.5367
