gpsEpsilon=67.2622
gpsVolume=187.127
mQualEpsilon=0.0145083
mQualVolume=0.00124209
new_planned_energy=50.1754
