gpsEpsilon=67.024
gpsVolume=217.253
mQualEpsilon=0.0246843
mQualVolume=0.00390605
new_planned_energy=54.8331
