gpsEpsilon=63.625
gpsVolume=180.831
mQualEpsilon=0.0283625
mQualVolume=0.00859077
new_planned_energy=44.5035
