gpsEpsilon=75.3915
gpsVolume=186.881
mQualEpsilon=0.03965
mQualVolume=0.00418493
new_planned_energy=51.476
