gpsEpsilon=125.512
gpsVolume=187.714
mQualEpsilon=0.0272354
mQualVolume=0.00218593
new_planned_energy=22.628
