gpsEpsilon=96.2932
gpsVolume=178.169
mQualEpsilon=0.042727
mQualVolume=0.0131811
new_planned_energy=26.8087
