gpsEpsilon=67.2739
gpsVolume=187.146
mQualEpsilon=0.0657673
mQualVolume=0.00470703
new_planned_energy=43.7059
