gpsEpsilon=69.6897
gpsVolume=187.211
mQualEpsilon=0.0729175
mQualVolume=0.00341536
new_planned_energy=26.3068
