gpsEpsilon=69.202
gpsVolume=180.81
mQualEpsilon=0.0657673
mQualVolume=0.00470703
new_planned_energy=64.1999
