epsilon_quality=0.178741
volume_quality=0.194047
