epsilon_quality=0.0287352
volume_quality=0.0362443
