epsilon_quality=0.0579867
volume_quality=0.00834154
