epsilon_quality=0.0106666
volume_quality=0.000415278
