epsilon_quality=0.0529105
volume_quality=0.0600999
