epsilon_quality=0.0688611
volume_quality=0.0552434
