epsilon_quality=0.0588174
volume_quality=0.0108425
