epsilon_quality=0.0573758
volume_quality=0.00697132
