epsilon_quality=0.0430078
volume_quality=0.003743
