epsilon_quality=0.0468477
volume_quality=0.10142
