epsilon_quality=0.0755934
volume_quality=0.0231042
