epsilon_quality=0.0938311
volume_quality=0.0250861
