epsilon_quality=0.0118887
volume_quality=0.0144832
