epsilon_quality=0.0754043
volume_quality=0.104255
