epsilon_quality=0.144574
volume_quality=0.0834418
