epsilon_quality=0.0273939
volume_quality=0.00646316
