epsilon_quality=0.185572
volume_quality=0.330956
