epsilon_quality=0.142533
volume_quality=0.264927
