epsilon_quality=4.16334e-17
volume_quality=0.0217722
