epsilon_quality=0.0683538
volume_quality=0.0204179
