epsilon_quality=0.0220562
volume_quality=0.00485821
