gpsEpsilon=2.54639e-313
gpsVolume=1.63042e-322
mQualEpsilon=0.911057
mQualVolume=48.3224
new_planned_energy=-0.911057
