gpsEpsilon=2.54639e-313
gpsVolume=1.63042e-322
mQualEpsilon=0.0572373
mQualVolume=0.0146502
new_planned_energy=34.813
