gpsEpsilon=2.44147e-316
gpsVolume=0
mQualEpsilon=0.0343987
mQualVolume=0.00496617
new_planned_energy=34.0215
