gpsEpsilon=5.39598e-316
gpsVolume=0
mQualEpsilon=0.0731098
mQualVolume=0.00975379
new_planned_energy=42.4782
