epsilon_quality=0.0947923
volume_quality=0.0783632
