epsilon_quality=0.029718
volume_quality=0.0787745
