epsilon_quality=0.150273
volume_quality=0.354646
