epsilon_quality=0.108401
volume_quality=0.146105
