epsilon_quality=0.188175
volume_quality=0.382441
