epsilon_quality=0.0343517
volume_quality=0.189803
