epsilon_quality=0.0601297
volume_quality=0.049902
