epsilon_quality=0.0402584
volume_quality=0.0383833
