epsilon_quality=0.0725597
volume_quality=0.0129338
