epsilon_quality=0.103768
volume_quality=0.123457
