epsilon_quality=0.114376
volume_quality=0.0806784
