epsilon_quality=0.0621119
volume_quality=0.0645098
