epsilon_quality=0.0742857
volume_quality=0.0202044
