epsilon_quality=0.000721845
volume_quality=0.00483305
