epsilon_quality=0.0676395
volume_quality=0.285803
