epsilon_quality=0.202877
volume_quality=0.675294
