epsilon_quality=0.0161252
volume_quality=0.188386
