epsilon_quality=0.0752842
volume_quality=0.12209
