epsilon_quality=0.0513523
volume_quality=0.0194568
