epsilon_quality=0.131035
volume_quality=0.101817
