epsilon_quality=0.0706669
volume_quality=0.0201432
