epsilon_quality=0.0786832
volume_quality=0.0170119
