epsilon_quality=0.0625058
volume_quality=0.0654109
