epsilon_quality=0.110064
volume_quality=0.0844013
