epsilon_quality=0.149295
volume_quality=0.157019
