epsilon_quality=0.280005
volume_quality=1.01622
