epsilon_quality=0.000918538
volume_quality=0.137921
