epsilon_quality=0.284398
volume_quality=0.922008
