epsilon_quality=0.259912
volume_quality=1.57563
