epsilon_quality=0.0467143
volume_quality=0.0250945
