epsilon_quality=0.0822459
volume_quality=0.0894874
