epsilon_quality=0.0935378
volume_quality=0.102633
