epsilon_quality=0.155876
volume_quality=0.790281
