epsilon_quality=0.0506641
volume_quality=0.0680399
