epsilon_quality=0.0156776
volume_quality=0.00215194
