epsilon_quality=0.0111844
volume_quality=0.0151296
