epsilon_quality=0.0168473
volume_quality=0.0111728
