epsilon_quality=0.00141464
volume_quality=0.00122265
