epsilon_quality=0.0104925
volume_quality=0.00176768
