epsilon_quality=0.0281804
volume_quality=0.0039057
