epsilon_quality=0.0480168
volume_quality=0.0116102
