epsilon_quality=0.0718879
volume_quality=0.193784
