epsilon_quality=0.192533
volume_quality=0.306527
