epsilon_quality=0.138458
volume_quality=0.0517228
