epsilon_quality=0.105148
volume_quality=0.886421
