epsilon_quality=0.0960462
volume_quality=0.0933623
