epsilon_quality=0.086154
volume_quality=0.208914
