epsilon_quality=0.0841018
volume_quality=0.0648433
