epsilon_quality=0.020735
volume_quality=0.00246238
