epsilon_quality=0.0524679
volume_quality=0.0129617
