epsilon_quality=0.0105686
volume_quality=0.0226836
