epsilon_quality=0.0451961
volume_quality=0.0334888
