epsilon_quality=0.104619
volume_quality=0.125735
