epsilon_quality=0.079888
volume_quality=0.151104
