epsilon_quality=0.0530759
volume_quality=0.0333718
