epsilon_quality=0.0628658
volume_quality=0.0158742
