epsilon_quality=0.0351436
volume_quality=0.0562487
