epsilon_quality=0.0257599
volume_quality=0.121509
