epsilon_quality=0.300875
volume_quality=0.831126
