epsilon_quality=0.0681779
volume_quality=0.0470909
