epsilon_quality=0.0976511
volume_quality=0.0806744
