epsilon_quality=0.105072
volume_quality=0.395107
