epsilon_quality=0.034065
volume_quality=0.0283335
