epsilon_quality=0.121581
volume_quality=0.137834
