epsilon_quality=0.0586602
volume_quality=0.0427622
