epsilon_quality=0.056316
volume_quality=0.255818
