epsilon_quality=0.0126895
volume_quality=0.0368135
