epsilon_quality=0.0948721
volume_quality=0.0582374
