epsilon_quality=0.105192
volume_quality=0.033285
