epsilon_quality=0.0186067
volume_quality=0.0496647
