epsilon_quality=0.0482461
volume_quality=0.0153983
