epsilon_quality=0.109497
volume_quality=0.0656932
