epsilon_quality=0.0399113
volume_quality=0.14032
