epsilon_quality=0.0778567
volume_quality=0.136938
