epsilon_quality=0.152306
volume_quality=0.155681
