epsilon_quality=0.140174
volume_quality=0.502401
