epsilon_quality=0.04701
volume_quality=0.0418828
