epsilon_quality=0.0512473
volume_quality=0.0377289
