epsilon_quality=0.109873
volume_quality=0.0802598
