epsilon_quality=0.00372555
volume_quality=0.156633
