epsilon_quality=0.107662
volume_quality=0.0792544
