epsilon_quality=0.0118817
volume_quality=0.000432321
