epsilon_quality=0.0946906
volume_quality=0.0359566
