epsilon_quality=0.0654909
volume_quality=0.0688188
