epsilon_quality=0.118314
volume_quality=0.0747359
