epsilon_quality=0.085143
volume_quality=0.138238
