epsilon_quality=0.0963136
volume_quality=0.0795609
