epsilon_quality=0.0927155
volume_quality=0.0628849
