epsilon_quality=0.0768686
volume_quality=0.0743764
