epsilon_quality=0.0393924
volume_quality=0.0252505
