epsilon_quality=0.0666968
volume_quality=0.25459
