epsilon_quality=0.149351
volume_quality=0.117013
