epsilon_quality=0.0283109
volume_quality=0.0219095
