epsilon_quality=0.0366035
volume_quality=0.0199472
