epsilon_quality=0.00566191
volume_quality=0.0165372
