epsilon_quality=0.0634203
volume_quality=0.139893
