epsilon_quality=0.0551443
volume_quality=0.0179863
