epsilon_quality=0.0641977
volume_quality=0.110898
