epsilon_quality=0.141178
volume_quality=0.528092
