epsilon_quality=0.0335778
volume_quality=0.0587045
