epsilon_quality=0.0237581
volume_quality=0.00134004
