epsilon_quality=0.0253917
volume_quality=0.0246847
