epsilon_quality=0.0887812
volume_quality=0.282848
