epsilon_quality=0.134172
volume_quality=0.261331
