epsilon_quality=0.118069
volume_quality=0.345872
