epsilon_quality=0.0822372
volume_quality=0.0970927
