epsilon_quality=0.0158299
volume_quality=0.00934541
