epsilon_quality=0.0371778
volume_quality=0.00440009
