epsilon_quality=0.0252265
volume_quality=0.00286298
