gpsEpsilon=1.62198e-315
gpsVolume=-0.0513728
mQualEpsilon=-1
mQualVolume=0.00243348
new_planned_energy=54.4373
