gpsEpsilon=11.8267
gpsVolume=34.5211
mQualEpsilon=0.0127135
mQualVolume=0.00103285
new_planned_energy=101.835
