gpsEpsilon=0.0635419
gpsVolume=1.92855
mQualEpsilon=-1
mQualVolume=0.0018567
new_planned_energy=48.7568
