gpsEpsilon=1.07298e-315
gpsVolume=0
mQualEpsilon=0.107604
mQualVolume=0.0688465
new_planned_energy=79.9626
