gpsEpsilon=10.1345
gpsVolume=29.5316
mQualEpsilon=0.000487679
mQualVolume=0.0055096
new_planned_energy=48.3537
