gpsEpsilon=13.8701
gpsVolume=6.45536
mQualEpsilon=0.00945088
mQualVolume=0.00183715
new_planned_energy=45.755
