gpsEpsilon=17.4062
gpsVolume=118.676
mQualEpsilon=0.0465215
mQualVolume=0.00512252
new_planned_energy=49.2422
