gpsEpsilon=1.32657e-315
gpsVolume=0
mQualEpsilon=-1
mQualVolume=0.0036134
new_planned_energy=33.994
