gpsEpsilon=1.07258e-315
gpsVolume=0
mQualEpsilon=-1
mQualVolume=0.000335166
new_planned_energy=90.7493
