epsilon_quality=0.0613332
volume_quality=0.0817455
