epsilon_quality=0.0313936
volume_quality=0.0363221
