epsilon_quality=0.17363
volume_quality=0.309477
