epsilon_quality=0.0550887
volume_quality=0.00773963
