epsilon_quality=0.0475593
volume_quality=0.0974938
