epsilon_quality=0.106845
volume_quality=0.0700397
