epsilon_quality=0.0702718
volume_quality=0.0542351
