epsilon_quality=0.12446
volume_quality=0.639119
