gpsEpsilon=86.929
gpsVolume=64.1248
mQualEpsilon=0.0443129
mQualVolume=0.00826105
new_planned_energy=48.8706
