gpsEpsilon=15.7649
gpsVolume=29.9039
mQualEpsilon=0.066278
mQualVolume=0.00562698
new_planned_energy=49.8441
