gpsEpsilon=79.7756
gpsVolume=73.4736
mQualEpsilon=0.0486289
mQualVolume=0.00648113
new_planned_energy=53.4777
