gpsEpsilon=39.2595
gpsVolume=19.4126
mQualEpsilon=0.0446952
mQualVolume=0.0109414
new_planned_energy=44.7443
