gpsEpsilon=33.3931
gpsVolume=30.9494
mQualEpsilon=0.0591316
mQualVolume=0.00802544
new_planned_energy=55.7185
