gpsEpsilon=0
gpsVolume=2.42092e-322
mQualEpsilon=0.0418531
mQualVolume=0.00307244
new_planned_energy=46.7942
