gpsEpsilon=0.513853
gpsVolume=0.735831
mQualEpsilon=-1
mQualVolume=0.000375672
new_planned_energy=64.9269
