gpsEpsilon=0.498243
gpsVolume=0.72702
mQualEpsilon=0.0628992
mQualVolume=0.00531514
new_planned_energy=55.0742
