gpsEpsilon=0
gpsVolume=2.42092e-322
mQualEpsilon=0.0215927
mQualVolume=0.0033996
new_planned_energy=54.1811
