gpsEpsilon=0
gpsVolume=2.42092e-322
mQualEpsilon=0.0215927
mQualVolume=0.0033996
new_planned_energy=48.6024
