gpsEpsilon=-0.213182
gpsVolume=1.97626e-323
mQualEpsilon=0.0313532
mQualVolume=0.00666758
new_planned_energy=36.8923
