gpsEpsilon=0.352837
gpsVolume=-0.544518
mQualEpsilon=-1
mQualVolume=0.00328533
new_planned_energy=55.7623
