gpsEpsilon=-0.864309
gpsVolume=-0.157096
mQualEpsilon=0.0454962
mQualVolume=0.00304947
new_planned_energy=55.5265
