gpsEpsilon=0
gpsVolume=0.0078125
mQualEpsilon=1.10099
mQualVolume=39.477
new_planned_energy=-1.10099
