gpsEpsilon=0
gpsVolume=0.0078125
mQualEpsilon=0.0179967
mQualVolume=0.00644869
new_planned_energy=29.549
