gpsEpsilon=6.91068e-316
gpsVolume=0
mQualEpsilon=0.0542341
mQualVolume=0.00625358
new_planned_energy=60.9793
