epsilon_quality=0.197861
volume_quality=0.231981
