epsilon_quality=0.262597
volume_quality=0.723013
