epsilon_quality=0.161474
volume_quality=0.746614
