epsilon_quality=0.173486
volume_quality=0.305628
