epsilon_quality=0.229586
volume_quality=0.925262
