epsilon_quality=0.0952667
volume_quality=0.606895
