epsilon_quality=0.0297767
volume_quality=0.0115356
