epsilon_quality=0.0782355
volume_quality=0.0777529
