epsilon_quality=0.0212739
volume_quality=0.0777531
