epsilon_quality=0.0708897
volume_quality=0.0207066
