epsilon_quality=0.223413
volume_quality=0.554693
