epsilon_quality=0.0398138
volume_quality=0.0233052
