epsilon_quality=0.0279238
volume_quality=0.0252481
