epsilon_quality=0.257022
volume_quality=0.608264
