epsilon_quality=0.165325
volume_quality=0.532276
