epsilon_quality=0.0946407
volume_quality=0.77724
