epsilon_quality=0.0122193
volume_quality=0.000897071
