epsilon_quality=0.0173423
volume_quality=0.00121315
