epsilon_quality=0.0232706
volume_quality=0.00145655
