epsilon_quality=0.0654525
volume_quality=0.0165952
