epsilon_quality=0.195053
volume_quality=0.189446
