epsilon_quality=0.109746
volume_quality=0.0901134
