epsilon_quality=0.0496367
volume_quality=0.021022
