epsilon_quality=0.0299247
volume_quality=0.0174896
