epsilon_quality=0.0461006
volume_quality=0.0104955
