epsilon_quality=0.150185
volume_quality=0.104152
