epsilon_quality=0.0251726
volume_quality=0.0785388
