epsilon_quality=0.108865
volume_quality=0.0844994
