gpsEpsilon=195.167
gpsVolume=17.8237
mQualEpsilon=0.046517
mQualVolume=0.00598639
new_planned_energy=26.42
