gpsEpsilon=8.14742e-316
gpsVolume=0.163884
mQualEpsilon=0.380656
mQualVolume=15.5355
new_planned_energy=-0.380656
