gpsEpsilon=8.14742e-316
gpsVolume=0.163884
mQualEpsilon=-1
mQualVolume=20.8274
new_planned_energy=36.9221
