gpsEpsilon=49.8848
gpsVolume=235.585
mQualEpsilon=0.0842621
mQualVolume=0.025467
new_planned_energy=33.8559
