gpsEpsilon=4.07753e-316
gpsVolume=-0.240734
mQualEpsilon=0.0217114
mQualVolume=0.00484257
new_planned_energy=54.9358
