gpsEpsilon=54.277
gpsVolume=62.4523
mQualEpsilon=0.0193438
mQualVolume=0.0177439
new_planned_energy=43.2455
