gpsEpsilon=8.33173e-316
gpsVolume=0.0233388
mQualEpsilon=0.0111018
mQualVolume=0.00304277
new_planned_energy=44.4408
