gpsEpsilon=4.97852e-316
gpsVolume=1.97626e-323
mQualEpsilon=-1
mQualVolume=0.0010113
new_planned_energy=59.628
