gpsEpsilon=0
gpsVolume=1.03754e-322
mQualEpsilon=0.0280552
mQualVolume=0.0105115
new_planned_energy=22.78
