gpsEpsilon=82.1896
gpsVolume=211.455
mQualEpsilon=0.0397645
mQualVolume=0.0114397
new_planned_energy=38.3019
