epsilon_quality=0.0852866
volume_quality=0.054031
