epsilon_quality=0.153829
volume_quality=0.318122
