epsilon_quality=0.113885
volume_quality=0.206612
