epsilon_quality=0.0703485
volume_quality=0.089906
