epsilon_quality=0.0141462
volume_quality=0.0253166
