epsilon_quality=0.0678069
volume_quality=0.436626
