epsilon_quality=0.0210188
volume_quality=0.00386432
