epsilon_quality=0.0065284
volume_quality=0.00323414
