epsilon_quality=0.0163121
volume_quality=0.0861625
