epsilon_quality=0.0364458
volume_quality=0.0915062
