epsilon_quality=0.00899101
volume_quality=0.000151874
