epsilon_quality=0.0550756
volume_quality=0.0495226
