epsilon_quality=0.0141779
volume_quality=0.0043085
