epsilon_quality=0.0562161
volume_quality=0.0343207
