epsilon_quality=0.269134
volume_quality=0.488545
