epsilon_quality=0.0955633
volume_quality=0.101573
