epsilon_quality=0.130667
volume_quality=0.0863492
