epsilon_quality=0.0442833
volume_quality=0.107393
