epsilon_quality=0.165733
volume_quality=0.373542
