epsilon_quality=0.0663599
volume_quality=0.139181
