epsilon_quality=0.105407
volume_quality=0.0447028
