epsilon_quality=0.0863703
volume_quality=0.0489173
