epsilon_quality=0.106745
volume_quality=0.344899
