epsilon_quality=0.216767
volume_quality=0.858387
