epsilon_quality=0.0747775
volume_quality=0.311832
