epsilon_quality=0.160522
volume_quality=0.266551
