epsilon_quality=0.164292
volume_quality=0.158979
