epsilon_quality=0.127536
volume_quality=0.191307
