epsilon_quality=0.0688602
volume_quality=0.0566033
