epsilon_quality=0.185584
volume_quality=0.283575
