epsilon_quality=0.0365411
volume_quality=0.00784034
