epsilon_quality=0.0675366
volume_quality=0.0096415
