epsilon_quality=0.0429034
volume_quality=0.0245466
