epsilon_quality=0.101388
volume_quality=0.116153
