epsilon_quality=0.0827219
volume_quality=0.0678216
