epsilon_quality=0.0610055
volume_quality=0.154962
