epsilon_quality=0.0895819
volume_quality=0.293516
