epsilon_quality=0.147277
volume_quality=0.441421
