epsilon_quality=0.140904
volume_quality=0.283841
