epsilon_quality=0.106014
volume_quality=0.303273
