epsilon_quality=0.0125042
volume_quality=0.051502
