epsilon_quality=0.161197
volume_quality=0.850141
