epsilon_quality=0.104714
volume_quality=0.068644
