epsilon_quality=0.0322582
volume_quality=0.0284984
