epsilon_quality=0.0168345
volume_quality=0.0126213
