epsilon_quality=0.0518117
volume_quality=0.0180712
