epsilon_quality=0.0421114
volume_quality=0.0896606
