epsilon_quality=0.0247646
volume_quality=0.0188774
