epsilon_quality=0.0417147
volume_quality=0.0146685
