gpsEpsilon=23.8186
gpsVolume=126.425
mQualEpsilon=0.0949344
mQualVolume=0.0180421
new_planned_energy=78.9661
