gpsEpsilon=106.412
gpsVolume=84.5256
mQualEpsilon=0.0640916
mQualVolume=0.0246874
new_planned_energy=60.8127
