gpsEpsilon=88.014
gpsVolume=2.21665e-316
mQualEpsilon=0.0556672
mQualVolume=0.0219279
new_planned_energy=20.4688
