gpsEpsilon=97.8753
gpsVolume=149.313
mQualEpsilon=0.0220274
mQualVolume=0.0150057
new_planned_energy=54.191
