gpsEpsilon=139.619
gpsVolume=122.339
mQualEpsilon=0.0431635
mQualVolume=0.00565798
new_planned_energy=65.9451
