gpsEpsilon=1.14588e-311
gpsVolume=1.15012e-311
mQualEpsilon=0.147923
mQualVolume=0.0426585
new_planned_energy=41.5598
