gpsEpsilon=2.54639e-313
gpsVolume=1.63042e-322
mQualEpsilon=-1
mQualVolume=0.0114207
new_planned_energy=18.7144
