gpsEpsilon=4.59018e-316
gpsVolume=1.63042e-322
mQualEpsilon=0.0273383
mQualVolume=0.0165263
new_planned_energy=21.9943
