gpsEpsilon=2.54639e-313
gpsVolume=1.63042e-322
mQualEpsilon=0.0158325
mQualVolume=0.00384154
new_planned_energy=70.0166
