gpsEpsilon=13.7884
gpsVolume=-4.16906
mQualEpsilon=0.0583394
mQualVolume=0.00935201
new_planned_energy=65.129
