gpsEpsilon=0
gpsVolume=0
mQualEpsilon=0.0776531
mQualVolume=0.0222947
new_planned_energy=44.5716
