gpsEpsilon=0
gpsVolume=0
mQualEpsilon=0.0776531
mQualVolume=0.0222947
new_planned_energy=34.1138
