gpsEpsilon=90.6231
gpsVolume=94.7306
mQualEpsilon=0.0927407
mQualVolume=0.0285509
new_planned_energy=41.7703
