gpsEpsilon=64.8198
gpsVolume=116.923
mQualEpsilon=0.100507
mQualVolume=0.0204991
new_planned_energy=57.4676
