epsilon_quality=0.118666
volume_quality=0.14904
