epsilon_quality=0.0402044
volume_quality=0.077443
