epsilon_quality=0.0433822
volume_quality=0.00399058
