epsilon_quality=0.10291
volume_quality=0.13921
