epsilon_quality=0.253004
volume_quality=0.535576
