epsilon_quality=0.0422621
volume_quality=0.0429519
