epsilon_quality=0.108911
volume_quality=0.392606
