epsilon_quality=0.0328101
volume_quality=0.0340903
