epsilon_quality=0.109955
volume_quality=0.0603093
