epsilon_quality=0.171715
volume_quality=0.25962
