epsilon_quality=0.106041
volume_quality=0.238899
