epsilon_quality=0.154548
volume_quality=0.179534
