epsilon_quality=0.189447
volume_quality=0.281909
