epsilon_quality=0.0802482
volume_quality=0.0533658
