epsilon_quality=0.0742584
volume_quality=0.0200416
