epsilon_quality=0.00733462
volume_quality=0.0505599
