epsilon_quality=0.151246
volume_quality=0.301861
