epsilon_quality=0.0560443
volume_quality=0.0588771
