epsilon_quality=0.115242
volume_quality=0.140438
