epsilon_quality=0.057367
volume_quality=0.151867
