epsilon_quality=0.059617
volume_quality=0.0424104
