epsilon_quality=0.0213525
volume_quality=0.024704
