epsilon_quality=0.0495511
volume_quality=0.0268033
