gpsEpsilon=62.6392
gpsVolume=94.3597
mQualEpsilon=0.121663
mQualVolume=0.0487044
new_planned_energy=18.9637
