gpsEpsilon=67.9315
gpsVolume=89.4319
mQualEpsilon=0.0945588
mQualVolume=0.0418309
new_planned_energy=23.3781
