gpsEpsilon=67.4959
gpsVolume=89.9325
mQualEpsilon=0.0286939
mQualVolume=0.00392451
new_planned_energy=51.8992
