gpsEpsilon=86.3044
gpsVolume=92.4613
mQualEpsilon=0.063673
mQualVolume=0.0125016
new_planned_energy=28.6872
