gpsEpsilon=124.299
gpsVolume=173.953
mQualEpsilon=0.143643
mQualVolume=0.0383199
new_planned_energy=19.5872
