gpsEpsilon=1.62235e-315
gpsVolume=6.95335e-310
mQualEpsilon=0.14355
mQualVolume=0.0486649
new_planned_energy=17.2298
