gpsEpsilon=1.16658e-315
gpsVolume=0.242333
mQualEpsilon=0.0150675
mQualVolume=0.00419284
new_planned_energy=35.1804
