gpsEpsilon=5.46718e-316
gpsVolume=1.81269e-315
mQualEpsilon=-1
mQualVolume=0.00154853
new_planned_energy=76.3076
