gpsEpsilon=87.8063
gpsVolume=94.6264
mQualEpsilon=0.152511
mQualVolume=0.0366097
new_planned_energy=16.9954
