gpsEpsilon=80.6808
gpsVolume=146.157
mQualEpsilon=0.165314
mQualVolume=0.0460181
new_planned_energy=19.5889
