gpsEpsilon=1.58953e-315
gpsVolume=0
mQualEpsilon=0.0176319
mQualVolume=0.00189033
new_planned_energy=19.7028
