gpsEpsilon=69.96
gpsVolume=93.6577
mQualEpsilon=0.00336927
mQualVolume=0.0185412
new_planned_energy=27.2635
