gpsEpsilon=71.5917
gpsVolume=93.1311
mQualEpsilon=0.140303
mQualVolume=0.0419237
new_planned_energy=23.4875
