epsilon_quality=0.141108
volume_quality=0.164808
