epsilon_quality=0.0438811
volume_quality=0.0226069
