epsilon_quality=0.0927335
volume_quality=0.0178108
