epsilon_quality=0.0647663
volume_quality=0.150878
