epsilon_quality=0.245985
volume_quality=0.464376
