epsilon_quality=0.164962
volume_quality=0.172544
