epsilon_quality=0.0911178
volume_quality=0.106606
