epsilon_quality=0.0824585
volume_quality=0.0390063
