epsilon_quality=0.0905596
volume_quality=0.0553718
