epsilon_quality=0.062881
volume_quality=0.151406
