epsilon_quality=0.0202792
volume_quality=0.0136513
