epsilon_quality=0.147067
volume_quality=0.234715
