epsilon_quality=0.100259
volume_quality=0.148461
