epsilon_quality=0.149777
volume_quality=0.816164
