epsilon_quality=0.0135542
volume_quality=0.0513659
