epsilon_quality=0.0503556
volume_quality=0.0429462
