epsilon_quality=0.0574713
volume_quality=0.0498962
