epsilon_quality=0.0366399
volume_quality=0.184568
