epsilon_quality=0.0580881
volume_quality=0.130126
