epsilon_quality=0.160885
volume_quality=0.174889
