epsilon_quality=0.141093
volume_quality=0.29254
