epsilon_quality=0.143175
volume_quality=0.295881
