epsilon_quality=0.0572269
volume_quality=0.118605
