epsilon_quality=0.120358
volume_quality=1.24502
