epsilon_quality=0.0150899
volume_quality=0.109092
