epsilon_quality=0.268942
volume_quality=1.17645
