gpsEpsilon=85.4456
gpsVolume=27.211
mQualEpsilon=0.0932617
mQualVolume=0.00731734
new_planned_energy=32.3471
