gpsEpsilon=96.6119
gpsVolume=83.7108
mQualEpsilon=3.46945e-18
mQualVolume=0.00248314
new_planned_energy=22.3087
