gpsEpsilon=148.51
gpsVolume=42.4497
mQualEpsilon=0.0121741
mQualVolume=0.00290764
new_planned_energy=28.1889
