gpsEpsilon=134.075
gpsVolume=122.934
mQualEpsilon=0.0598588
mQualVolume=0.00752782
new_planned_energy=42.5237
