gpsEpsilon=127.362
gpsVolume=68.2775
mQualEpsilon=0.123526
mQualVolume=0.0187596
new_planned_energy=33.6959
