gpsEpsilon=82.4073
gpsVolume=108.567
mQualEpsilon=0.00700566
mQualVolume=0.00544215
new_planned_energy=36.9228
