gpsEpsilon=71.5543
gpsVolume=75.2285
mQualEpsilon=0.0278051
mQualVolume=0.00220133
new_planned_energy=29.6342
