gpsEpsilon=116.889
gpsVolume=76.2376
mQualEpsilon=0.0616228
mQualVolume=0.010942
new_planned_energy=28.9207
