gpsEpsilon=116.889
gpsVolume=76.2376
mQualEpsilon=0.527798
mQualVolume=32.3981
new_planned_energy=-0.527798
