gpsEpsilon=103.886
gpsVolume=155.625
mQualEpsilon=0.0155414
mQualVolume=0.00029827
new_planned_energy=41.9601
