gpsEpsilon=65.1223
gpsVolume=147.203
mQualEpsilon=0.0928332
mQualVolume=0.0139485
new_planned_energy=40.2278
