gpsEpsilon=78.7611
gpsVolume=108.273
mQualEpsilon=0.0782422
mQualVolume=0.00820177
new_planned_energy=40.8551
