epsilon_quality=0.0792776
volume_quality=0.0266688
