epsilon_quality=0.216225
volume_quality=1.06332
