epsilon_quality=0.0169374
volume_quality=0.039884
