epsilon_quality=0.0321583
volume_quality=0.080569
