epsilon_quality=0.0694534
volume_quality=0.0987744
