epsilon_quality=0.124286
volume_quality=0.0741914
