epsilon_quality=0.130863
volume_quality=0.100045
