epsilon_quality=0.180951
volume_quality=0.0731605
