epsilon_quality=0.0757609
volume_quality=0.0940693
