gpsEpsilon=0.0078125
gpsVolume=0
mQualEpsilon=0.876892
mQualVolume=22.7955
new_planned_energy=-0.876892
