gpsEpsilon=0.0078125
gpsVolume=0
mQualEpsilon=0.0269771
mQualVolume=0.00593624
new_planned_energy=9.21366
