gpsEpsilon=1.12013e-315
gpsVolume=0
mQualEpsilon=0.04016
mQualVolume=0.0146329
new_planned_energy=52.4641
