gpsEpsilon=5.54525e-316
gpsVolume=0
mQualEpsilon=1.63465
mQualVolume=50.942
new_planned_energy=-1.63465
