gpsEpsilon=5.54525e-316
gpsVolume=0
mQualEpsilon=1.60849
mQualVolume=49.1945
new_planned_energy=-1.60849
