gpsEpsilon=5.54525e-316
gpsVolume=0
mQualEpsilon=1.64664
mQualVolume=49.8735
new_planned_energy=-1.64664
