gpsEpsilon=5.54525e-316
gpsVolume=0
mQualEpsilon=1.62852
mQualVolume=49.9597
new_planned_energy=-1.62852
