gpsEpsilon=5.54525e-316
gpsVolume=0
mQualEpsilon=1.64805
mQualVolume=50.3689
new_planned_energy=-1.64805
