gpsEpsilon=32.3141
gpsVolume=2.42092e-322
mQualEpsilon=1.55096
mQualVolume=48.0484
new_planned_energy=-1.55096
