gpsEpsilon=32.3141
gpsVolume=2.42092e-322
mQualEpsilon=1.10105
mQualVolume=39.3536
new_planned_energy=12.9652
