gpsEpsilon=32.3141
gpsVolume=2.42092e-322
mQualEpsilon=1.51923
mQualVolume=47.2156
new_planned_energy=-1.51923
