gpsEpsilon=14.9714
gpsVolume=2.42092e-322
mQualEpsilon=-1
mQualVolume=0.0074595
new_planned_energy=49.3272
