gpsEpsilon=14.9714
gpsVolume=2.42092e-322
mQualEpsilon=-1
mQualVolume=5.40523e-06
new_planned_energy=23.3315
