gpsEpsilon=29.5958
gpsVolume=2.42092e-322
mQualEpsilon=0.00475212
mQualVolume=0.00498833
new_planned_energy=49.7225
