gpsEpsilon=28.8346
gpsVolume=2.42092e-322
mQualEpsilon=1.54124
mQualVolume=48.0577
new_planned_energy=-1.54124
