gpsEpsilon=28.8346
gpsVolume=2.42092e-322
mQualEpsilon=1.58433
mQualVolume=48.1417
new_planned_energy=-1.58433
