gpsEpsilon=28.8346
gpsVolume=2.42092e-322
mQualEpsilon=1.58934
mQualVolume=48.1341
new_planned_energy=-1.58934
