gpsEpsilon=28.8346
gpsVolume=2.42092e-322
mQualEpsilon=1.36515
mQualVolume=46.3239
new_planned_energy=-1.36515
