gpsEpsilon=21.0302
gpsVolume=2.42092e-322
mQualEpsilon=-1
mQualVolume=0.00627793
new_planned_energy=21.5207
