gpsEpsilon=21.0302
gpsVolume=2.42092e-322
mQualEpsilon=1.70891
mQualVolume=51.6071
new_planned_energy=17.253
