epsilon_quality=0.0976235
volume_quality=0.101972
