epsilon_quality=0.121916
volume_quality=0.309473
