epsilon_quality=0.00369388
volume_quality=0.0374452
