epsilon_quality=0.0849604
volume_quality=0.105568
