epsilon_quality=0.03807
volume_quality=0.00776736
