epsilon_quality=0.243192
volume_quality=1.06224
