epsilon_quality=0.00249198
volume_quality=0.0844411
