epsilon_quality=0.0971153
volume_quality=0.316956
