epsilon_quality=0.0985727
volume_quality=0.170026
