epsilon_quality=0.103523
volume_quality=0.0734798
