epsilon_quality=0.00709921
volume_quality=0.0688265
