epsilon_quality=0.00579754
volume_quality=0.0431038
