epsilon_quality=0.273901
volume_quality=0.957164
