epsilon_quality=0.141678
volume_quality=0.24909
