epsilon_quality=0.240253
volume_quality=0.567148
