epsilon_quality=0.0658138
volume_quality=0.155958
