epsilon_quality=0.116704
volume_quality=0.428975
