epsilon_quality=0.143038
volume_quality=0.0851923
