epsilon_quality=0.0327211
volume_quality=0.0837819
