epsilon_quality=0.062482
volume_quality=0.11961
