epsilon_quality=0.00980888
volume_quality=0.0697274
