epsilon_quality=0.137544
volume_quality=0.75817
