epsilon_quality=0.145684
volume_quality=0.446913
