epsilon_quality=0.0190454
volume_quality=0.0016488
