epsilon_quality=0.0347412
volume_quality=0.00232559
