epsilon_quality=0.0400558
volume_quality=0.0128207
