epsilon_quality=0.0313779
volume_quality=0.0991713
