epsilon_quality=0.128785
volume_quality=0.165554
