epsilon_quality=0.13716
volume_quality=0.231978
