epsilon_quality=0.0454822
volume_quality=0.0347759
