epsilon_quality=0.112085
volume_quality=0.145852
