epsilon_quality=0.033594
volume_quality=0.393406
