epsilon_quality=0.311355
volume_quality=1.28996
