gpsEpsilon=103.791
gpsVolume=33.5895
mQualEpsilon=0.0827185
mQualVolume=0.0194145
new_planned_energy=41.7746
