gpsEpsilon=1.27069e-315
gpsVolume=0
mQualEpsilon=-1
mQualVolume=0.00312783
new_planned_energy=51.5552
