gpsEpsilon=0.163333
gpsVolume=0
mQualEpsilon=0.004062
mQualVolume=0.0174034
new_planned_energy=50.7774
