gpsEpsilon=-0.158352
gpsVolume=2.42092e-322
mQualEpsilon=-1
mQualVolume=0.00506364
new_planned_energy=53.3159
