gpsEpsilon=0
gpsVolume=0
mQualEpsilon=0.103014
mQualVolume=0.00976243
new_planned_energy=48.6594
