gpsEpsilon=0.00445639
gpsVolume=0.894581
mQualEpsilon=0.00762942
mQualVolume=0.00534669
new_planned_energy=70.0022
