gpsEpsilon=0.0747916
gpsVolume=-0.0382773
mQualEpsilon=0.0757584
mQualVolume=0.0183886
new_planned_energy=44.5717
