gpsEpsilon=0
gpsVolume=2.42092e-322
mQualEpsilon=0.0467102
mQualVolume=0.0109961
new_planned_energy=45.7333
