gpsEpsilon=-0.0656514
gpsVolume=0.216628
mQualEpsilon=0.0706818
mQualVolume=0.0157651
new_planned_energy=62.1768
