gpsEpsilon=-0.396311
gpsVolume=-0.0263523
mQualEpsilon=0.0603275
mQualVolume=0.00822786
new_planned_energy=49.0318
