gpsEpsilon=0.105563
gpsVolume=0.88907
mQualEpsilon=0.0160812
mQualVolume=0.00664513
new_planned_energy=52.746
