epsilon_quality=0.16969
volume_quality=0.167086
