epsilon_quality=0.23157
volume_quality=1.08852
