epsilon_quality=0.0883759
volume_quality=0.0589421
