epsilon_quality=0.0211727
volume_quality=0.218079
