epsilon_quality=0.208276
volume_quality=0.176956
