epsilon_quality=0.00452743
volume_quality=0.021029
