epsilon_quality=0.0582183
volume_quality=0.00829324
