epsilon_quality=0.0264411
volume_quality=0.0297093
