epsilon_quality=0.0693889
volume_quality=0.0847166
