epsilon_quality=0.133079
volume_quality=0.0806871
