epsilon_quality=0.0550589
volume_quality=0.0213471
