epsilon_quality=0.119441
volume_quality=0.116214
