gpsEpsilon=6.35401
gpsVolume=101.425
mQualEpsilon=0.00351261
mQualVolume=0.000635452
new_planned_energy=74.9994
