gpsEpsilon=57.2981
gpsVolume=78.1103
mQualEpsilon=0.0257042
mQualVolume=0.011159
new_planned_energy=76.0102
