gpsEpsilon=60.5528
gpsVolume=65.4319
mQualEpsilon=0.00307332
mQualVolume=0.00238335
new_planned_energy=59.4522
