gpsEpsilon=58.5033
gpsVolume=69.1759
mQualEpsilon=0.0271781
mQualVolume=0.00688741
new_planned_energy=77.5462
