gpsEpsilon=59.9483
gpsVolume=70.9912
mQualEpsilon=0.0483847
mQualVolume=0.0229373
new_planned_energy=50.1443
