gpsEpsilon=36.8381
gpsVolume=17.809
mQualEpsilon=0.00897202
mQualVolume=0.00151025
new_planned_energy=95.4793
