epsilon_quality=0.136948
volume_quality=0.548502
