epsilon_quality=0.0631695
volume_quality=0.733526
