epsilon_quality=0.116561
volume_quality=0.725514
