epsilon_quality=0.0478733
volume_quality=0.136131
