epsilon_quality=0.199491
volume_quality=1.13523
