epsilon_quality=0.00702579
volume_quality=0.0124658
