epsilon_quality=0.0213828
volume_quality=0.262319
