epsilon_quality=0.0968973
volume_quality=0.144248
