epsilon_quality=0.375466
volume_quality=1.51243
