epsilon_quality=0.350964
volume_quality=1.14946
