epsilon_quality=0.0968847
volume_quality=0.235566
