epsilon_quality=0.0442186
volume_quality=0.0131481
