epsilon_quality=0.0392895
volume_quality=0.0553435
