epsilon_quality=0.0677104
volume_quality=0.0568611
