epsilon_quality=0.0770315
volume_quality=0.0526719
