epsilon_quality=0.0545642
volume_quality=0.0168553
