epsilon_quality=0.097015
volume_quality=0.0789838
