gpsEpsilon=191.314
gpsVolume=105.302
mQualEpsilon=0.0179135
mQualVolume=0.00587436
new_planned_energy=96.4207
