gpsEpsilon=191.314
gpsVolume=101.361
mQualEpsilon=0.0131174
mQualVolume=0.00356239
new_planned_energy=20.5723
