gpsEpsilon=214.612
gpsVolume=101.361
mQualEpsilon=1.81223
mQualVolume=52.103
new_planned_energy=-1.81223
