gpsEpsilon=214.612
gpsVolume=101.361
mQualEpsilon=1.85992
mQualVolume=50.9092
new_planned_energy=-1.85992
