gpsEpsilon=97.5482
gpsVolume=160.375
mQualEpsilon=0.0360144
mQualVolume=0.0397148
new_planned_energy=72.1225
