gpsEpsilon=1.19738e-315
gpsVolume=5.77869e-316
mQualEpsilon=-1
mQualVolume=0.00268597
new_planned_energy=42.7862
