gpsEpsilon=0
gpsVolume=0
mQualEpsilon=0.00951809
mQualVolume=0.00167197
new_planned_energy=58.441
