gpsEpsilon=238.033
gpsVolume=109.719
mQualEpsilon=0.0233995
mQualVolume=0.00839347
new_planned_energy=51.1507
