epsilon_quality=0.147821
volume_quality=0.113031
