epsilon_quality=0.190221
volume_quality=0.623348
