epsilon_quality=0.120991
volume_quality=0.210306
