epsilon_quality=0.170043
volume_quality=0.209118
