epsilon_quality=0.0288397
volume_quality=0.0268963
