epsilon_quality=0.054517
volume_quality=0.133502
