epsilon_quality=0.000493798
volume_quality=0.026548
