epsilon_quality=0.00619443
volume_quality=0.26113
