epsilon_quality=0.19518
volume_quality=0.373108
