epsilon_quality=0.219571
volume_quality=0.80191
