gpsEpsilon=67.2516
gpsVolume=121.407
mQualEpsilon=0.026603
mQualVolume=0.00496961
new_planned_energy=61.0184
