gpsEpsilon=62.5909
gpsVolume=122.327
mQualEpsilon=0.00163392
mQualVolume=0.00650289
new_planned_energy=48.7229
