gpsEpsilon=71.9559
gpsVolume=122.363
mQualEpsilon=0.0142021
mQualVolume=0.00173549
new_planned_energy=39.6023
