gpsEpsilon=76.6671
gpsVolume=123.711
mQualEpsilon=0.00660051
mQualVolume=0.00712632
new_planned_energy=66.8067
