gpsEpsilon=119.272
gpsVolume=119.211
mQualEpsilon=0.0262395
mQualVolume=0.00448301
new_planned_energy=16.7463
