gpsEpsilon=233.747
gpsVolume=115.544
mQualEpsilon=0.00955051
mQualVolume=0.00424845
new_planned_energy=39.2627
