gpsEpsilon=76.6671
gpsVolume=92.2332
mQualEpsilon=0.00951235
mQualVolume=0.00484744
new_planned_energy=58.4754
