gpsEpsilon=62.5909
gpsVolume=91.4469
mQualEpsilon=0.024236
mQualVolume=0.0089962
new_planned_energy=28.3401
