gpsEpsilon=83.3161
gpsVolume=126.128
mQualEpsilon=1.21285
mQualVolume=30.9909
new_planned_energy=-1.21285
