gpsEpsilon=83.3161
gpsVolume=126.128
mQualEpsilon=0.0749389
mQualVolume=0.003627
new_planned_energy=74.4916
