gpsEpsilon=81.3318
gpsVolume=121.85
mQualEpsilon=0.0135674
mQualVolume=0.0119686
new_planned_energy=36.5951
