gpsEpsilon=100.464
gpsVolume=223.895
mQualEpsilon=0.0602607
mQualVolume=0.00383253
new_planned_energy=65.642
