gpsEpsilon=100.464
gpsVolume=203.826
mQualEpsilon=0.00761243
mQualVolume=0.000528738
new_planned_energy=85.546
