gpsEpsilon=106.678
gpsVolume=130.071
mQualEpsilon=0.0114689
mQualVolume=0.00619104
new_planned_energy=75.4797
