gpsEpsilon=92.1184
gpsVolume=53.2097
mQualEpsilon=0.02429
mQualVolume=0.00166084
new_planned_energy=33.7257
