gpsEpsilon=92.8329
gpsVolume=51.8947
mQualEpsilon=0.00357342
mQualVolume=0.00118503
new_planned_energy=33.7525
