gpsEpsilon=116.404
gpsVolume=229.664
mQualEpsilon=0.0258174
mQualVolume=0.00305965
new_planned_energy=25.7885
