gpsEpsilon=115.812
gpsVolume=223.2
mQualEpsilon=0.00726665
mQualVolume=0.00211699
new_planned_energy=60.0664
