gpsEpsilon=123.864
gpsVolume=212.446
mQualEpsilon=1.60225
mQualVolume=45.1485
new_planned_energy=-1.60225
