gpsEpsilon=106.678
gpsVolume=207.897
mQualEpsilon=0.0258174
mQualVolume=0.00305965
new_planned_energy=27.8381
