gpsEpsilon=106.678
gpsVolume=223.436
mQualEpsilon=0.0105159
mQualVolume=0.0033147
new_planned_energy=71.27
