epsilon_quality=0.0180182
volume_quality=0.00994078
