epsilon_quality=0.245292
volume_quality=0.327298
