epsilon_quality=0.109108
volume_quality=0.449664
