epsilon_quality=0.321948
volume_quality=0.958274
