epsilon_quality=0.207925
volume_quality=0.514819
