epsilon_quality=0.128637
volume_quality=0.544722
