epsilon_quality=0.0768329
volume_quality=0.398015
