epsilon_quality=0.0404623
volume_quality=0.086487
