epsilon_quality=0.0715147
volume_quality=0.195437
