epsilon_quality=0.0516108
volume_quality=0.0126847
