epsilon_quality=0.0290189
volume_quality=0.0130517
