epsilon_quality=0.0215793
volume_quality=0.0160131
