epsilon_quality=0.143599
volume_quality=0.177617
