epsilon_quality=0.0264963
volume_quality=0.0272921
