epsilon_quality=0.0407531
volume_quality=0.0260531
