epsilon_quality=2.42861e-17
volume_quality=0.0261195
