epsilon_quality=0.0472806
volume_quality=0.096234
