epsilon_quality=0.240029
volume_quality=0.460984
