epsilon_quality=0.123253
volume_quality=0.600731
