epsilon_quality=0.187153
volume_quality=0.47223
