epsilon_quality=0.0250309
volume_quality=0.0423418
