epsilon_quality=0.0697444
volume_quality=0.0214897
