epsilon_quality=0.0154542
volume_quality=0.00155022
