epsilon_quality=0.0110375
volume_quality=0.0226884
