epsilon_quality=0.0543934
volume_quality=0.0104817
