epsilon_quality=0.0334408
volume_quality=0.0210732
