epsilon_quality=0.18343
volume_quality=0.354254
