epsilon_quality=0.0942377
volume_quality=0.0961815
