epsilon_quality=0.125376
volume_quality=0.265403
