epsilon_quality=0.066211
volume_quality=0.120354
