epsilon_quality=0.0747202
volume_quality=0.157532
