epsilon_quality=0.295197
volume_quality=1.41539
