epsilon_quality=0.184771
volume_quality=0.861272
