epsilon_quality=0.216013
volume_quality=1.06236
