epsilon_quality=0.201821
volume_quality=0.47759
