epsilon_quality=0.166546
volume_quality=0.249074
