epsilon_quality=0.083175
volume_quality=0.0541053
