epsilon_quality=0.0252674
volume_quality=0.0925387
