epsilon_quality=0.0536128
volume_quality=0.0650426
