epsilon_quality=0.0659167
volume_quality=0.104106
