epsilon_quality=0.0438241
volume_quality=0.0135153
