epsilon_quality=0.108579
volume_quality=0.178664
