epsilon_quality=0.0379637
volume_quality=0.0222609
