epsilon_quality=0.0735898
volume_quality=0.0427164
