epsilon_quality=0.145395
volume_quality=0.309293
