epsilon_quality=0.0497562
volume_quality=0.0375588
