epsilon_quality=0.02753
volume_quality=0.0174416
