epsilon_quality=0.012267
volume_quality=0.103658
