epsilon_quality=0.0526841
volume_quality=0.0243265
