epsilon_quality=0.0788772
volume_quality=0.105314
