epsilon_quality=0.109128
volume_quality=0.252819
