epsilon_quality=0.065752
volume_quality=0.0653234
