epsilon_quality=0.063699
volume_quality=0.126259
