epsilon_quality=0.0546948
volume_quality=0.257831
