epsilon_quality=0.342843
volume_quality=1.27791
