epsilon_quality=0.0463461
volume_quality=0.0277626
