epsilon_quality=0.0910818
volume_quality=0.121482
