epsilon_quality=0.00987498
volume_quality=0.0256157
