epsilon_quality=0.0687043
volume_quality=0.0222935
