epsilon_quality=0.0312396
volume_quality=0.0096097
