epsilon_quality=0.0110336
volume_quality=0.0147948
