epsilon_quality=0.0274487
volume_quality=0.0178778
