epsilon_quality=0.0301266
volume_quality=0.148266
