epsilon_quality=0.0478431
volume_quality=0.119182
