gpsEpsilon=225.098
gpsVolume=62.0903
mQualEpsilon=0.015793
mQualVolume=0.00398035
new_planned_energy=24.4968
