gpsEpsilon=182.947
gpsVolume=40.1455
mQualEpsilon=0.0115791
mQualVolume=0.012491
new_planned_energy=66.4187
