gpsEpsilon=103.168
gpsVolume=73.0679
mQualEpsilon=0.0263646
mQualVolume=0.00306045
new_planned_energy=48.6935
