gpsEpsilon=1.34697e-315
gpsVolume=2.56764e-312
mQualEpsilon=-1
mQualVolume=0.00711823
new_planned_energy=54.3835
