gpsEpsilon=1.31534e-315
gpsVolume=1.38235e-315
mQualEpsilon=0.0627692
mQualVolume=0.00523255
new_planned_energy=57.0634
