gpsEpsilon=1.28708e-315
gpsVolume=1.10699e-315
mQualEpsilon=0.0722262
mQualVolume=0.0209354
new_planned_energy=38.8976
