gpsEpsilon=8.04491
gpsVolume=0
mQualEpsilon=0.0634393
mQualVolume=0.0213449
new_planned_energy=25.9272
