gpsEpsilon=245.782
gpsVolume=32.938
mQualEpsilon=0.0051724
mQualVolume=0.00582333
new_planned_energy=62.8505
