gpsEpsilon=222.073
gpsVolume=68.3854
mQualEpsilon=0.0741951
mQualVolume=0.0145091
new_planned_energy=44.2682
