gpsEpsilon=245.133
gpsVolume=34.182
mQualEpsilon=0.037071
mQualVolume=0.00861739
new_planned_energy=50.1632
