gpsEpsilon=152.216
gpsVolume=51.3867
mQualEpsilon=0.0208454
mQualVolume=0.00404559
new_planned_energy=41.8096
