epsilon_quality=0.290423
volume_quality=0.598921
