epsilon_quality=0.18579
volume_quality=0.581135
