epsilon_quality=0.171825
volume_quality=1.01811
