epsilon_quality=0.16828
volume_quality=0.274873
