epsilon_quality=0.152804
volume_quality=0.347086
