gpsEpsilon=4.47057e-316
gpsVolume=4.47259e-316
mQualEpsilon=0.0340889
mQualVolume=0.00873972
new_planned_energy=69.1924
