gpsEpsilon=2.5982e-316
gpsVolume=0.302331
mQualEpsilon=0.0488427
mQualVolume=0.00244585
new_planned_energy=31.3586
