gpsEpsilon=4.47143e-316
gpsVolume=4.47151e-316
mQualEpsilon=-1
mQualVolume=0.000113115
new_planned_energy=49.5045
