gpsEpsilon=126.569
gpsVolume=121.843
mQualEpsilon=0.0303795
mQualVolume=0.00244447
new_planned_energy=31.9739
