gpsEpsilon=126.569
gpsVolume=121.843
mQualEpsilon=1.68289
mQualVolume=53.2994
new_planned_energy=-1.68289
