gpsEpsilon=1.97626e-323
gpsVolume=0
mQualEpsilon=0.0621331
mQualVolume=0.00649924
new_planned_energy=32.0119
