gpsEpsilon=161.092
gpsVolume=72.9036
mQualEpsilon=0.053183
mQualVolume=0.00594229
new_planned_energy=62.3635
