gpsEpsilon=108.66
gpsVolume=83.1708
mQualEpsilon=0.00719433
mQualVolume=0.0048319
new_planned_energy=44.7396
