gpsEpsilon=66.8398
gpsVolume=140.79
mQualEpsilon=0.00897544
mQualVolume=0.00178893
new_planned_energy=89.0878
