gpsEpsilon=1.15416e-316
gpsVolume=4.19647e-316
mQualEpsilon=1.82063
mQualVolume=55.1269
new_planned_energy=-1.82063
