gpsEpsilon=1.15416e-316
gpsVolume=4.19647e-316
mQualEpsilon=-1
mQualVolume=0.0016972
new_planned_energy=31.3222
