gpsEpsilon=1.15416e-316
gpsVolume=4.19647e-316
mQualEpsilon=1.67388
mQualVolume=54.1718
new_planned_energy=-1.67388
