epsilon_quality=0.0400831
volume_quality=0.0214173
