epsilon_quality=0.0613326
volume_quality=0.0872532
