epsilon_quality=0.0039791
volume_quality=0.110166
