epsilon_quality=0.0541226
volume_quality=0.0379798
