epsilon_quality=0.037005
volume_quality=0.0378154
