epsilon_quality=0.223772
volume_quality=0.725977
