epsilon_quality=0.166848
volume_quality=0.417378
