epsilon_quality=0.0876585
volume_quality=0.0610704
