epsilon_quality=0.0300406
volume_quality=0.0134563
