epsilon_quality=0.0386447
volume_quality=0.024563
