epsilon_quality=0.0730312
volume_quality=0.164386
