epsilon_quality=0.0323258
volume_quality=0.13058
