epsilon_quality=0.0112337
volume_quality=0.0243765
