epsilon_quality=0.0952887
volume_quality=0.0391029
