epsilon_quality=0.0829449
volume_quality=0.187419
