epsilon_quality=0.0718779
volume_quality=0.0160968
