epsilon_quality=0.0716493
volume_quality=0.103255
