epsilon_quality=0.235245
volume_quality=1.16929
