epsilon_quality=0.205633
volume_quality=0.742064
