epsilon_quality=0.0470477
volume_quality=0.102151
