epsilon_quality=0.185642
volume_quality=0.26977
