epsilon_quality=0.0295974
volume_quality=0.0361442
