epsilon_quality=0.0132453
volume_quality=0.128615
