epsilon_quality=0.118757
volume_quality=0.247087
