epsilon_quality=0.141889
volume_quality=0.145021
