epsilon_quality=0.0029352
volume_quality=0.514197
