epsilon_quality=0.0423966
volume_quality=0.113541
