epsilon_quality=0.00208238
volume_quality=0.0529672
