epsilon_quality=0.156403
volume_quality=0.112985
