epsilon_quality=0.0130771
volume_quality=0.0261132
