epsilon_quality=0.109565
volume_quality=0.232779
