epsilon_quality=0.156046
volume_quality=0.375395
