epsilon_quality=0.0998824
volume_quality=1.05627
