epsilon_quality=0.0360921
volume_quality=0.103815
