epsilon_quality=0.0501986
volume_quality=0.319076
