epsilon_quality=0.0511612
volume_quality=0.0149848
