epsilon_quality=0.00956662
volume_quality=0.00225355
