epsilon_quality=0.0181427
volume_quality=0.00569526
