epsilon_quality=0.0543278
volume_quality=0.0229391
