epsilon_quality=0.116245
volume_quality=1.27273
