epsilon_quality=0.151795
volume_quality=0.727645
