epsilon_quality=0.0716212
volume_quality=0.0211586
