epsilon_quality=0.00549733
volume_quality=0.020293
