epsilon_quality=0.00134845
volume_quality=0.0305743
