epsilon_quality=0.0321091
volume_quality=0.0290636
