epsilon_quality=0.037699
volume_quality=0.00791509
