epsilon_quality=0.00474145
volume_quality=0.00350485
