epsilon_quality=0.0168908
volume_quality=0.000308384
