epsilon_quality=0.146356
volume_quality=0.161158
