epsilon_quality=0.124439
volume_quality=0.078236
