epsilon_quality=0.261988
volume_quality=0.892949
