epsilon_quality=0.122359
volume_quality=0.0382817
