epsilon_quality=0.0568117
volume_quality=0.0548472
