epsilon_quality=0.0808217
volume_quality=0.064243
