epsilon_quality=0.0147783
volume_quality=0.0893015
