epsilon_quality=0.0989061
volume_quality=0.0462807
