epsilon_quality=0.144401
volume_quality=0.157281
