epsilon_quality=0.138604
volume_quality=0.602993
