epsilon_quality=0.110141
volume_quality=0.202621
