epsilon_quality=0.0914896
volume_quality=0.159162
