epsilon_quality=0.148395
volume_quality=0.513516
