epsilon_quality=0.025037
volume_quality=0.0470464
