epsilon_quality=0.0917746
volume_quality=0.137834
