epsilon_quality=9.71445e-17
volume_quality=0.0181826
