epsilon_quality=0.116497
volume_quality=0.127346
