epsilon_quality=0.0408079
volume_quality=0.0514193
