epsilon_quality=0.29571
volume_quality=1.30449
