epsilon_quality=0.18671
volume_quality=0.876519
