epsilon_quality=0.0585054
volume_quality=0.0212935
