epsilon_quality=0.212066
volume_quality=0.268758
