epsilon_quality=0.0927058
volume_quality=0.0953879
