epsilon_quality=0.0527709
volume_quality=0.0422402
