epsilon_quality=0.274778
volume_quality=0.653901
