epsilon_quality=0.0614574
volume_quality=0.194228
