epsilon_quality=0.00941258
volume_quality=0.00262464
