epsilon_quality=0.0718357
volume_quality=0.0633768
