gpsEpsilon=153.19
gpsVolume=233.002
mQualEpsilon=0.0914765
mQualVolume=0.0236642
new_planned_energy=51.7105
