gpsEpsilon=164.568
gpsVolume=181.841
mQualEpsilon=0.000726064
mQualVolume=0.00163272
new_planned_energy=57.4179
