gpsEpsilon=147.186
gpsVolume=136.901
mQualEpsilon=0.0396219
mQualVolume=0.0131669
new_planned_energy=37.6973
