gpsEpsilon=9.40971e-316
gpsVolume=9.01434e-314
mQualEpsilon=0.00616529
mQualVolume=0.000887306
new_planned_energy=60.8296
