gpsEpsilon=8.33241e-316
gpsVolume=6.95335e-310
mQualEpsilon=-1
mQualVolume=0.0270217
new_planned_energy=78.3826
