gpsEpsilon=-0.500804
gpsVolume=-0.145424
mQualEpsilon=-1
mQualVolume=0.0573777
new_planned_energy=24.9988
