gpsEpsilon=6.19268e-316
gpsVolume=-0.405304
mQualEpsilon=-1
mQualVolume=0.0135754
new_planned_energy=68.6588
