gpsEpsilon=0.0565824
gpsVolume=0.59644
mQualEpsilon=0.0203829
mQualVolume=0.0257218
new_planned_energy=33.7377
