gpsEpsilon=154.169
gpsVolume=226.004
mQualEpsilon=0.0382921
mQualVolume=0.0165183
new_planned_energy=45.2881
