gpsEpsilon=0.9744
gpsVolume=0.211706
mQualEpsilon=-1
mQualVolume=0.00730882
new_planned_energy=72.1597
