gpsEpsilon=5.92879e-321
gpsVolume=2.37152e-322
mQualEpsilon=0.00687382
mQualVolume=0.00359663
new_planned_energy=31.385
