gpsEpsilon=5.92879e-321
gpsVolume=2.37152e-322
mQualEpsilon=1.64165
mQualVolume=48.7461
new_planned_energy=-1.64165
