gpsEpsilon=5.92879e-321
gpsVolume=2.37152e-322
mQualEpsilon=1.46235
mQualVolume=43.2967
new_planned_energy=18.1588
