epsilon_quality=0.140979
volume_quality=0.0952477
