epsilon_quality=0.0117699
volume_quality=0.00269984
