epsilon_quality=0.134387
volume_quality=0.0893618
