epsilon_quality=0.12021
volume_quality=0.0222458
