epsilon_quality=0.0623662
volume_quality=0.0273351
