epsilon_quality=0.0479024
volume_quality=0.018518
