epsilon_quality=0.114802
volume_quality=0.105133
