epsilon_quality=0.041134
volume_quality=0.00707039
