epsilon_quality=0.0323116
volume_quality=0.0359203
