epsilon_quality=0.178988
volume_quality=0.553839
