epsilon_quality=0.0284954
volume_quality=0.0746515
