epsilon_quality=0.0403279
volume_quality=0.0540985
