epsilon_quality=0.078365
volume_quality=0.0801392
