epsilon_quality=0.0581237
volume_quality=0.0319035
