epsilon_quality=0.0533966
volume_quality=0.0862126
