epsilon_quality=0.06049
volume_quality=0.235651
