epsilon_quality=0.0310531
volume_quality=0.500261
