epsilon_quality=0.017184
volume_quality=0.00480223
