epsilon_quality=0.0932741
volume_quality=0.0799326
