epsilon_quality=0.0669152
volume_quality=0.0435278
