epsilon_quality=0.0258686
volume_quality=0.0130633
