epsilon_quality=0.0112298
volume_quality=0.00230223
