epsilon_quality=0.0499183
volume_quality=0.0213538
