epsilon_quality=0.0245555
volume_quality=0.0863652
