epsilon_quality=0.119976
volume_quality=0.0770833
