epsilon_quality=0.080202
volume_quality=0.242715
