epsilon_quality=0.214161
volume_quality=1.59803
