epsilon_quality=0.0303322
volume_quality=0.0722927
