epsilon_quality=0.217006
volume_quality=1.36918
