epsilon_quality=0.267461
volume_quality=1.41744
