epsilon_quality=0.223528
volume_quality=0.927267
