epsilon_quality=0.0239982
volume_quality=0.00223713
