epsilon_quality=0.00934907
volume_quality=0.0790781
