epsilon_quality=0.10367
volume_quality=0.116792
