epsilon_quality=0.292949
volume_quality=0.854006
