gpsEpsilon=235.279
gpsVolume=85.3349
mQualEpsilon=0.0133217
mQualVolume=0.00433069
new_planned_energy=104.534
