gpsEpsilon=238.659
gpsVolume=84.7903
mQualEpsilon=0.00153502
mQualVolume=0.000416223
new_planned_energy=90.0051
