gpsEpsilon=15.7178
gpsVolume=95.7092
mQualEpsilon=0.00991831
mQualVolume=0.00282142
new_planned_energy=39.1352
