gpsEpsilon=15.7194
gpsVolume=97.5223
mQualEpsilon=0.10293
mQualVolume=0.0118545
new_planned_energy=76.3791
