gpsEpsilon=95.6846
gpsVolume=86.0895
mQualEpsilon=0.0236096
mQualVolume=0.0147526
new_planned_energy=22.4041
