gpsEpsilon=95.6846
gpsVolume=86.0895
mQualEpsilon=1.78906
mQualVolume=55.3237
new_planned_energy=-1.78906
