gpsEpsilon=67.5373
gpsVolume=89.6234
mQualEpsilon=0.022114
mQualVolume=0.00246102
new_planned_energy=33.1627
