gpsEpsilon=24.2698
gpsVolume=80.2091
mQualEpsilon=0.00982346
mQualVolume=0.000826405
new_planned_energy=66.6642
