gpsEpsilon=217.759
gpsVolume=83.9892
mQualEpsilon=0.0233654
mQualVolume=0.00109636
new_planned_energy=33.8383
