gpsEpsilon=224.41
gpsVolume=86.172
mQualEpsilon=0.0173329
mQualVolume=0.0157718
new_planned_energy=58.5412
