gpsEpsilon=230.31
gpsVolume=88.2475
mQualEpsilon=0.0271321
mQualVolume=0.00558552
new_planned_energy=43.0382
