epsilon_quality=0.0375513
volume_quality=0.0350345
