epsilon_quality=0.0454656
volume_quality=0.0159292
