epsilon_quality=0.0547917
volume_quality=0.418959
