epsilon_quality=0.042859
volume_quality=0.00657606
