epsilon_quality=0.0429624
volume_quality=0.00997604
