epsilon_quality=0.0696827
volume_quality=0.0516353
