epsilon_quality=0.0353409
volume_quality=0.00505071
