epsilon_quality=0.102273
volume_quality=0.195311
