epsilon_quality=0.0418132
volume_quality=0.0974859
