gpsEpsilon=127.216
gpsVolume=150.698
mQualEpsilon=0.0285883
mQualVolume=0.00294877
new_planned_energy=46.3262
