gpsEpsilon=112.521
gpsVolume=150.695
mQualEpsilon=0.012068
mQualVolume=0.0105807
new_planned_energy=21.1214
