gpsEpsilon=127.529
gpsVolume=150.698
mQualEpsilon=0.0360258
mQualVolume=0.00218482
new_planned_energy=28.6108
