gpsEpsilon=127.633
gpsVolume=153.47
mQualEpsilon=0.041392
mQualVolume=0.00257395
new_planned_energy=20.0685
