gpsEpsilon=127.072
gpsVolume=153.871
mQualEpsilon=0.0215369
mQualVolume=0.00349946
new_planned_energy=14.6401
