gpsEpsilon=115.552
gpsVolume=147.7
mQualEpsilon=0.0562815
mQualVolume=0.0195041
new_planned_energy=22.618
