gpsEpsilon=125.887
gpsVolume=150.698
mQualEpsilon=0.028977
mQualVolume=0.00436909
new_planned_energy=23.0014
