gpsEpsilon=125.887
gpsVolume=150.698
mQualEpsilon=1.87514
mQualVolume=48.65
new_planned_energy=-1.87514
