gpsEpsilon=125.887
gpsVolume=150.698
mQualEpsilon=1.89625
mQualVolume=49.9648
new_planned_energy=-1.89625
