gpsEpsilon=112.521
gpsVolume=150.695
mQualEpsilon=1.85574
mQualVolume=59.1156
new_planned_energy=-1.85574
