epsilon_quality=0.0170751
volume_quality=0.000687167
