epsilon_quality=0.0164657
volume_quality=0.0019863
