epsilon_quality=0.0438319
volume_quality=0.0181359
