epsilon_quality=0.149946
volume_quality=0.674585
