epsilon_quality=0.284392
volume_quality=1.39818
