epsilon_quality=0.154321
volume_quality=0.710926
