epsilon_quality=0.328278
volume_quality=1.28691
