epsilon_quality=0.232332
volume_quality=1.19353
