epsilon_quality=0.0197354
volume_quality=0.0093712
