epsilon_quality=0.0407351
volume_quality=0.0478194
