epsilon_quality=0.101616
volume_quality=0.108872
