epsilon_quality=0.0209354
volume_quality=0.15139
