epsilon_quality=0.203282
volume_quality=0.502144
