epsilon_quality=0.102256
volume_quality=0.249418
