epsilon_quality=0.095822
volume_quality=0.0503572
