epsilon_quality=0.189276
volume_quality=0.238153
