epsilon_quality=0.00971945
volume_quality=0.0491423
