epsilon_quality=0.0733866
volume_quality=0.180695
