epsilon_quality=0.0258183
volume_quality=0.0742392
