epsilon_quality=0.0573493
volume_quality=0.0949917
