epsilon_quality=0.0785393
volume_quality=0.00966343
