epsilon_quality=0.0451426
volume_quality=0.0305079
