epsilon_quality=0.0994554
volume_quality=0.124852
