epsilon_quality=0.0202137
volume_quality=0.211474
