epsilon_quality=0.007741
volume_quality=0.0668398
