epsilon_quality=0.0447895
volume_quality=0.134067
