epsilon_quality=0.0112223
volume_quality=0.0217671
