epsilon_quality=0.130547
volume_quality=0.411426
