epsilon_quality=0.154471
volume_quality=0.138514
