epsilon_quality=0.0774416
volume_quality=0.102711
