gpsEpsilon=8.06299e-316
gpsVolume=0
mQualEpsilon=0.0252859
mQualVolume=0.00108518
new_planned_energy=26.1579
