gpsEpsilon=1.00871e-315
gpsVolume=0
mQualEpsilon=0.00373725
mQualVolume=0.000489666
new_planned_energy=68.1758
