gpsEpsilon=1.37852e-315
gpsVolume=0
mQualEpsilon=0.00511443
mQualVolume=0.000686403
new_planned_energy=111.835
