gpsEpsilon=7.91781e-316
gpsVolume=0
mQualEpsilon=0.107401
mQualVolume=0.0230893
new_planned_energy=63.6388
