gpsEpsilon=245.824
gpsVolume=0.704925
mQualEpsilon=0.010652
mQualVolume=0.000998954
new_planned_energy=63.8923
