gpsEpsilon=1.18576e-321
gpsVolume=3.95253e-322
mQualEpsilon=0.00578679
mQualVolume=0.00630552
new_planned_energy=64.0311
