gpsEpsilon=20.5637
gpsVolume=174.521
mQualEpsilon=0.0168048
mQualVolume=0.00538141
new_planned_energy=69.7335
