gpsEpsilon=178.518
gpsVolume=111.699
mQualEpsilon=0.0413726
mQualVolume=0.0142167
new_planned_energy=53.6246
