gpsEpsilon=1.19785e-315
gpsVolume=0
mQualEpsilon=0.252442
mQualVolume=36.3941
new_planned_energy=-0.252442
