gpsEpsilon=1.19785e-315
gpsVolume=0
mQualEpsilon=0.00901952
mQualVolume=0.000403327
new_planned_energy=30.4227
