gpsEpsilon=1.19785e-315
gpsVolume=0
mQualEpsilon=0.238403
mQualVolume=36.464
new_planned_energy=-0.238403
