gpsEpsilon=1.19785e-315
gpsVolume=0
mQualEpsilon=0.240134
mQualVolume=36.5025
new_planned_energy=-0.240134
