gpsEpsilon=1.19785e-315
gpsVolume=0
mQualEpsilon=0.241916
mQualVolume=36.7216
new_planned_energy=-0.241916
