gpsEpsilon=9.2785e-316
gpsVolume=0
mQualEpsilon=0.011652
mQualVolume=0.0017633
new_planned_energy=45.6836
