gpsEpsilon=1.94088e-316
gpsVolume=0
mQualEpsilon=-1
mQualVolume=0.000357695
new_planned_energy=51.9083
