epsilon_quality=0.159802
volume_quality=0.324423
