epsilon_quality=0.0697997
volume_quality=0.0449653
