epsilon_quality=0.0526272
volume_quality=0.0652492
