epsilon_quality=0.222481
volume_quality=0.814994
