epsilon_quality=0.0501279
volume_quality=0.403272
