epsilon_quality=0.118101
volume_quality=0.211625
