epsilon_quality=0.128703
volume_quality=0.295072
