epsilon_quality=0.113675
volume_quality=0.132659
