epsilon_quality=0.15212
volume_quality=0.431869
