epsilon_quality=0.0658419
volume_quality=0.091612
