epsilon_quality=0.180991
volume_quality=0.383697
