epsilon_quality=0.0655538
volume_quality=0.0889551
