epsilon_quality=0.0298031
volume_quality=0.00493707
