epsilon_quality=0.0558766
volume_quality=0.00713421
