epsilon_quality=0.0918887
volume_quality=0.0232001
