epsilon_quality=0.136661
volume_quality=0.42537
