epsilon_quality=0.124032
volume_quality=0.153843
