epsilon_quality=0.23178
volume_quality=1.89771
