epsilon_quality=0.147135
volume_quality=0.146786
