epsilon_quality=0.0965996
volume_quality=0.0618104
