epsilon_quality=0.0299005
volume_quality=0.00558513
