epsilon_quality=0.181878
volume_quality=0.287199
