epsilon_quality=0.177177
volume_quality=0.557615
