epsilon_quality=0.00561613
volume_quality=0.168946
