epsilon_quality=0.0654412
volume_quality=0.061915
