epsilon_quality=0.0296574
volume_quality=0.0198673
