epsilon_quality=0.0790473
volume_quality=0.013859
