epsilon_quality=0.0122615
volume_quality=0.0465605
