epsilon_quality=0.0427245
volume_quality=0.204181
