epsilon_quality=0.0999069
volume_quality=0.0628487
