epsilon_quality=0.0196854
volume_quality=0.0379461
