epsilon_quality=0.167216
volume_quality=0.318095
