epsilon_quality=0.0870787
volume_quality=0.028519
