epsilon_quality=0.0408372
volume_quality=0.314375
