epsilon_quality=0.0365489
volume_quality=0.00464648
