epsilon_quality=0.106607
volume_quality=0.0730619
