epsilon_quality=0.242142
volume_quality=0.821524
