epsilon_quality=0.192379
volume_quality=0.393225
