epsilon_quality=0.01083
volume_quality=0.0234168
