epsilon_quality=0.0973162
volume_quality=0.0507725
