epsilon_quality=0.107324
volume_quality=0.253909
