epsilon_quality=0.0356687
volume_quality=0.0568321
