epsilon_quality=0.0500497
volume_quality=0.0911419
