epsilon_quality=0.074307
volume_quality=0.103036
