epsilon_quality=0.0245876
volume_quality=0.132014
