epsilon_quality=0.299795
volume_quality=1.26388
