epsilon_quality=0.147855
volume_quality=0.495408
