epsilon_quality=0.207779
volume_quality=0.611827
