gpsEpsilon=20.5637
gpsVolume=174.521
mQualEpsilon=1.44834
mQualVolume=43.4116
new_planned_energy=-1.44834
