gpsEpsilon=20.5637
gpsVolume=174.521
mQualEpsilon=1.48872
mQualVolume=45.5694
new_planned_energy=-1.48872
