gpsEpsilon=1.40395e-315
gpsVolume=0
mQualEpsilon=0.0289378
mQualVolume=0.00406236
new_planned_energy=32.3787
