gpsEpsilon=8.06285e-316
gpsVolume=0
mQualEpsilon=0.0426786
mQualVolume=0.00357574
new_planned_energy=43.3811
