gpsEpsilon=1.08349e-315
gpsVolume=0
mQualEpsilon=0.033473
mQualVolume=0.00797176
new_planned_energy=42.2657
