gpsEpsilon=8.91208e-316
gpsVolume=0
mQualEpsilon=0.00967326
mQualVolume=0.00543379
new_planned_energy=18.3291
