gpsEpsilon=8.91208e-316
gpsVolume=0
mQualEpsilon=1.43133
mQualVolume=40.8828
new_planned_energy=-1.43133
