gpsEpsilon=9.07626e-316
gpsVolume=0
mQualEpsilon=0.0426786
mQualVolume=0.00357574
new_planned_energy=39.5113
