gpsEpsilon=189.035
gpsVolume=91.5612
mQualEpsilon=0.0772538
mQualVolume=0.0095851
new_planned_energy=44.1569
