gpsEpsilon=212.198
gpsVolume=94.0018
mQualEpsilon=0.0348892
mQualVolume=0.00704231
new_planned_energy=49.4336
