gpsEpsilon=119.697
gpsVolume=70.9651
mQualEpsilon=0.051804
mQualVolume=0.00880195
new_planned_energy=47.8686
