gpsEpsilon=31.8943
gpsVolume=103.757
mQualEpsilon=0.0233018
mQualVolume=0.00309314
new_planned_energy=13.8943
