gpsEpsilon=45.0487
gpsVolume=98.5139
mQualEpsilon=0.022947
mQualVolume=0.0023614
new_planned_energy=60.1609
