gpsEpsilon=39.2349
gpsVolume=96.0163
mQualEpsilon=1.48402
mQualVolume=43.7676
new_planned_energy=-1.48402
