gpsEpsilon=39.2349
gpsVolume=96.0163
mQualEpsilon=0.0230071
mQualVolume=0.00360503
new_planned_energy=19.1398
