gpsEpsilon=39.2349
gpsVolume=96.0163
mQualEpsilon=1.54176
mQualVolume=45.0319
new_planned_energy=-1.54176
