gpsEpsilon=39.2349
gpsVolume=96.0163
mQualEpsilon=1.54438
mQualVolume=44.7894
new_planned_energy=-1.54438
