gpsEpsilon=39.2349
gpsVolume=96.0163
mQualEpsilon=1.53696
mQualVolume=45.1035
new_planned_energy=-1.53696
