gpsEpsilon=39.2349
gpsVolume=96.0163
mQualEpsilon=1.47443
mQualVolume=43.56
new_planned_energy=-1.47443
