gpsEpsilon=31.8943
gpsVolume=99.2721
mQualEpsilon=0.0628899
mQualVolume=0.0153186
new_planned_energy=38.1144
