epsilon_quality=0.211826
volume_quality=0.379188
