epsilon_quality=0.202561
volume_quality=0.289464
