epsilon_quality=0.0385962
volume_quality=0.207131
