epsilon_quality=0.0626461
volume_quality=0.0630396
