epsilon_quality=0.0681042
volume_quality=0.0226793
