epsilon_quality=0.079729
volume_quality=0.0490971
