epsilon_quality=0.207435
volume_quality=0.351566
