epsilon_quality=0.125034
volume_quality=0.0782392
