epsilon_quality=0.012605
volume_quality=0.000422927
