epsilon_quality=0.0212097
volume_quality=0.0308423
