epsilon_quality=0.0367208
volume_quality=0.0610618
