epsilon_quality=0.0324012
volume_quality=0.00234394
