epsilon_quality=0.154584
volume_quality=0.0695707
