epsilon_quality=0.100698
volume_quality=0.0490221
