epsilon_quality=0.0327272
volume_quality=0.0210594
