epsilon_quality=0.0662568
volume_quality=0.0196167
