epsilon_quality=0.0392725
volume_quality=0.0137703
