epsilon_quality=0.0217191
volume_quality=0.00383705
