epsilon_quality=0.116023
volume_quality=0.249563
