epsilon_quality=0.066762
volume_quality=0.202446
