epsilon_quality=0.172634
volume_quality=0.139467
