epsilon_quality=0.102072
volume_quality=0.278257
