epsilon_quality=0.0629398
volume_quality=0.106897
