epsilon_quality=0.067377
volume_quality=0.0414855
