epsilon_quality=0.0728136
volume_quality=0.00766556
