epsilon_quality=0.112141
volume_quality=0.284716
