epsilon_quality=0.0626486
volume_quality=0.100599
