epsilon_quality=0.0125138
volume_quality=0.00794152
