epsilon_quality=0.017779
volume_quality=0.0991578
