epsilon_quality=0.137817
volume_quality=0.415054
