epsilon_quality=0.137021
volume_quality=0.313076
