epsilon_quality=0.0907109
volume_quality=0.111768
