epsilon_quality=0.0709065
volume_quality=0.236032
