epsilon_quality=0.0431918
volume_quality=0.0525555
