epsilon_quality=0.0527787
volume_quality=0.069322
