epsilon_quality=0.123829
volume_quality=0.12168
