epsilon_quality=0.0630383
volume_quality=0.102947
