epsilon_quality=0.0725436
volume_quality=0.0728151
