epsilon_quality=0.0205233
volume_quality=0.0520872
