epsilon_quality=0.0670774
volume_quality=0.045659
