epsilon_quality=0.113854
volume_quality=0.293062
