epsilon_quality=0.117568
volume_quality=0.852934
