epsilon_quality=0.0487965
volume_quality=0.0584845
