epsilon_quality=0.0706073
volume_quality=0.249238
