epsilon_quality=0.0292949
volume_quality=0.0454528
