epsilon_quality=0.161033
volume_quality=0.563856
