epsilon_quality=0.047297
volume_quality=0.0405349
