epsilon_quality=0.040652
volume_quality=0.126139
