epsilon_quality=0.0314071
volume_quality=0.00576334
