epsilon_quality=0.0276963
volume_quality=0.0354791
