epsilon_quality=0.0368445
volume_quality=0.0130708
