epsilon_quality=0.0284295
volume_quality=0.00831278
