epsilon_quality=0.0282449
volume_quality=0.0390903
