epsilon_quality=0.113588
volume_quality=0.17116
