epsilon_quality=0.0203089
volume_quality=0.00228354
