epsilon_quality=0.0212776
volume_quality=0.00389244
