epsilon_quality=0.0231694
volume_quality=0.00958436
