epsilon_quality=0.196089
volume_quality=0.34308
