epsilon_quality=0.0940556
volume_quality=0.266464
