epsilon_quality=0.0449551
volume_quality=0.0575498
