epsilon_quality=0.0968324
volume_quality=0.0488738
