epsilon_quality=0.0386795
volume_quality=0.00652259
