epsilon_quality=0.0495935
volume_quality=0.0742165
