epsilon_quality=0.0218965
volume_quality=0.0218692
