epsilon_quality=0.122101
volume_quality=0.108202
