epsilon_quality=0.186578
volume_quality=0.314004
