epsilon_quality=0.0647157
volume_quality=0.132445
