epsilon_quality=0.138327
volume_quality=0.423214
