epsilon_quality=0.0363808
volume_quality=0.0256546
