epsilon_quality=0.155708
volume_quality=0.255616
