epsilon_quality=0.175364
volume_quality=0.444813
