epsilon_quality=0.0305182
volume_quality=0.0140988
