epsilon_quality=0.120519
volume_quality=0.102246
