epsilon_quality=0.09106
volume_quality=0.0551488
