epsilon_quality=0.0276994
volume_quality=0.042901
