epsilon_quality=0.0125764
volume_quality=0.135129
