epsilon_quality=0.12253
volume_quality=0.12695
