epsilon_quality=0.00782065
volume_quality=0.0461646
