epsilon_quality=0.0977477
volume_quality=0.0696112
