epsilon_quality=0.0344886
volume_quality=0.00969771
