epsilon_quality=0.10374
volume_quality=0.217346
