epsilon_quality=0.0313749
volume_quality=0.0437874
