epsilon_quality=0.103032
volume_quality=0.086818
