epsilon_quality=0.0191067
volume_quality=0.0415286
