epsilon_quality=0.0238887
volume_quality=0.00153854
