epsilon_quality=0.0282507
volume_quality=0.000882328
