epsilon_quality=0.111452
volume_quality=0.0950496
