epsilon_quality=0.0188156
volume_quality=0.0144944
