epsilon_quality=0.0448571
volume_quality=0.017536
