epsilon_quality=0.289572
volume_quality=1.05928
