epsilon_quality=0.115608
volume_quality=0.164756
