epsilon_quality=0.236135
volume_quality=0.630443
