epsilon_quality=0.0610668
volume_quality=0.0410234
