epsilon_quality=0.0510679
volume_quality=0.160554
