epsilon_quality=0.0335094
volume_quality=0.144456
