epsilon_quality=0.070269
volume_quality=0.341643
