epsilon_quality=0.0559294
volume_quality=0.052599
