epsilon_quality=0.0382557
volume_quality=0.0295116
