epsilon_quality=0.0503967
volume_quality=0.0436765
