epsilon_quality=0.031575
volume_quality=0.0606024
