epsilon_quality=0.0580927
volume_quality=0.0648505
