epsilon_quality=0.105921
volume_quality=0.0901789
