epsilon_quality=0.0375105
volume_quality=0.0183218
