epsilon_quality=0.125193
volume_quality=0.0637196
