epsilon_quality=0.0417056
volume_quality=0.101846
