epsilon_quality=0.186376
volume_quality=0.236555
