epsilon_quality=0.163015
volume_quality=0.649536
