epsilon_quality=0.0934985
volume_quality=0.223904
