epsilon_quality=0.0348223
volume_quality=0.0185057
