epsilon_quality=0.0999305
volume_quality=0.121752
