epsilon_quality=0.0789211
volume_quality=0.0879764
