epsilon_quality=0.0202633
volume_quality=0.10511
