epsilon_quality=0.198166
volume_quality=0.470346
