epsilon_quality=0.0884082
volume_quality=0.0446407
