epsilon_quality=0.046216
volume_quality=0.268736
