epsilon_quality=0.0355322
volume_quality=0.00403189
