epsilon_quality=0.0651586
volume_quality=0.0535904
