epsilon_quality=0.000584762
volume_quality=0.135114
