epsilon_quality=0.0379464
volume_quality=0.0596167
