epsilon_quality=0.0374577
volume_quality=0.0167616
