epsilon_quality=0.00823076
volume_quality=0.00778073
