epsilon_quality=0.0273222
volume_quality=0.00888756
