epsilon_quality=0.0960183
volume_quality=0.0942425
