epsilon_quality=0.0100598
volume_quality=0.241489
