epsilon_quality=0.302629
volume_quality=2.32638
