epsilon_quality=0.128195
volume_quality=0.228563
