epsilon_quality=0.111309
volume_quality=0.0780344
