epsilon_quality=0.158557
volume_quality=0.342395
