epsilon_quality=3.29597e-17
volume_quality=0.0566038
