epsilon_quality=0.0504037
volume_quality=0.0108305
