epsilon_quality=0.0089924
volume_quality=0.000871969
