epsilon_quality=0.0148239
volume_quality=0.00235314
