epsilon_quality=0.040684
volume_quality=0.075675
