epsilon_quality=0.0724889
volume_quality=0.0130769
