epsilon_quality=0.107216
volume_quality=0.135779
