epsilon_quality=0.0480613
volume_quality=0.00660559
