epsilon_quality=0.105864
volume_quality=0.0617803
