epsilon_quality=0.00442683
volume_quality=0.00563324
