epsilon_quality=0.0392684
volume_quality=0.0791865
