epsilon_quality=0.0663799
volume_quality=0.115239
