epsilon_quality=0.0761168
volume_quality=0.0386847
