epsilon_quality=0.0478961
volume_quality=0.0187955
