epsilon_quality=0.0398078
volume_quality=0.0281227
