epsilon_quality=0.0749688
volume_quality=0.0127934
