epsilon_quality=0.0308421
volume_quality=0.00490035
