epsilon_quality=0.0932188
volume_quality=0.0402682
