epsilon_quality=0.080981
volume_quality=0.589144
