epsilon_quality=0.0136391
volume_quality=0.00175341
