epsilon_quality=0.0565918
volume_quality=0.036188
