epsilon_quality=0.0858857
volume_quality=0.0261975
