epsilon_quality=0.0655731
volume_quality=0.0194607
