epsilon_quality=0.0237275
volume_quality=0.0363298
