epsilon_quality=0.127009
volume_quality=0.234683
