epsilon_quality=0.0951375
volume_quality=0.103947
