epsilon_quality=0.0790405
volume_quality=0.144386
