epsilon_quality=0.0678187
volume_quality=0.0536348
