epsilon_quality=0.206534
volume_quality=0.62814
