epsilon_quality=0.0545782
volume_quality=0.0287563
