epsilon_quality=0.0258655
volume_quality=0.00366051
