epsilon_quality=0.0175907
volume_quality=0.218453
