epsilon_quality=0.0389495
volume_quality=0.0831556
