epsilon_quality=0.03658
volume_quality=0.0474121
