epsilon_quality=0.0602298
volume_quality=0.0523966
