epsilon_quality=0.032471
volume_quality=0.0103099
