epsilon_quality=0.00722196
volume_quality=0.0489285
