epsilon_quality=0.021243
volume_quality=0.0940284
