epsilon_quality=0.0777267
volume_quality=0.235371
