epsilon_quality=0.0652369
volume_quality=0.0368125
