epsilon_quality=0.178959
volume_quality=0.138833
