epsilon_quality=0.0381126
volume_quality=0.049951
