epsilon_quality=0.107626
volume_quality=0.0949553
