epsilon_quality=0.135792
volume_quality=0.163578
