epsilon_quality=0.0465414
volume_quality=0.248387
