epsilon_quality=0.10812
volume_quality=0.569707
