epsilon_quality=0.0454017
volume_quality=0.0163587
