epsilon_quality=0.0139775
volume_quality=0.0193905
