epsilon_quality=0.107088
volume_quality=0.19384
