epsilon_quality=0.00775312
volume_quality=0.226082
