epsilon_quality=0.205866
volume_quality=0.344398
