epsilon_quality=0.0447829
volume_quality=0.017071
