epsilon_quality=0.0187868
volume_quality=0.0460075
