epsilon_quality=0.0326852
volume_quality=0.0189263
