epsilon_quality=0.198051
volume_quality=0.400988
