epsilon_quality=0.0995177
volume_quality=0.146845
