epsilon_quality=0.0570781
volume_quality=0.0855279
