epsilon_quality=0.101012
volume_quality=0.113737
