epsilon_quality=0.0607796
volume_quality=0.021114
