epsilon_quality=0.0973963
volume_quality=0.0767044
