epsilon_quality=0.102879
volume_quality=0.219554
