epsilon_quality=0.109664
volume_quality=0.12185
