epsilon_quality=0.144041
volume_quality=0.283378
