epsilon_quality=0.116545
volume_quality=0.0927963
