epsilon_quality=0.10929
volume_quality=0.087767
