epsilon_quality=0.105345
volume_quality=0.0581326
