epsilon_quality=0.0733636
volume_quality=0.243024
