epsilon_quality=0.0543315
volume_quality=0.0218798
