epsilon_quality=0.0802619
volume_quality=0.0511772
