gpsEpsilon=1.1678e-315
gpsVolume=2.47033e-323
mQualEpsilon=-1
mQualVolume=0.00431925
new_planned_energy=70.6397
