gpsEpsilon=19.102
gpsVolume=201.119
mQualEpsilon=0.0184777
mQualVolume=0.0138639
new_planned_energy=23.0126
