gpsEpsilon=13.6815
gpsVolume=127.623
mQualEpsilon=0.0446343
mQualVolume=0.00478055
new_planned_energy=11.4877
