gpsEpsilon=30.4797
gpsVolume=95.9361
mQualEpsilon=1.85326
mQualVolume=51.744
new_planned_energy=-1.85326
