gpsEpsilon=30.4797
gpsVolume=95.9361
mQualEpsilon=1.85513
mQualVolume=51.9512
new_planned_energy=-1.85513
