gpsEpsilon=30.4797
gpsVolume=95.9361
mQualEpsilon=1.85988
mQualVolume=52.1687
new_planned_energy=-1.85988
