epsilon_quality=0.0947781
volume_quality=0.34253
