epsilon_quality=0.0193773
volume_quality=0.00632337
