epsilon_quality=0.139381
volume_quality=0.14719
