epsilon_quality=0.063943
volume_quality=0.334718
