epsilon_quality=0.255115
volume_quality=0.69816
