epsilon_quality=0.0967813
volume_quality=0.26672
