epsilon_quality=0.0411041
volume_quality=0.0288637
