epsilon_quality=0.238141
volume_quality=0.572255
