epsilon_quality=0.0694713
volume_quality=0.0363437
