epsilon_quality=0.0315283
volume_quality=0.0433855
