epsilon_quality=0.063321
volume_quality=0.231547
