epsilon_quality=0.0471741
volume_quality=0.0363896
