epsilon_quality=0.0356021
volume_quality=0.128063
