epsilon_quality=0.0175891
volume_quality=0.0332805
