epsilon_quality=0.165516
volume_quality=0.861843
