epsilon_quality=0.0684724
volume_quality=0.0568398
