epsilon_quality=0.0516658
volume_quality=0.0744314
