epsilon_quality=0.078473
volume_quality=0.0332463
