epsilon_quality=0.148169
volume_quality=0.606305
