epsilon_quality=0.241535
volume_quality=1.04913
