epsilon_quality=0.21784
volume_quality=0.662613
