epsilon_quality=0.0688142
volume_quality=0.0350297
