epsilon_quality=0.0527615
volume_quality=0.0356932
