epsilon_quality=0.0512237
volume_quality=0.0163289
