epsilon_quality=0.146349
volume_quality=0.160035
