epsilon_quality=0.049879
volume_quality=0.051826
