epsilon_quality=0.0812117
volume_quality=0.0719641
