epsilon_quality=0.0930029
volume_quality=0.327191
