epsilon_quality=0.0723104
volume_quality=0.0270723
