epsilon_quality=0.0308166
volume_quality=0.0174102
