epsilon_quality=0.0437561
volume_quality=0.0383892
