epsilon_quality=0.0529014
volume_quality=0.0698635
