epsilon_quality=0.0858044
volume_quality=0.0327609
