epsilon_quality=0.0461221
volume_quality=0.0243156
