epsilon_quality=0.0312478
volume_quality=0.0335457
