epsilon_quality=0.0419538
volume_quality=0.0255364
