epsilon_quality=0.0723511
volume_quality=0.0560111
