epsilon_quality=0.0283659
volume_quality=0.0264659
