epsilon_quality=0.0081487
volume_quality=0.0053642
