epsilon_quality=0.0778653
volume_quality=0.0815905
