epsilon_quality=0.269497
volume_quality=1.28726
