epsilon_quality=0.0451044
volume_quality=0.0148903
