epsilon_quality=0.0870661
volume_quality=0.216956
