epsilon_quality=0.0323649
volume_quality=0.0330043
