epsilon_quality=0.186278
volume_quality=0.742072
