epsilon_quality=0.0365464
volume_quality=0.0346599
