epsilon_quality=0.174829
volume_quality=0.141335
