epsilon_quality=0.0142542
volume_quality=0.130189
