epsilon_quality=0.0622694
volume_quality=0.101556
