epsilon_quality=0.0161474
volume_quality=0.00119784
