epsilon_quality=0.0119887
volume_quality=0.0116966
