gpsEpsilon=120.478
gpsVolume=91.3239
mQualEpsilon=0.0556828
mQualVolume=0.00590678
new_planned_energy=10.2427
