gpsEpsilon=132.587
gpsVolume=91.3234
mQualEpsilon=1.64943
mQualVolume=54.248
new_planned_energy=-1.64943
