gpsEpsilon=132.587
gpsVolume=91.3234
mQualEpsilon=1.62255
mQualVolume=54.4863
new_planned_energy=-1.62255
