gpsEpsilon=7.91794e-316
gpsVolume=0
mQualEpsilon=0.0188337
mQualVolume=0.00161321
new_planned_energy=68.2353
