gpsEpsilon=1.39258e-315
gpsVolume=0
mQualEpsilon=1.74234
mQualVolume=55.595
new_planned_energy=-1.74234
