gpsEpsilon=1.39258e-315
gpsVolume=0
mQualEpsilon=1.74278
mQualVolume=55.8186
new_planned_energy=-1.74278
