gpsEpsilon=1.39258e-315
gpsVolume=0
mQualEpsilon=0.0424368
mQualVolume=0.00264455
new_planned_energy=19.0453
