gpsEpsilon=1.39258e-315
gpsVolume=0
mQualEpsilon=1.67513
mQualVolume=55.9326
new_planned_energy=-1.67513
