gpsEpsilon=164.874
gpsVolume=72.9341
mQualEpsilon=0.02012
mQualVolume=0.00297922
new_planned_energy=29.3197
