gpsEpsilon=138.793
gpsVolume=74.7207
mQualEpsilon=0.0194375
mQualVolume=0.00465596
new_planned_energy=43.5929
