gpsEpsilon=155.803
gpsVolume=75.7636
mQualEpsilon=0.00981474
mQualVolume=0.00203541
new_planned_energy=44.0071
