gpsEpsilon=7.16013
gpsVolume=88.4992
mQualEpsilon=1.47937
mQualVolume=56.1906
new_planned_energy=-1.47937
