gpsEpsilon=7.16013
gpsVolume=88.4992
mQualEpsilon=1.48619
mQualVolume=55.8351
new_planned_energy=25.1474
