gpsEpsilon=7.16013
gpsVolume=88.4992
mQualEpsilon=0.0230882
mQualVolume=0.00262244
new_planned_energy=16.3111
