gpsEpsilon=7.16013
gpsVolume=76.6917
mQualEpsilon=-1
mQualVolume=0.00613665
new_planned_energy=40.1267
