gpsEpsilon=7.16013
gpsVolume=74.2485
mQualEpsilon=0.0513833
mQualVolume=0.00502509
new_planned_energy=30.0062
