epsilon_quality=0.0696112
volume_quality=0.0964054
