epsilon_quality=0.125919
volume_quality=0.209875
