epsilon_quality=0.201394
volume_quality=1.38215
