epsilon_quality=0.0698819
volume_quality=0.0745754
