epsilon_quality=0.174352
volume_quality=0.198713
