epsilon_quality=0.0670775
volume_quality=0.0625735
