epsilon_quality=0.0655136
volume_quality=0.0550419
