epsilon_quality=0.0319792
volume_quality=0.068529
