epsilon_quality=0.0371568
volume_quality=0.0827219
