epsilon_quality=0.0867167
volume_quality=0.130593
