epsilon_quality=0.0288693
volume_quality=0.00317025
