epsilon_quality=0.0418514
volume_quality=0.0642848
