epsilon_quality=0.121442
volume_quality=0.126692
