epsilon_quality=0.0202578
volume_quality=0.0449842
