epsilon_quality=0.00324563
volume_quality=0.0480291
