epsilon_quality=0.15374
volume_quality=0.89296
