epsilon_quality=0.041759
volume_quality=0.00673036
