epsilon_quality=0.14449
volume_quality=0.0756521
