epsilon_quality=0.160295
volume_quality=0.124688
