epsilon_quality=0.118782
volume_quality=0.208914
