epsilon_quality=0.157638
volume_quality=0.195489
