epsilon_quality=0.0394402
volume_quality=0.00174516
