epsilon_quality=0.0220134
volume_quality=0.00599022
