epsilon_quality=0.0251161
volume_quality=0.00249012
