epsilon_quality=0.00347536
volume_quality=0.0146709
