epsilon_quality=0.0531407
volume_quality=0.152292
