epsilon_quality=0.00986531
volume_quality=0.0596614
