epsilon_quality=0.136522
volume_quality=0.296013
