gpsEpsilon=202.829
gpsVolume=105.125
mQualEpsilon=0.0406682
mQualVolume=0.00751628
new_planned_energy=23.5147
