gpsEpsilon=214.33
gpsVolume=105.126
mQualEpsilon=1.69629
mQualVolume=50.3423
new_planned_energy=-1.69629
