gpsEpsilon=214.33
gpsVolume=105.126
mQualEpsilon=1.93786
mQualVolume=58.3739
new_planned_energy=-1.93786
