gpsEpsilon=207.355
gpsVolume=108.146
mQualEpsilon=0.00706169
mQualVolume=0.00564699
new_planned_energy=23.7665
