gpsEpsilon=207.973
gpsVolume=112.121
mQualEpsilon=0.0956533
mQualVolume=0.0178726
new_planned_energy=23.6487
