gpsEpsilon=233.728
gpsVolume=68.6686
mQualEpsilon=0.0394302
mQualVolume=0.00424251
new_planned_energy=18.1502
