gpsEpsilon=213.769
gpsVolume=100.466
mQualEpsilon=1.57401
mQualVolume=55.5397
new_planned_energy=-1.57401
