gpsEpsilon=213.769
gpsVolume=100.466
mQualEpsilon=0.014591
mQualVolume=0.010396
new_planned_energy=29.3579
