epsilon_quality=0.0195804
volume_quality=0.190764
