epsilon_quality=0.0981639
volume_quality=0.288603
