epsilon_quality=0.14996
volume_quality=0.482412
