gpsEpsilon=126.474
gpsVolume=91.4433
mQualEpsilon=0.0374885
mQualVolume=0.00425642
new_planned_energy=17.7619
