gpsEpsilon=189.51
gpsVolume=37.2555
mQualEpsilon=0.0215838
mQualVolume=0.00586164
new_planned_energy=24.028
