gpsEpsilon=116.87
gpsVolume=72.7654
mQualEpsilon=0.0762447
mQualVolume=0.00720808
new_planned_energy=41.3037
