gpsEpsilon=247.006
gpsVolume=68.8129
mQualEpsilon=0.0762447
mQualVolume=0.00720808
new_planned_energy=35.4544
