gpsEpsilon=117.419
gpsVolume=74.3694
mQualEpsilon=0.064043
mQualVolume=0.00510512
new_planned_energy=53.4931
