gpsEpsilon=244.456
gpsVolume=41.5727
mQualEpsilon=0.0219808
mQualVolume=0.00126208
new_planned_energy=68.8203
