gpsEpsilon=245.007
gpsVolume=36.7441
mQualEpsilon=0.0390469
mQualVolume=0.00866163
new_planned_energy=54.4816
