gpsEpsilon=245.095
gpsVolume=44.6758
mQualEpsilon=0.00362403
mQualVolume=0.000826228
new_planned_energy=15.0465
