gpsEpsilon=247.284
gpsVolume=44.0291
mQualEpsilon=1.84157
mQualVolume=59.3637
new_planned_energy=-1.84157
