epsilon_quality=0.0201689
volume_quality=0.0190798
