epsilon_quality=0.0201407
volume_quality=0.0474312
