epsilon_quality=0.0434501
volume_quality=0.0232104
