epsilon_quality=0.10893
volume_quality=0.269835
