epsilon_quality=0.281803
volume_quality=1.44588
