epsilon_quality=0.129238
volume_quality=0.443314
