epsilon_quality=0.190101
volume_quality=0.751316
