epsilon_quality=0.118618
volume_quality=0.497149
