epsilon_quality=0.0169432
volume_quality=0.00319678
