epsilon_quality=0.0380173
volume_quality=0.00188867
