epsilon_quality=0.0471371
volume_quality=0.00419798
