epsilon_quality=0.0319257
volume_quality=0.0163503
