epsilon_quality=0.0522242
volume_quality=0.124287
