epsilon_quality=0.00158443
volume_quality=0.0195112
