epsilon_quality=0.169407
volume_quality=0.276298
