epsilon_quality=0.200575
volume_quality=2.17442
