epsilon_quality=0.0759082
volume_quality=0.138487
