epsilon_quality=0.0417541
volume_quality=0.00579739
