epsilon_quality=0.069967
volume_quality=0.0405736
