gpsEpsilon=0
gpsVolume=0
mQualEpsilon=0.0723259
mQualVolume=0.0137999
new_planned_energy=67.9082
