gpsEpsilon=108.525
gpsVolume=120.148
mQualEpsilon=0.0313734
mQualVolume=0.00965208
new_planned_energy=75.764
