gpsEpsilon=2.55431e-316
gpsVolume=-0.308778
mQualEpsilon=0.0565034
mQualVolume=0.0156267
new_planned_energy=38.8008
