gpsEpsilon=143.872
gpsVolume=133.306
mQualEpsilon=1.36097
mQualVolume=48.3798
new_planned_energy=-1.36097
