gpsEpsilon=143.872
gpsVolume=133.306
mQualEpsilon=0.0402072
mQualVolume=0.00353382
new_planned_energy=36.9506
