gpsEpsilon=143.872
gpsVolume=133.306
mQualEpsilon=1.25486
mQualVolume=47.8915
new_planned_energy=-1.25486
