gpsEpsilon=103.514
gpsVolume=85.6978
mQualEpsilon=0.0283602
mQualVolume=0.0160446
new_planned_energy=18.9248
