gpsEpsilon=2.43449e-316
gpsVolume=0.161415
mQualEpsilon=-1
mQualVolume=0.0176315
new_planned_energy=37.7512
