gpsEpsilon=-1.87578e-18
gpsVolume=0.1
mQualEpsilon=0.0156849
mQualVolume=0.0110154
new_planned_energy=23.3775
