gpsEpsilon=99.6457
gpsVolume=146.51
mQualEpsilon=0.012226
mQualVolume=0.0112303
new_planned_energy=43.0405
