gpsEpsilon=2.37152e-322
gpsVolume=2.42092e-322
mQualEpsilon=0.02571
mQualVolume=0.0070883
new_planned_energy=77.4665
