gpsEpsilon=111.236
gpsVolume=112.445
mQualEpsilon=0.0579442
mQualVolume=0.00639749
new_planned_energy=56.2352
