gpsEpsilon=100.951
gpsVolume=98.7557
mQualEpsilon=0.0122757
mQualVolume=0.000509072
new_planned_energy=79.8069
