gpsEpsilon=-1.73026e-17
gpsVolume=0.2
mQualEpsilon=-1
mQualVolume=0.00839681
new_planned_energy=58.0319
