epsilon_quality=0.0687942
volume_quality=0.290971
