epsilon_quality=0.0173249
volume_quality=0.160013
