epsilon_quality=0.142768
volume_quality=0.134995
