epsilon_quality=0.0857353
volume_quality=0.0878573
