epsilon_quality=0.0757321
volume_quality=0.0526389
