epsilon_quality=0.0399953
volume_quality=0.210369
