epsilon_quality=0.0170032
volume_quality=0.0573048
