epsilon_quality=0.134635
volume_quality=0.117313
