epsilon_quality=0.0557825
volume_quality=0.11286
