epsilon_quality=0.0288861
volume_quality=0.182315
