epsilon_quality=0.136109
volume_quality=0.148386
