epsilon_quality=0.0864572
volume_quality=0.0435664
