epsilon_quality=0.0302547
volume_quality=0.0374771
