gpsEpsilon=0.789404
gpsVolume=2.42092e-322
mQualEpsilon=-1
mQualVolume=0.00200919
new_planned_energy=47.4812
