gpsEpsilon=0.821534
gpsVolume=0.458672
mQualEpsilon=0.00246827
mQualVolume=0.00271197
new_planned_energy=78.4754
