gpsEpsilon=0.821526
gpsVolume=0.454116
mQualEpsilon=0.0568952
mQualVolume=0.0126774
new_planned_energy=79.8358
