gpsEpsilon=0.304196
gpsVolume=0.0985211
mQualEpsilon=0.0590676
mQualVolume=0.0171434
new_planned_energy=54.6397
