gpsEpsilon=0.304196
gpsVolume=0.0985211
mQualEpsilon=-1
mQualVolume=0.00547032
new_planned_energy=33.4901
