gpsEpsilon=0.781715
gpsVolume=0.539503
mQualEpsilon=0.0207935
mQualVolume=0.00305928
new_planned_energy=88.6866
