gpsEpsilon=-0.0405392
gpsVolume=4.27846
mQualEpsilon=-1
mQualVolume=0.0076261
new_planned_energy=82.3832
