gpsEpsilon=-0.0758403
gpsVolume=4.096
mQualEpsilon=0.0173368
mQualVolume=0.00808327
new_planned_energy=36.8305
