gpsEpsilon=0.815705
gpsVolume=0.494027
mQualEpsilon=-1
mQualVolume=0.00260866
new_planned_energy=58.3481
