gpsEpsilon=0
gpsVolume=2.42092e-322
mQualEpsilon=0.0472437
mQualVolume=0.0118962
new_planned_energy=56.9817
