gpsEpsilon=0.821534
gpsVolume=0.458672
mQualEpsilon=0.0382961
mQualVolume=0.0103554
new_planned_energy=57.0214
