gpsEpsilon=0.304196
gpsVolume=0.0985211
mQualEpsilon=-1
mQualVolume=0.0146483
new_planned_energy=45.212
