gpsEpsilon=0.796549
gpsVolume=0.359158
mQualEpsilon=0.0131103
mQualVolume=0.0113297
new_planned_energy=61.9097
