epsilon_quality=0.00472713
volume_quality=0.00399678
