epsilon_quality=0.0270664
volume_quality=0.00833078
