epsilon_quality=0.0277892
volume_quality=0.0592084
