epsilon_quality=0.0883458
volume_quality=0.0709754
