epsilon_quality=0.134177
volume_quality=0.241404
