epsilon_quality=0.0790966
volume_quality=0.155303
