epsilon_quality=0.0133059
volume_quality=0.0312119
