epsilon_quality=0.0718411
volume_quality=0.0263711
