epsilon_quality=0.363181
volume_quality=1.42815
