epsilon_quality=0.271198
volume_quality=1.00903
