epsilon_quality=0.0482644
volume_quality=0.0427224
