epsilon_quality=0.269726
volume_quality=0.95893
