epsilon_quality=0.270727
volume_quality=1.21142
