epsilon_quality=0.106297
volume_quality=0.236239
