epsilon_quality=0.0801908
volume_quality=0.175727
