epsilon_quality=0.173999
volume_quality=0.411329
