epsilon_quality=0.0409368
volume_quality=0.0592216
