epsilon_quality=0.0519738
volume_quality=0.270972
