epsilon_quality=0.192222
volume_quality=0.366524
