epsilon_quality=0.125961
volume_quality=0.171623
