epsilon_quality=0.0556097
volume_quality=0.0221692
