epsilon_quality=0.0295738
volume_quality=0.00570767
