epsilon_quality=0.00674063
volume_quality=0.00237578
