epsilon_quality=0.0736994
volume_quality=0.0344637
