epsilon_quality=0.0368669
volume_quality=0.0231432
