epsilon_quality=0.0960363
volume_quality=0.0556933
