epsilon_quality=0.373665
volume_quality=1.30235
