epsilon_quality=0.0107963
volume_quality=0.00753949
