epsilon_quality=0.224203
volume_quality=0.949452
