epsilon_quality=0.177614
volume_quality=0.146543
