epsilon_quality=0.22167
volume_quality=0.786694
