epsilon_quality=0.141556
volume_quality=0.148465
