epsilon_quality=0.13797
volume_quality=0.186827
