epsilon_quality=0.0975477
volume_quality=0.0732654
