epsilon_quality=0.172923
volume_quality=0.444273
