epsilon_quality=0.0695538
volume_quality=0.185735
