epsilon_quality=0.0124646
volume_quality=0.0500675
