epsilon_quality=0.00696554
volume_quality=0.021131
