epsilon_quality=0.015907
volume_quality=0.0221006
