epsilon_quality=0.0858288
volume_quality=0.0572618
