epsilon_quality=0.0239505
volume_quality=0.00599338
