epsilon_quality=0.154433
volume_quality=0.469337
