epsilon_quality=0.0112319
volume_quality=0.20702
