epsilon_quality=0.0610021
volume_quality=0.0286338
