epsilon_quality=0.073755
volume_quality=0.204058
