epsilon_quality=0.0484121
volume_quality=0.0535554
