epsilon_quality=0.0497974
volume_quality=0.039082
