epsilon_quality=0.126585
volume_quality=0.165506
