epsilon_quality=0.0574096
volume_quality=0.00771947
