epsilon_quality=0.0357908
volume_quality=0.00699699
