epsilon_quality=0.124829
volume_quality=0.0927274
