epsilon_quality=0.0908888
volume_quality=0.135197
