epsilon_quality=0.0150168
volume_quality=0.320618
