epsilon_quality=0.189767
volume_quality=1.03186
