epsilon_quality=0.123074
volume_quality=0.225285
