epsilon_quality=0.228443
volume_quality=0.734941
