epsilon_quality=0.101757
volume_quality=0.362073
