epsilon_quality=0.039016
volume_quality=0.460242
