epsilon_quality=0.0144538
volume_quality=0.108739
