epsilon_quality=0.110926
volume_quality=0.152084
