epsilon_quality=0.0447248
volume_quality=0.124131
