epsilon_quality=0.0660161
volume_quality=0.00751337
