epsilon_quality=0.0667443
volume_quality=0.0264101
