epsilon_quality=0.076373
volume_quality=0.0102045
