epsilon_quality=0.0170043
volume_quality=0.00750905
