epsilon_quality=0.102558
volume_quality=0.0758811
