epsilon_quality=0.10205
volume_quality=0.0428539
