epsilon_quality=0.0257685
volume_quality=0.00401831
