epsilon_quality=0.193805
volume_quality=0.528385
