epsilon_quality=0.0297601
volume_quality=0.183454
