epsilon_quality=0.0551143
volume_quality=0.0455806
