epsilon_quality=0.0443638
volume_quality=0.0812839
