epsilon_quality=0.0528724
volume_quality=0.0232266
