epsilon_quality=0.0438511
volume_quality=0.0128143
