epsilon_quality=0.0386421
volume_quality=0.00692538
