epsilon_quality=0.0421041
volume_quality=0.0536204
