epsilon_quality=0.034523
volume_quality=0.0264233
