epsilon_quality=0.0496965
volume_quality=0.00698495
