epsilon_quality=0.042698
volume_quality=0.00283809
