epsilon_quality=0.0322808
volume_quality=0.138232
