epsilon_quality=0.0999172
volume_quality=0.129408
