epsilon_quality=0.123747
volume_quality=0.0567402
