epsilon_quality=0.0811305
volume_quality=0.10853
