epsilon_quality=0.111889
volume_quality=0.19782
