epsilon_quality=0.000450313
volume_quality=0.000746027
