epsilon_quality=0.0366202
volume_quality=0.00386361
