epsilon_quality=0.0305956
volume_quality=0.00169424
