epsilon_quality=0.0285844
volume_quality=0.0421423
