epsilon_quality=0.0458637
volume_quality=0.0154039
