epsilon_quality=0.0282378
volume_quality=0.0742764
