epsilon_quality=0.137713
volume_quality=0.177333
