epsilon_quality=0.102918
volume_quality=0.0347202
