epsilon_quality=0.139027
volume_quality=0.513924
