epsilon_quality=0.136066
volume_quality=0.0714309
