epsilon_quality=0.0841346
volume_quality=0.0250345
