epsilon_quality=0.00693392
volume_quality=0.0318087
