epsilon_quality=0.0496626
volume_quality=0.0168422
