epsilon_quality=0.0341273
volume_quality=0.0516691
