epsilon_quality=0.0798063
volume_quality=0.084559
