epsilon_quality=0.173407
volume_quality=0.355775
