epsilon_quality=0.0554766
volume_quality=0.0334347
