epsilon_quality=0.0451681
volume_quality=0.078175
