epsilon_quality=0.0752106
volume_quality=0.0841159
