epsilon_quality=0.075797
volume_quality=0.0721684
