epsilon_quality=0.0769495
volume_quality=0.0372062
