epsilon_quality=0.0338661
volume_quality=0.00339498
