epsilon_quality=0.0843815
volume_quality=0.0347466
