epsilon_quality=0.0211103
volume_quality=0.0207203
