epsilon_quality=0.144863
volume_quality=0.146731
