epsilon_quality=0.0633003
volume_quality=0.0229754
