epsilon_quality=0.0670121
volume_quality=0.203656
