epsilon_quality=0.0599697
volume_quality=0.369292
