epsilon_quality=0.00353527
volume_quality=0.46415
