epsilon_quality=0.026044
volume_quality=0.0180395
