epsilon_quality=0.0178434
volume_quality=0.0162582
