epsilon_quality=0.142322
volume_quality=0.439475
