epsilon_quality=0.0678605
volume_quality=0.469768
