epsilon_quality=0.0449403
volume_quality=0.108122
