epsilon_quality=0.0209691
volume_quality=0.0204603
