epsilon_quality=0.0883223
volume_quality=0.0386251
