epsilon_quality=0.00541056
volume_quality=0.0228072
