epsilon_quality=0.109115
volume_quality=0.0482191
