epsilon_quality=0.135532
volume_quality=0.188949
