epsilon_quality=0.263231
volume_quality=0.758187
