epsilon_quality=0.239903
volume_quality=0.456795
