epsilon_quality=0.125129
volume_quality=0.181369
