epsilon_quality=0.0758856
volume_quality=0.223722
