epsilon_quality=0.114286
volume_quality=0.144828
