epsilon_quality=0.125415
volume_quality=0.54666
