epsilon_quality=0.263838
volume_quality=0.961153
