epsilon_quality=0.138969
volume_quality=0.198484
