epsilon_quality=0.0668773
volume_quality=0.0981081
