gpsEpsilon=7.03948
gpsVolume=17.0716
mQualEpsilon=-1
mQualVolume=0.0199047
new_planned_energy=42.9
