gpsEpsilon=18.0807
gpsVolume=17.0716
mQualEpsilon=0.0314903
mQualVolume=0.0142275
new_planned_energy=56.0072
