gpsEpsilon=8.31393
gpsVolume=14.303
mQualEpsilon=-1
mQualVolume=0.0371328
new_planned_energy=65.5295
