gpsEpsilon=15.0473
gpsVolume=14.303
mQualEpsilon=0.0288157
mQualVolume=0.0213385
new_planned_energy=28.3026
