gpsEpsilon=11.867
gpsVolume=11.8687
mQualEpsilon=0.00777561
mQualVolume=0.00154295
new_planned_energy=85.9418
