gpsEpsilon=8.18002
gpsVolume=10.5019
mQualEpsilon=0.0412757
mQualVolume=0.00420662
new_planned_energy=75.5503
