gpsEpsilon=0.0457718
gpsVolume=0.289599
mQualEpsilon=0.0295431
mQualVolume=0.00341049
new_planned_energy=89.3167
