gpsEpsilon=0
gpsVolume=2.42092e-322
mQualEpsilon=0.0162572
mQualVolume=0.00417689
new_planned_energy=63.6069
