gpsEpsilon=126.339
gpsVolume=209.347
mQualEpsilon=0.993245
mQualVolume=43.949
new_planned_energy=-0.993245
