gpsEpsilon=126.339
gpsVolume=209.347
mQualEpsilon=0.00118253
mQualVolume=0.00142497
new_planned_energy=28.7785
