gpsEpsilon=5.40313e-316
gpsVolume=0
mQualEpsilon=0.0257965
mQualVolume=0.00779409
new_planned_energy=58.4578
