gpsEpsilon=22.013
gpsVolume=195.455
mQualEpsilon=0.0314773
mQualVolume=0.00341984
new_planned_energy=44.6445
