gpsEpsilon=10.9007
gpsVolume=20.4163
mQualEpsilon=0.0439802
mQualVolume=0.00782553
new_planned_energy=63.5595
