gpsEpsilon=18.8282
gpsVolume=20.4163
mQualEpsilon=0.0607922
mQualVolume=0.00489
new_planned_energy=27.0117
