epsilon_quality=0.148428
volume_quality=0.271211
