epsilon_quality=0.024761
volume_quality=0.0195991
