epsilon_quality=0.0568132
volume_quality=0.0456106
