epsilon_quality=0.309802
volume_quality=1.42504
