epsilon_quality=0.142977
volume_quality=0.428207
