epsilon_quality=0.0833708
volume_quality=0.185136
