epsilon_quality=0.133858
volume_quality=0.601865
