epsilon_quality=0.0515251
volume_quality=0.549535
