epsilon_quality=0.160223
volume_quality=0.554617
