epsilon_quality=0.0515983
volume_quality=0.0314964
