epsilon_quality=0.207064
volume_quality=0.918045
