epsilon_quality=0.259807
volume_quality=0.735355
