epsilon_quality=0.121408
volume_quality=0.137452
