epsilon_quality=0.152926
volume_quality=0.177933
