epsilon_quality=0.171189
volume_quality=0.155893
