epsilon_quality=0.122791
volume_quality=0.265688
