epsilon_quality=0.127609
volume_quality=0.323523
