epsilon_quality=0.0688668
volume_quality=0.0322271
