epsilon_quality=0.0858173
volume_quality=0.0571995
