epsilon_quality=0.0839333
volume_quality=0.0596346
