epsilon_quality=0.096569
volume_quality=0.20063
