epsilon_quality=0.0913263
volume_quality=0.0616998
