epsilon_quality=0.0213868
volume_quality=0.00137402
