epsilon_quality=0.00789804
volume_quality=0.00693878
