epsilon_quality=0.0308684
volume_quality=0.00304721
