epsilon_quality=0.0110771
volume_quality=0.0645071
