epsilon_quality=0.0409708
volume_quality=0.0225456
