epsilon_quality=0.0240125
volume_quality=0.0185262
