epsilon_quality=0.107822
volume_quality=0.15811
