epsilon_quality=0.331937
volume_quality=2.64499
