epsilon_quality=0.0742047
volume_quality=0.238558
