epsilon_quality=0.054466
volume_quality=0.0427728
