epsilon_quality=0.103177
volume_quality=0.0920737
