epsilon_quality=0.0490147
volume_quality=0.0105903
