epsilon_quality=0.0478862
volume_quality=0.0146589
