epsilon_quality=0.103006
volume_quality=0.0628685
