epsilon_quality=0.0149606
volume_quality=0.0140655
