epsilon_quality=0.0878264
volume_quality=0.0321689
