epsilon_quality=0.060164
volume_quality=0.052618
