epsilon_quality=0.196839
volume_quality=0.456484
