epsilon_quality=0.204468
volume_quality=0.299225
