epsilon_quality=0.172864
volume_quality=0.42209
