epsilon_quality=0.154894
volume_quality=0.10178
