epsilon_quality=0.0537526
volume_quality=0.0538579
