epsilon_quality=0.0167205
volume_quality=0.332601
