epsilon_quality=0.0951134
volume_quality=0.351866
