epsilon_quality=0.0332926
volume_quality=0.0238417
