epsilon_quality=0.0350422
volume_quality=0.0193004
