epsilon_quality=0.0320628
volume_quality=0.0524544
