epsilon_quality=0.0185929
volume_quality=0.00742083
