epsilon_quality=0.0790732
volume_quality=0.515984
