epsilon_quality=0.0413913
volume_quality=0.113325
