epsilon_quality=0.0425249
volume_quality=0.244335
