epsilon_quality=0.0666632
volume_quality=0.0911985
