epsilon_quality=0.200255
volume_quality=1.58032
