epsilon_quality=0.241032
volume_quality=0.771023
