epsilon_quality=0.196733
volume_quality=0.631695
