epsilon_quality=0.143818
volume_quality=0.533897
