epsilon_quality=0.178021
volume_quality=0.148794
