epsilon_quality=0.0942118
volume_quality=0.022529
