epsilon_quality=0.0265775
volume_quality=0.00619433
