epsilon_quality=0.0195865
volume_quality=0.00400429
