epsilon_quality=0.0612189
volume_quality=0.221692
