epsilon_quality=0.184479
volume_quality=1.03311
