epsilon_quality=0.0231596
volume_quality=0.0333313
