epsilon_quality=0.0396916
volume_quality=0.00848771
