epsilon_quality=0.0712107
volume_quality=0.032736
