epsilon_quality=0.0441328
volume_quality=0.00875225
