epsilon_quality=0.109398
volume_quality=0.110261
