epsilon_quality=0.124302
volume_quality=0.373617
