epsilon_quality=0.10082
volume_quality=0.33427
