epsilon_quality=0.0552187
volume_quality=0.104126
