epsilon_quality=0.110556
volume_quality=0.780062
