epsilon_quality=0.0680855
volume_quality=2.15833
