epsilon_quality=0.0727617
volume_quality=0.0945601
