epsilon_quality=0.305021
volume_quality=1.30792
