epsilon_quality=0.0206864
volume_quality=0.044644
