epsilon_quality=0.168513
volume_quality=0.200412
