epsilon_quality=0.113076
volume_quality=0.20016
