gpsEpsilon=126.09
gpsVolume=31.4665
mQualEpsilon=0.00565403
mQualVolume=0.00210619
new_planned_energy=43.3028
