gpsEpsilon=152.693
gpsVolume=58.6415
mQualEpsilon=0.071648
mQualVolume=0.0194617
new_planned_energy=76.3363
