gpsEpsilon=152.697
gpsVolume=58.641
mQualEpsilon=0.0492614
mQualVolume=0.0135573
new_planned_energy=31.2071
