gpsEpsilon=132.267
gpsVolume=40.8882
mQualEpsilon=0.0146848
mQualVolume=0.00303606
new_planned_energy=59.8975
