gpsEpsilon=138.623
gpsVolume=72.9978
mQualEpsilon=0.00812856
mQualVolume=0.00272187
new_planned_energy=33.0631
