gpsEpsilon=116.705
gpsVolume=64.2173
mQualEpsilon=0.0618346
mQualVolume=0.023082
new_planned_energy=73.7032
