gpsEpsilon=139.808
gpsVolume=24.8582
mQualEpsilon=0.0210694
mQualVolume=0.00684907
new_planned_energy=32.1397
