gpsEpsilon=142.092
gpsVolume=22.7064
mQualEpsilon=0.0142043
mQualVolume=0.000537739
new_planned_energy=48.3583
