gpsEpsilon=136.523
gpsVolume=24.7019
mQualEpsilon=0.0557583
mQualVolume=0.0114496
new_planned_energy=57.889
