gpsEpsilon=126.72
gpsVolume=31.1785
mQualEpsilon=0.00111255
mQualVolume=0.000784471
new_planned_energy=42.0751
