gpsEpsilon=121.928
gpsVolume=32.8585
mQualEpsilon=0.0218891
mQualVolume=0.00259356
new_planned_energy=91.861
