epsilon_quality=0.0985821
volume_quality=0.0395522
