epsilon_quality=0.32007
volume_quality=1.00883
