epsilon_quality=0.145153
volume_quality=0.0943477
