epsilon_quality=0.0472438
volume_quality=0.0523459
