epsilon_quality=0.0604636
volume_quality=0.0662353
