epsilon_quality=0.0468757
volume_quality=0.0485607
