epsilon_quality=0.0694284
volume_quality=0.0374696
