epsilon_quality=0.0603345
volume_quality=0.10672
