epsilon_quality=0.221074
volume_quality=0.540139
