epsilon_quality=0.138481
volume_quality=0.827115
