epsilon_quality=0.0537344
volume_quality=0.260896
