epsilon_quality=0.349587
volume_quality=0.887055
