epsilon_quality=0.127165
volume_quality=0.140974
