epsilon_quality=0.0298507
volume_quality=0.00171103
