epsilon_quality=0.0694247
volume_quality=0.0188002
