epsilon_quality=0.00687525
volume_quality=0.0369023
