epsilon_quality=0.0895904
volume_quality=0.0181498
