epsilon_quality=0.0537787
volume_quality=0.10931
