epsilon_quality=0.30728
volume_quality=2.10221
