epsilon_quality=0.195057
volume_quality=0.494138
