epsilon_quality=0.169913
volume_quality=0.597498
