gpsEpsilon=9.10273
gpsVolume=13.4745
mQualEpsilon=-1
mQualVolume=0.00527502
new_planned_energy=77.4545
