gpsEpsilon=12.2692
gpsVolume=107.294
mQualEpsilon=0.00607611
mQualVolume=0.00976966
new_planned_energy=68.052
