gpsEpsilon=8.965e-316
gpsVolume=9.33713e-316
mQualEpsilon=0.028678
mQualVolume=0.0177924
new_planned_energy=76.1099
