gpsEpsilon=7.34559e-316
gpsVolume=2.44772e-307
mQualEpsilon=-1
mQualVolume=0.00176132
new_planned_energy=56.2524
