gpsEpsilon=26.5
gpsVolume=1.42109e-14
mQualEpsilon=-1
mQualVolume=0.00920492
new_planned_energy=67.428
