gpsEpsilon=-0.561922
gpsVolume=2.42092e-322
mQualEpsilon=-1
mQualVolume=0.000650387
new_planned_energy=60.3659
