gpsEpsilon=0.770194
gpsVolume=0.0958731
mQualEpsilon=-1
mQualVolume=0.000625877
new_planned_energy=68.3938
