gpsEpsilon=1.30888e-315
gpsVolume=1.5703e-315
mQualEpsilon=0.0147355
mQualVolume=0.00121146
new_planned_energy=39.9022
