gpsEpsilon=31.3583
gpsVolume=70.1517
mQualEpsilon=0.0671741
mQualVolume=0.00762545
new_planned_energy=72.2507
