gpsEpsilon=28.9187
gpsVolume=57.3425
mQualEpsilon=0.0188566
mQualVolume=0.0129783
new_planned_energy=30.6395
