gpsEpsilon=23.673
gpsVolume=64.1741
mQualEpsilon=0.0825676
mQualVolume=0.0139694
new_planned_energy=61.0939
