gpsEpsilon=30.0055
gpsVolume=66.3428
mQualEpsilon=0.0254846
mQualVolume=0.00314611
new_planned_energy=81.1405
