gpsEpsilon=32.8712
gpsVolume=60.3288
mQualEpsilon=0.0464213
mQualVolume=0.0105059
new_planned_energy=58.3926
