gpsEpsilon=56.0606
gpsVolume=61.7733
mQualEpsilon=0.0104786
mQualVolume=0.0183239
new_planned_energy=95.4828
