gpsEpsilon=57.4929
gpsVolume=62.9625
mQualEpsilon=0.0501998
mQualVolume=0.00457387
new_planned_energy=30.2605
