gpsEpsilon=46.3296
gpsVolume=72.3786
mQualEpsilon=0.00755218
mQualVolume=0.00179197
new_planned_energy=61.442
