gpsEpsilon=30.0134
gpsVolume=61.7352
mQualEpsilon=0.03447
mQualVolume=0.0147031
new_planned_energy=100.78
