gpsEpsilon=55.9661
gpsVolume=56.8079
mQualEpsilon=0.0181065
mQualVolume=0.0276869
new_planned_energy=57.1621
