gpsEpsilon=30.4899
gpsVolume=63.5493
mQualEpsilon=0.0439223
mQualVolume=0.0140451
new_planned_energy=64.2286
