gpsEpsilon=57.1421
gpsVolume=63.8063
mQualEpsilon=0.00390794
mQualVolume=0.00239049
new_planned_energy=59.3804
