epsilon_quality=0.124166
volume_quality=0.100885
