epsilon_quality=0.0184757
volume_quality=0.0793774
