epsilon_quality=0.0543416
volume_quality=0.0704018
