epsilon_quality=0.0519635
volume_quality=0.0111633
