gpsEpsilon=130.362
gpsVolume=38.1937
mQualEpsilon=0.0326783
mQualVolume=0.00196272
new_planned_energy=51.2401
