gpsEpsilon=73.5975
gpsVolume=116.715
mQualEpsilon=0.027367
mQualVolume=0.00180108
new_planned_energy=42.1617
