gpsEpsilon=1.01139e-315
gpsVolume=0
mQualEpsilon=-1
mQualVolume=0.00214663
new_planned_energy=58.4014
