gpsEpsilon=1.21957e-315
gpsVolume=0
mQualEpsilon=0.00825743
mQualVolume=0.00608064
new_planned_energy=11.156
