gpsEpsilon=1.21957e-315
gpsVolume=0
mQualEpsilon=1.80568
mQualVolume=50.6718
new_planned_energy=-1.80568
