gpsEpsilon=1.12008e-315
gpsVolume=0
mQualEpsilon=0.0266926
mQualVolume=0.00299958
new_planned_energy=24.7539
