gpsEpsilon=8.31553e-316
gpsVolume=0
mQualEpsilon=-1
mQualVolume=0.00342968
new_planned_energy=17.5006
