gpsEpsilon=243.481
gpsVolume=95.7572
mQualEpsilon=0.0358833
mQualVolume=0.00167806
new_planned_energy=52.1515
