gpsEpsilon=242.07
gpsVolume=96.0742
mQualEpsilon=0.0106538
mQualVolume=0.0108459
new_planned_energy=42.6902
