gpsEpsilon=145.418
gpsVolume=105.161
mQualEpsilon=0.0214148
mQualVolume=0.00543109
new_planned_energy=12.3608
