gpsEpsilon=44.8252
gpsVolume=83.1736
mQualEpsilon=0.0197524
mQualVolume=0.00701288
new_planned_energy=55.9303
