gpsEpsilon=75.4637
gpsVolume=86.7212
mQualEpsilon=0.0292747
mQualVolume=0.00690656
new_planned_energy=77.5347
