gpsEpsilon=43.3362
gpsVolume=111.573
mQualEpsilon=0.00798488
mQualVolume=0.00391982
new_planned_energy=83.8315
