epsilon_quality=0.0813975
volume_quality=0.0575115
