epsilon_quality=0.0343987
volume_quality=0.0390162
