epsilon_quality=0.133028
volume_quality=0.182455
