epsilon_quality=0.112563
volume_quality=0.065191
