epsilon_quality=0.049376
volume_quality=0.0535515
