epsilon_quality=0.118962
volume_quality=0.490889
