epsilon_quality=0.0402366
volume_quality=0.0776513
