epsilon_quality=0.0448309
volume_quality=0.0219991
