epsilon_quality=0.0679293
volume_quality=0.0264288
