epsilon_quality=0.0109503
volume_quality=0.00893712
