epsilon_quality=0.16125
volume_quality=0.710373
