epsilon_quality=0.171495
volume_quality=0.311437
