epsilon_quality=0.110857
volume_quality=0.613054
