epsilon_quality=0.0700948
volume_quality=0.172787
