epsilon_quality=0.181656
volume_quality=0.246813
