epsilon_quality=0.0789102
volume_quality=0.102132
