epsilon_quality=0.0548313
volume_quality=0.00785827
