epsilon_quality=0.0408772
volume_quality=0.39427
