epsilon_quality=0.0417139
volume_quality=0.00957634
