epsilon_quality=0.026248
volume_quality=0.0511344
