epsilon_quality=0.0170559
volume_quality=0.00136343
