epsilon_quality=0.0146604
volume_quality=0.000681112
