epsilon_quality=0.154964
volume_quality=0.770746
