epsilon_quality=0.0596103
volume_quality=0.0628378
