epsilon_quality=0.00998674
volume_quality=0.0432057
