epsilon_quality=0.194624
volume_quality=0.627413
