epsilon_quality=0.160271
volume_quality=0.32479
