epsilon_quality=0.139508
volume_quality=0.167715
