epsilon_quality=0.179752
volume_quality=0.649426
