epsilon_quality=0.288771
volume_quality=1.41456
