epsilon_quality=0.159289
volume_quality=0.549352
