epsilon_quality=0.0464178
volume_quality=0.0254647
