epsilon_quality=0.0864194
volume_quality=0.176915
