epsilon_quality=0.17753
volume_quality=0.339958
