epsilon_quality=0.00966196
volume_quality=0.0910216
