epsilon_quality=0.150912
volume_quality=0.274711
