epsilon_quality=0.188671
volume_quality=0.317897
