epsilon_quality=0.0134579
volume_quality=0.0950262
