epsilon_quality=0.214063
volume_quality=0.634253
