epsilon_quality=0.121202
volume_quality=0.116131
