epsilon_quality=0.0388492
volume_quality=0.0111522
