epsilon_quality=0.0336369
volume_quality=0.0115816
