epsilon_quality=0.0762904
volume_quality=0.0229015
