epsilon_quality=0.0870773
volume_quality=0.0133005
