epsilon_quality=0.0885542
volume_quality=0.0246178
