epsilon_quality=0.0964535
volume_quality=0.173303
