epsilon_quality=0.0301415
volume_quality=0.160379
