epsilon_quality=0.0674921
volume_quality=0.0672875
