epsilon_quality=0.0437149
volume_quality=0.0523131
