epsilon_quality=0.0905741
volume_quality=0.0881282
