epsilon_quality=0.155698
volume_quality=0.290742
