epsilon_quality=0.187401
volume_quality=0.247558
