epsilon_quality=0.0519304
volume_quality=0.219572
