epsilon_quality=0.0048532
volume_quality=0.0501347
