epsilon_quality=0.0994027
volume_quality=0.0871622
