epsilon_quality=0.0153557
volume_quality=0.00599912
