epsilon_quality=0.0302724
volume_quality=0.0138721
