epsilon_quality=0.0560829
volume_quality=0.0240577
