epsilon_quality=0.044375
volume_quality=0.0166209
