epsilon_quality=0.0210957
volume_quality=0.00935739
