epsilon_quality=0.196561
volume_quality=0.476587
