epsilon_quality=0.208926
volume_quality=0.665517
