epsilon_quality=0.0348089
volume_quality=0.0260505
