epsilon_quality=0.0885811
volume_quality=0.14195
