epsilon_quality=0.0453707
volume_quality=0.0585939
