epsilon_quality=0.0414283
volume_quality=0.0396269
