epsilon_quality=0.0476556
volume_quality=0.141648
