epsilon_quality=0.0175465
volume_quality=0.0113917
