epsilon_quality=0.0138099
volume_quality=0.00771509
