epsilon_quality=0.0122731
volume_quality=0.0111491
