epsilon_quality=0.0210425
volume_quality=0.00627983
