epsilon_quality=0.109582
volume_quality=0.339257
