epsilon_quality=0.227081
volume_quality=0.714289
