epsilon_quality=0.0219885
volume_quality=0.0058151
