epsilon_quality=0.0120118
volume_quality=0.00682409
