epsilon_quality=0.00502927
volume_quality=0.00134249
