epsilon_quality=0.0974503
volume_quality=0.30261
