epsilon_quality=0.0272911
volume_quality=0.0533291
