epsilon_quality=0.12188
volume_quality=0.170945
