epsilon_quality=0.0764657
volume_quality=0.0452132
