epsilon_quality=0.119956
volume_quality=0.551047
