epsilon_quality=0.110489
volume_quality=0.39908
