epsilon_quality=0.189898
volume_quality=0.506429
