epsilon_quality=0.116098
volume_quality=0.119951
