epsilon_quality=0.0829817
volume_quality=0.0742683
