epsilon_quality=0.134294
volume_quality=0.211368
