epsilon_quality=0.137731
volume_quality=0.304799
