epsilon_quality=0.0975659
volume_quality=0.0619031
