epsilon_quality=0.0405791
volume_quality=0.0740187
