epsilon_quality=0.100499
volume_quality=0.0462836
