epsilon_quality=0.14842
volume_quality=0.165056
