epsilon_quality=0.149657
volume_quality=0.369578
