epsilon_quality=0.0590213
volume_quality=0.0431412
