epsilon_quality=0.198925
volume_quality=0.204253
