epsilon_quality=0.0395761
volume_quality=0.0102721
