epsilon_quality=0.0511146
volume_quality=0.0567954
