epsilon_quality=0.055566
volume_quality=0.0707652
