epsilon_quality=0.0478913
volume_quality=0.0539557
