epsilon_quality=0.119539
volume_quality=0.381246
