epsilon_quality=0.186044
volume_quality=0.291325
