epsilon_quality=0.157287
volume_quality=0.131866
