epsilon_quality=0.190276
volume_quality=0.776666
