gpsEpsilon=202.091
gpsVolume=108.059
mQualEpsilon=0.0410756
mQualVolume=0.00411689
new_planned_energy=68.9027
