gpsEpsilon=195.095
gpsVolume=112.104
mQualEpsilon=0.0295082
mQualVolume=0.00227699
new_planned_energy=34.2248
