epsilon_quality=0.175043
volume_quality=0.341013
