epsilon_quality=0.114217
volume_quality=0.641787
