epsilon_quality=0.13735
volume_quality=0.120602
