epsilon_quality=0.0209197
volume_quality=0.0220115
