epsilon_quality=0.00295431
volume_quality=0.0373404
