epsilon_quality=0.0525409
volume_quality=0.0607396
