epsilon_quality=0.0391586
volume_quality=0.617431
