epsilon_quality=0.146109
volume_quality=0.431247
