epsilon_quality=0.157734
volume_quality=0.433208
