epsilon_quality=0.0214608
volume_quality=0.178454
