gpsEpsilon=27.4094
gpsVolume=125.889
mQualEpsilon=0.0127431
mQualVolume=0.0637045
new_planned_energy=53.2962
