gpsEpsilon=32.7561
gpsVolume=125.889
mQualEpsilon=0.0561092
mQualVolume=0.0228496
new_planned_energy=56.2841
