gpsEpsilon=32.4361
gpsVolume=93.7966
mQualEpsilon=0.0194892
mQualVolume=0.0262995
new_planned_energy=83.4869
