gpsEpsilon=28.4206
gpsVolume=64.1149
mQualEpsilon=0.0733129
mQualVolume=0.00644665
new_planned_energy=18.4603
