gpsEpsilon=22.3505
gpsVolume=162.337
mQualEpsilon=0.0367936
mQualVolume=0.0214726
new_planned_energy=98.1323
