gpsEpsilon=25.4587
gpsVolume=125.889
mQualEpsilon=0.0360684
mQualVolume=0.0129831
new_planned_energy=67.5251
