gpsEpsilon=48.1035
gpsVolume=160.145
mQualEpsilon=0.0238075
mQualVolume=0.0107554
new_planned_energy=80.3543
