epsilon_quality=0.236318
volume_quality=1.82474
