epsilon_quality=0.0976009
volume_quality=0.493564
