epsilon_quality=0.0611003
volume_quality=0.370994
