epsilon_quality=0.0245151
volume_quality=0.17795
