epsilon_quality=0.0255677
volume_quality=0.0717598
