epsilon_quality=0.0835779
volume_quality=0.52967
