epsilon_quality=0.243071
volume_quality=1.29543
