epsilon_quality=0.169167
volume_quality=0.825105
