epsilon_quality=0.170405
volume_quality=1.31567
