epsilon_quality=0.242936
volume_quality=0.48324
