epsilon_quality=0.0425875
volume_quality=0.0291854
