epsilon_quality=0.151724
volume_quality=0.514222
