epsilon_quality=0.180843
volume_quality=0.256739
