epsilon_quality=0.0681762
volume_quality=0.108276
