epsilon_quality=0.00281638
volume_quality=0.152118
