epsilon_quality=0.0815633
volume_quality=0.0988979
