epsilon_quality=0.0692868
volume_quality=0.0341501
