epsilon_quality=0.114026
volume_quality=0.343249
