epsilon_quality=0.0887415
volume_quality=0.095648
