gpsEpsilon=95.9787
gpsVolume=125.97
mQualEpsilon=0.112402
mQualVolume=0.0613503
new_planned_energy=71.7759
