gpsEpsilon=82.8162
gpsVolume=193.115
mQualEpsilon=0.0551975
mQualVolume=0.0509995
new_planned_energy=36.245
