gpsEpsilon=0.339384
gpsVolume=2.99273
mQualEpsilon=0.0332877
mQualVolume=0.00788091
new_planned_energy=23.967
