gpsEpsilon=5.77999
gpsVolume=14.9486
mQualEpsilon=0.70816
mQualVolume=20.7302
new_planned_energy=66.2064
