gpsEpsilon=5.77999
gpsVolume=14.9486
mQualEpsilon=0.0256652
mQualVolume=0.0075911
new_planned_energy=55.9329
