gpsEpsilon=0.594274
gpsVolume=-0.309849
mQualEpsilon=-1
mQualVolume=0.00177692
new_planned_energy=67.1162
