gpsEpsilon=0.359133
gpsVolume=4.72787
mQualEpsilon=-1
mQualVolume=0.00183341
new_planned_energy=32.6297
