gpsEpsilon=95.2764
gpsVolume=135.003
mQualEpsilon=0.090286
mQualVolume=0.0320136
new_planned_energy=22.4385
