gpsEpsilon=-0.360155
gpsVolume=1.49701
mQualEpsilon=-1
mQualVolume=0.00877131
new_planned_energy=69.0051
