gpsEpsilon=92.1352
gpsVolume=160.715
mQualEpsilon=0.0358891
mQualVolume=0.00800468
new_planned_energy=74.1019
