gpsEpsilon=84.6991
gpsVolume=146.73
mQualEpsilon=0.0324175
mQualVolume=0.0227413
new_planned_energy=19.8828
