gpsEpsilon=78.4398
gpsVolume=74.2008
mQualEpsilon=0.0751043
mQualVolume=0.0286163
new_planned_energy=21.7922
