gpsEpsilon=87.1202
gpsVolume=74.2008
mQualEpsilon=0.0933193
mQualVolume=0.0254475
new_planned_energy=17.4492
