gpsEpsilon=78.0098
gpsVolume=78.0819
mQualEpsilon=0.100905
mQualVolume=0.0585408
new_planned_energy=16.1107
