gpsEpsilon=147.191
gpsVolume=34.4152
mQualEpsilon=1.48898
mQualVolume=50.3946
new_planned_energy=-1.48898
