gpsEpsilon=147.191
gpsVolume=34.4152
mQualEpsilon=0.120667
mQualVolume=0.0270723
new_planned_energy=9.99383
