gpsEpsilon=66.3692
gpsVolume=31.2842
mQualEpsilon=0.0845541
mQualVolume=0.0130422
new_planned_energy=20.9212
