gpsEpsilon=83.5205
gpsVolume=223.795
mQualEpsilon=0.0864469
mQualVolume=0.0130366
new_planned_energy=14.3751
