gpsEpsilon=83.5205
gpsVolume=223.795
mQualEpsilon=0.753402
mQualVolume=34.5702
new_planned_energy=-0.753402
