gpsEpsilon=83.5205
gpsVolume=223.795
mQualEpsilon=0.706773
mQualVolume=34.0261
new_planned_energy=-0.706773
