gpsEpsilon=89.8126
gpsVolume=55.5909
mQualEpsilon=0.0316138
mQualVolume=0.00512965
new_planned_energy=63.1598
