gpsEpsilon=58.5041
gpsVolume=50.1213
mQualEpsilon=0.102993
mQualVolume=0.0237479
new_planned_energy=26.3077
