gpsEpsilon=158.116
gpsVolume=92.3834
mQualEpsilon=0.00686355
mQualVolume=0.000280662
new_planned_energy=44.5
