epsilon_quality=0.0206222
volume_quality=0.00152109
