epsilon_quality=0.0242214
volume_quality=0.00374356
