epsilon_quality=0.0844186
volume_quality=0.0495154
