epsilon_quality=0.0585872
volume_quality=0.080713
