epsilon_quality=0.0428558
volume_quality=0.0611679
