epsilon_quality=0.0372934
volume_quality=0.0574036
