epsilon_quality=0.114636
volume_quality=0.0468138
