epsilon_quality=0.082258
volume_quality=0.0210171
