epsilon_quality=0.136375
volume_quality=0.0568705
