epsilon_quality=0.119086
volume_quality=0.17693
