epsilon_quality=0.0824475
volume_quality=0.404052
