epsilon_quality=0.0869657
volume_quality=0.0222038
