epsilon_quality=0.0022813
volume_quality=0.0354239
