epsilon_quality=0.146478
volume_quality=0.0915219
