epsilon_quality=0.0765315
volume_quality=0.0540324
