epsilon_quality=0.172501
volume_quality=0.226646
