epsilon_quality=0.126506
volume_quality=0.117792
