epsilon_quality=0.189349
volume_quality=0.202912
