epsilon_quality=0.0846727
volume_quality=0.0315256
