epsilon_quality=0.0764367
volume_quality=0.0437845
