epsilon_quality=0.0519119
volume_quality=0.0694894
