epsilon_quality=0.0705689
volume_quality=0.0377382
