epsilon_quality=0.174916
volume_quality=0.445879
