epsilon_quality=0.0174399
volume_quality=0.0709603
