epsilon_quality=0.103734
volume_quality=0.12419
