epsilon_quality=0.0638384
volume_quality=0.434312
