epsilon_quality=0.0349293
volume_quality=0.181513
