gpsEpsilon=164.166
gpsVolume=10.0543
mQualEpsilon=1.68015
mQualVolume=51.1436
new_planned_energy=-1.68015
