gpsEpsilon=164.166
gpsVolume=10.0543
mQualEpsilon=1.76907
mQualVolume=51.5789
new_planned_energy=-1.76907
