gpsEpsilon=164.166
gpsVolume=10.0543
mQualEpsilon=1.78283
mQualVolume=51.8178
new_planned_energy=-1.78283
