gpsEpsilon=-0.000156812
gpsVolume=1.58541e-314
mQualEpsilon=1.64559
mQualVolume=56.6056
new_planned_energy=-1.64559
