gpsEpsilon=-0.000156812
gpsVolume=1.58541e-314
mQualEpsilon=1.65112
mQualVolume=56.7337
new_planned_energy=-1.65112
