gpsEpsilon=-0.000156812
gpsVolume=1.58541e-314
mQualEpsilon=1.64344
mQualVolume=56.7553
new_planned_energy=-1.64344
