gpsEpsilon=-0.000156812
gpsVolume=1.58541e-314
mQualEpsilon=1.61337
mQualVolume=56.5254
new_planned_energy=-1.61337
