gpsEpsilon=-0.000156812
gpsVolume=1.58541e-314
mQualEpsilon=1.58283
mQualVolume=56.4297
new_planned_energy=-1.58283
