gpsEpsilon=154.055
gpsVolume=110.87
mQualEpsilon=1.58925
mQualVolume=56.3515
new_planned_energy=-1.58925
