gpsEpsilon=154.055
gpsVolume=110.87
mQualEpsilon=1.52103
mQualVolume=56.2402
new_planned_energy=-1.52103
