gpsEpsilon=154.055
gpsVolume=110.87
mQualEpsilon=1.51938
mQualVolume=54.5216
new_planned_energy=-1.51938
