gpsEpsilon=154.055
gpsVolume=110.87
mQualEpsilon=0.0604716
mQualVolume=0.0149427
new_planned_energy=11.9462
