gpsEpsilon=108.536
gpsVolume=51.7723
mQualEpsilon=1.56037
mQualVolume=55.8995
new_planned_energy=-1.56037
