gpsEpsilon=108.536
gpsVolume=51.7723
mQualEpsilon=1.57009
mQualVolume=56.0101
new_planned_energy=-1.57009
