gpsEpsilon=108.536
gpsVolume=51.7723
mQualEpsilon=1.47845
mQualVolume=55.0276
new_planned_energy=-1.47845
