gpsEpsilon=108.536
gpsVolume=51.7723
mQualEpsilon=1.47328
mQualVolume=54.7051
new_planned_energy=-1.47328
