gpsEpsilon=108.536
gpsVolume=51.7723
mQualEpsilon=1.54463
mQualVolume=55.9113
new_planned_energy=-1.54463
