gpsEpsilon=45.608
gpsVolume=127.553
mQualEpsilon=1.58724
mQualVolume=46.0686
new_planned_energy=-1.58724
