gpsEpsilon=45.608
gpsVolume=127.553
mQualEpsilon=1.56455
mQualVolume=45.6239
new_planned_energy=-1.56455
