gpsEpsilon=45.608
gpsVolume=127.553
mQualEpsilon=1.61783
mQualVolume=47.2474
new_planned_energy=-1.61783
