gpsEpsilon=45.608
gpsVolume=127.553
mQualEpsilon=1.60106
mQualVolume=46.3527
new_planned_energy=-1.60106
