gpsEpsilon=45.608
gpsVolume=127.553
mQualEpsilon=1.60193
mQualVolume=46.3609
new_planned_energy=-1.60193
