gpsEpsilon=45.608
gpsVolume=127.553
mQualEpsilon=1.60878
mQualVolume=47.0224
new_planned_energy=-1.60878
