gpsEpsilon=193.649
gpsVolume=188.215
mQualEpsilon=1.47266
mQualVolume=52.0899
new_planned_energy=-1.47266
