gpsEpsilon=193.649
gpsVolume=188.215
mQualEpsilon=1.43151
mQualVolume=51.2595
new_planned_energy=-1.43151
