gpsEpsilon=193.649
gpsVolume=188.215
mQualEpsilon=1.42602
mQualVolume=50.9648
new_planned_energy=-1.42602
