gpsEpsilon=186.176
gpsVolume=222.014
mQualEpsilon=1.87794
mQualVolume=56.4478
new_planned_energy=-1.87794
