gpsEpsilon=186.176
gpsVolume=222.014
mQualEpsilon=1.68714
mQualVolume=55.6818
new_planned_energy=-1.68714
