gpsEpsilon=186.176
gpsVolume=222.014
mQualEpsilon=1.62531
mQualVolume=55.622
new_planned_energy=-1.62531
