gpsEpsilon=186.176
gpsVolume=222.014
mQualEpsilon=1.80971
mQualVolume=55.084
new_planned_energy=-1.80971
