gpsEpsilon=173.152
gpsVolume=238.45
mQualEpsilon=1.72748
mQualVolume=57.5556
new_planned_energy=-1.72748
