gpsEpsilon=173.152
gpsVolume=238.45
mQualEpsilon=1.64786
mQualVolume=57.2977
new_planned_energy=-1.64786
