gpsEpsilon=173.152
gpsVolume=238.45
mQualEpsilon=1.79254
mQualVolume=57.874
new_planned_energy=-1.79254
