gpsEpsilon=173.152
gpsVolume=238.45
mQualEpsilon=1.48428
mQualVolume=55.5659
new_planned_energy=-1.48428
