gpsEpsilon=173.152
gpsVolume=238.45
mQualEpsilon=1.57304
mQualVolume=56.5303
new_planned_energy=-1.57304
