gpsEpsilon=190.6
gpsVolume=46.164
mQualEpsilon=1.77202
mQualVolume=48.5495
new_planned_energy=-1.77202
