gpsEpsilon=190.6
gpsVolume=46.164
mQualEpsilon=1.78747
mQualVolume=47.7686
new_planned_energy=-1.78747
