gpsEpsilon=190.6
gpsVolume=46.164
mQualEpsilon=1.77694
mQualVolume=47.4733
new_planned_energy=-1.77694
