gpsEpsilon=190.6
gpsVolume=46.164
mQualEpsilon=1.78167
mQualVolume=48.1686
new_planned_energy=-1.78167
