gpsEpsilon=190.6
gpsVolume=46.164
mQualEpsilon=1.79126
mQualVolume=48.3241
new_planned_energy=-1.79126
