gpsEpsilon=178.55
gpsVolume=198.561
mQualEpsilon=1.80702
mQualVolume=57.3817
new_planned_energy=-1.80702
