gpsEpsilon=178.55
gpsVolume=198.561
mQualEpsilon=1.75687
mQualVolume=57.8641
new_planned_energy=-1.75687
