gpsEpsilon=133.17
gpsVolume=124.426
mQualEpsilon=1.65074
mQualVolume=55.235
new_planned_energy=-1.65074
