gpsEpsilon=133.17
gpsVolume=124.426
mQualEpsilon=1.55823
mQualVolume=53.8791
new_planned_energy=-1.55823
