gpsEpsilon=133.17
gpsVolume=124.426
mQualEpsilon=1.60587
mQualVolume=55.0119
new_planned_energy=-1.60587
