gpsEpsilon=133.17
gpsVolume=124.426
mQualEpsilon=1.60687
mQualVolume=54.7934
new_planned_energy=-1.60687
