gpsEpsilon=133.17
gpsVolume=124.426
mQualEpsilon=1.45353
mQualVolume=53.9073
new_planned_energy=-1.45353
