gpsEpsilon=133.17
gpsVolume=124.426
mQualEpsilon=1.62639
mQualVolume=55.043
new_planned_energy=-1.62639
