gpsEpsilon=127
gpsVolume=96.7649
mQualEpsilon=0.0357834
mQualVolume=0.0139984
new_planned_energy=14.5549
