gpsEpsilon=127
gpsVolume=96.7649
mQualEpsilon=1.87532
mQualVolume=53.9726
new_planned_energy=-1.87532
