gpsEpsilon=127
gpsVolume=96.7649
mQualEpsilon=1.85719
mQualVolume=53.9755
new_planned_energy=-1.85719
