gpsEpsilon=127
gpsVolume=96.7649
mQualEpsilon=1.70352
mQualVolume=52.0528
new_planned_energy=-1.70352
