gpsEpsilon=127
gpsVolume=96.7649
mQualEpsilon=1.71327
mQualVolume=53.0394
new_planned_energy=-1.71327
