gpsEpsilon=127
gpsVolume=96.7649
mQualEpsilon=1.85798
mQualVolume=54.014
new_planned_energy=-1.85798
