gpsEpsilon=199.524
gpsVolume=58.6638
mQualEpsilon=0.0134518
mQualVolume=0.0133841
new_planned_energy=41.8091
