epsilon_quality=0.0108077
volume_quality=0.0335222
