epsilon_quality=0.0486264
volume_quality=0.0544406
