epsilon_quality=0.00314008
volume_quality=0.0198947
