epsilon_quality=0.0959415
volume_quality=0.065162
