epsilon_quality=0.0521555
volume_quality=0.312257
