epsilon_quality=0.357161
volume_quality=2.02269
