epsilon_quality=0.267245
volume_quality=0.648642
