epsilon_quality=0.155175
volume_quality=0.0925129
