epsilon_quality=0.0367646
volume_quality=0.0101687
