epsilon_quality=0.109537
volume_quality=0.607205
