epsilon_quality=0.116056
volume_quality=0.213351
