epsilon_quality=0.168649
volume_quality=0.309854
