epsilon_quality=0.216768
volume_quality=0.538236
