epsilon_quality=0.314109
volume_quality=1.53057
