epsilon_quality=0.148699
volume_quality=0.370193
