epsilon_quality=0.317843
volume_quality=0.663306
