epsilon_quality=0.190968
volume_quality=0.764871
