epsilon_quality=0.0462321
volume_quality=0.0200578
