epsilon_quality=0.0508969
volume_quality=0.0370271
