epsilon_quality=0.0218425
volume_quality=0.0151163
