epsilon_quality=0.0300647
volume_quality=0.0520216
