epsilon_quality=0.0221808
volume_quality=0.479393
