epsilon_quality=0.100794
volume_quality=0.0516964
