epsilon_quality=0.0540311
volume_quality=0.0551837
