epsilon_quality=0.00709423
volume_quality=0.0502843
