epsilon_quality=0.0370062
volume_quality=0.0316973
