gpsEpsilon=124.344
gpsVolume=134.427
mQualEpsilon=0.0359241
mQualVolume=0.00629257
new_planned_energy=43.7839
