gpsEpsilon=0.564598
gpsVolume=2.42092e-322
mQualEpsilon=1.60229
mQualVolume=54.9467
new_planned_energy=24.866
