gpsEpsilon=0.564598
gpsVolume=2.42092e-322
mQualEpsilon=0.0316142
mQualVolume=0.00431944
new_planned_energy=16.8825
