gpsEpsilon=3.84455e-316
gpsVolume=-0.0300581
mQualEpsilon=0.0332233
mQualVolume=0.00515392
new_planned_energy=35.973
