gpsEpsilon=0.551158
gpsVolume=2.42092e-322
mQualEpsilon=0.0427861
mQualVolume=0.011758
new_planned_energy=34.2892
