gpsEpsilon=117.637
gpsVolume=136.873
mQualEpsilon=0.00567203
mQualVolume=0.00494461
new_planned_energy=26.4229
