gpsEpsilon=135.556
gpsVolume=95.041
mQualEpsilon=0.00436523
mQualVolume=0.00265321
new_planned_energy=41.5252
