gpsEpsilon=2.47469e-316
gpsVolume=-0.132475
mQualEpsilon=0.00130548
mQualVolume=0.00367884
new_planned_energy=22.8662
