gpsEpsilon=44.2359
gpsVolume=94.4194
mQualEpsilon=0.050003
mQualVolume=0.00989999
new_planned_energy=28.9755
