gpsEpsilon=44.2359
gpsVolume=94.4194
mQualEpsilon=1.71804
mQualVolume=47.6064
new_planned_energy=-1.71804
