gpsEpsilon=44.2359
gpsVolume=94.4194
mQualEpsilon=1.84931
mQualVolume=51.962
new_planned_energy=-1.84931
