gpsEpsilon=2.4342e-316
gpsVolume=6.95335e-310
mQualEpsilon=0.0470897
mQualVolume=0.00246932
new_planned_energy=13.6988
