gpsEpsilon=2.4342e-316
gpsVolume=6.95335e-310
mQualEpsilon=1.62829
mQualVolume=43.7896
new_planned_energy=-1.62829
