gpsEpsilon=2.4342e-316
gpsVolume=6.95335e-310
mQualEpsilon=1.68915
mQualVolume=46.2736
new_planned_energy=-1.68915
