gpsEpsilon=2.4342e-316
gpsVolume=6.95335e-310
mQualEpsilon=1.65168
mQualVolume=45.4218
new_planned_energy=-1.65168
