gpsEpsilon=2.4342e-316
gpsVolume=6.95335e-310
mQualEpsilon=1.68607
mQualVolume=46.3994
new_planned_energy=17.176
