epsilon_quality=0.108278
volume_quality=0.190071
