epsilon_quality=0.0744495
volume_quality=0.291419
