epsilon_quality=0.10826
volume_quality=0.101714
