epsilon_quality=0.232601
volume_quality=0.660293
