epsilon_quality=0.0834443
volume_quality=0.0926778
