epsilon_quality=0.166737
volume_quality=0.227558
