epsilon_quality=0.199735
volume_quality=0.817884
