epsilon_quality=0.085156
volume_quality=0.17071
