epsilon_quality=0.138455
volume_quality=0.145938
