epsilon_quality=0.11964
volume_quality=0.111308
