epsilon_quality=0.176838
volume_quality=0.360947
