epsilon_quality=0.15945
volume_quality=0.246936
