epsilon_quality=0.0589544
volume_quality=0.327671
