epsilon_quality=0.0408922
volume_quality=0.0223909
