epsilon_quality=0.232266
volume_quality=1.03831
