epsilon_quality=0.106953
volume_quality=0.0946977
