epsilon_quality=0.0038069
volume_quality=0.158849
