epsilon_quality=0.0438703
volume_quality=0.0628463
