epsilon_quality=0.0149861
volume_quality=0.00254792
