epsilon_quality=0.0445261
volume_quality=0.0289091
