epsilon_quality=0.0245395
volume_quality=0.0584626
