epsilon_quality=0.175545
volume_quality=0.586352
