epsilon_quality=0.193162
volume_quality=0.447053
