epsilon_quality=0.0859191
volume_quality=0.255446
