epsilon_quality=0.107567
volume_quality=0.265411
