epsilon_quality=0.212564
volume_quality=0.574537
