epsilon_quality=0.183131
volume_quality=0.226236
