epsilon_quality=0.210862
volume_quality=0.79384
