epsilon_quality=0.173863
volume_quality=0.813081
