epsilon_quality=0.105594
volume_quality=0.139832
