epsilon_quality=0.111425
volume_quality=0.382697
