epsilon_quality=0.036812
volume_quality=0.0246534
