epsilon_quality=0.00237553
volume_quality=0.246423
