epsilon_quality=0.134823
volume_quality=0.315748
