epsilon_quality=0.0315748
volume_quality=0.114251
