epsilon_quality=0.00255736
volume_quality=0.0216419
