epsilon_quality=0.0830684
volume_quality=0.0616594
