epsilon_quality=0.116986
volume_quality=0.0584785
