epsilon_quality=0.115303
volume_quality=0.219538
