epsilon_quality=0.0399609
volume_quality=0.0833931
