epsilon_quality=0.0914858
volume_quality=0.052305
