epsilon_quality=0.0864221
volume_quality=0.0344846
