epsilon_quality=0.0202941
volume_quality=0.0312628
