epsilon_quality=0.122476
volume_quality=0.156856
