epsilon_quality=0.230374
volume_quality=0.523222
