epsilon_quality=0.0704852
volume_quality=0.0750716
