epsilon_quality=0.0506987
volume_quality=0.0289537
