epsilon_quality=0.0254299
volume_quality=0.0242416
