epsilon_quality=0.122386
volume_quality=0.231442
