epsilon_quality=0.119676
volume_quality=0.300679
