epsilon_quality=0.0548587
volume_quality=0.0256238
