epsilon_quality=0.0806811
volume_quality=0.0582023
