epsilon_quality=0.063291
volume_quality=0.0527183
