epsilon_quality=0.0389236
volume_quality=0.0133069
