epsilon_quality=0.0414974
volume_quality=0.0351363
