epsilon_quality=0.0872201
volume_quality=0.170455
