epsilon_quality=0.122607
volume_quality=0.486878
