epsilon_quality=0.101452
volume_quality=0.46245
