epsilon_quality=0.0366151
volume_quality=0.00566818
