epsilon_quality=0.0562669
volume_quality=0.0125383
