epsilon_quality=0.0223928
volume_quality=0.000762655
