epsilon_quality=0.0461037
volume_quality=0.00629027
