epsilon_quality=0.0475686
volume_quality=0.0191091
