epsilon_quality=0.0384166
volume_quality=0.00695497
