epsilon_quality=0.0349675
volume_quality=0.00279954
