epsilon_quality=0.121231
volume_quality=0.228908
