epsilon_quality=0.0161632
volume_quality=0.0124753
