epsilon_quality=0.0478183
volume_quality=0.0193391
