epsilon_quality=0.0431002
volume_quality=0.0168059
