epsilon_quality=0.103428
volume_quality=0.159837
