epsilon_quality=0.129454
volume_quality=0.271013
