epsilon_quality=0.164356
volume_quality=0.288352
