epsilon_quality=0.190412
volume_quality=0.684658
