epsilon_quality=0.0599353
volume_quality=0.0990143
