epsilon_quality=0.154148
volume_quality=0.142679
