epsilon_quality=0.0217167
volume_quality=0.0399993
