epsilon_quality=0.169989
volume_quality=0.545059
