epsilon_quality=0.0242667
volume_quality=0.00178962
