epsilon_quality=0.256084
volume_quality=0.888373
