epsilon_quality=0.100317
volume_quality=0.277296
