epsilon_quality=0.0115076
volume_quality=0.0264892
