epsilon_quality=0.197061
volume_quality=1.08881
