epsilon_quality=0.0431604
volume_quality=0.0325897
