epsilon_quality=0.0509985
volume_quality=0.0294115
