epsilon_quality=2.80716e-17
volume_quality=0.0548918
