epsilon_quality=0.0815221
volume_quality=0.0201778
