epsilon_quality=0.0153107
volume_quality=0.015576
