epsilon_quality=0.205492
volume_quality=0.54978
