epsilon_quality=0.0170591
volume_quality=0.0108565
