epsilon_quality=0.0685999
volume_quality=0.0428545
