epsilon_quality=0.05497
volume_quality=0.0470842
