epsilon_quality=0.160975
volume_quality=0.260932
