epsilon_quality=0.0986955
volume_quality=0.224296
