epsilon_quality=0.270498
volume_quality=0.361133
