epsilon_quality=0.21589
volume_quality=0.567431
