epsilon_quality=0.141558
volume_quality=0.209479
