epsilon_quality=0.0439916
volume_quality=0.0354302
