epsilon_quality=0.144777
volume_quality=0.19144
