epsilon_quality=0.00422511
volume_quality=0.00414214
