epsilon_quality=0.12037
volume_quality=0.108702
