epsilon_quality=0.0813348
volume_quality=0.0676996
