epsilon_quality=0.0546365
volume_quality=0.508456
