epsilon_quality=0.0141296
volume_quality=0.0557316
