epsilon_quality=0.0896071
volume_quality=0.442546
