epsilon_quality=0.131046
volume_quality=0.217766
