epsilon_quality=0.00130024
volume_quality=0.00700431
