epsilon_quality=0.129411
volume_quality=0.401871
