epsilon_quality=0.0223155
volume_quality=0.0379509
