epsilon_quality=0.0230729
volume_quality=0.104456
