epsilon_quality=0.133073
volume_quality=0.132677
