epsilon_quality=0.057159
volume_quality=0.134003
