epsilon_quality=0.0341627
volume_quality=0.0462054
