epsilon_quality=0.127817
volume_quality=0.075539
