epsilon_quality=0.0909368
volume_quality=0.0831619
