epsilon_quality=0.120172
volume_quality=0.0889232
