epsilon_quality=0.0568557
volume_quality=0.0271084
