epsilon_quality=0.126633
volume_quality=0.042776
