epsilon_quality=0.0628248
volume_quality=0.0350312
