epsilon_quality=0.182566
volume_quality=0.617247
