epsilon_quality=0.0689329
volume_quality=0.337859
