epsilon_quality=0.0345711
volume_quality=0.0335214
