epsilon_quality=0.292623
volume_quality=1.31333
