epsilon_quality=0.162671
volume_quality=0.110723
