epsilon_quality=0.0929646
volume_quality=0.210897
