epsilon_quality=0.0595833
volume_quality=0.019898
