epsilon_quality=0.0932452
volume_quality=0.0570756
