epsilon_quality=0.0385518
volume_quality=0.043605
