epsilon_quality=0.341695
volume_quality=1.28709
