epsilon_quality=0.0144304
volume_quality=0.0175284
