epsilon_quality=0.0617185
volume_quality=0.198309
