epsilon_quality=0.0873199
volume_quality=0.250434
