epsilon_quality=0.0230656
volume_quality=0.0482395
