epsilon_quality=0.0270807
volume_quality=0.00796418
