epsilon_quality=0.0452039
volume_quality=0.0556716
