epsilon_quality=0.240117
volume_quality=0.606409
