epsilon_quality=0.098503
volume_quality=0.275792
