epsilon_quality=0.156548
volume_quality=0.217243
