epsilon_quality=0.139273
volume_quality=0.369111
