epsilon_quality=0.113086
volume_quality=0.260917
