epsilon_quality=0.0471953
volume_quality=0.0605517
