epsilon_quality=0.0277267
volume_quality=0.124928
