epsilon_quality=0.094399
volume_quality=0.0998787
