gpsEpsilon=1.37861e-315
gpsVolume=0
mQualEpsilon=0.0120446
mQualVolume=0.00156826
new_planned_energy=77.4333
