gpsEpsilon=1.21661e-315
gpsVolume=0
mQualEpsilon=-1
mQualVolume=0.00520235
new_planned_energy=32.5454
