gpsEpsilon=1.11984e-315
gpsVolume=0
mQualEpsilon=0.00653307
mQualVolume=0.00167458
new_planned_energy=59.3138
