gpsEpsilon=9.2878e-316
gpsVolume=0
mQualEpsilon=0.0331351
mQualVolume=0.00141275
new_planned_energy=44.5158
