gpsEpsilon=38.402
gpsVolume=40.214
mQualEpsilon=0.0399837
mQualVolume=0.00197897
new_planned_energy=72.3713
