gpsEpsilon=38.8021
gpsVolume=37.8285
mQualEpsilon=0.0288942
mQualVolume=0.00558506
new_planned_energy=23.8551
