gpsEpsilon=19.8315
gpsVolume=38.4226
mQualEpsilon=0.0660221
mQualVolume=0.00369027
new_planned_energy=50.6443
