gpsEpsilon=31.0452
gpsVolume=65.9559
mQualEpsilon=0.0217061
mQualVolume=0.00806452
new_planned_energy=66.4653
