gpsEpsilon=37.9572
gpsVolume=27.0396
mQualEpsilon=0.0451765
mQualVolume=0.00376689
new_planned_energy=74.0332
