gpsEpsilon=39.6408
gpsVolume=47.1655
mQualEpsilon=0.00354627
mQualVolume=0.00512275
new_planned_energy=62.3936
