epsilon_quality=0.043095
volume_quality=0.00898381
