epsilon_quality=0.0481401
volume_quality=0.035389
