epsilon_quality=0.023255
volume_quality=0.0103565
