epsilon_quality=0.0299285
volume_quality=0.00286061
