epsilon_quality=0.0314316
volume_quality=0.0101449
