epsilon_quality=0.0505008
volume_quality=0.0114529
