epsilon_quality=0.0408507
volume_quality=0.0929423
