epsilon_quality=0.219196
volume_quality=0.544559
