epsilon_quality=0.0826933
volume_quality=0.163215
