epsilon_quality=0.0445258
volume_quality=0.00451463
