epsilon_quality=0.0230764
volume_quality=0.00459652
