epsilon_quality=0.0536694
volume_quality=0.00900317
