epsilon_quality=0.0330691
volume_quality=0.0029028
