epsilon_quality=0.0338902
volume_quality=0.0111515
