gpsEpsilon=63.3255
gpsVolume=63.0796
mQualEpsilon=0.0167536
mQualVolume=0.00549942
new_planned_energy=59.349
