gpsEpsilon=1.00871e-315
gpsVolume=0
mQualEpsilon=-1
mQualVolume=0.00168205
new_planned_energy=31.0614
