gpsEpsilon=1.37852e-315
gpsVolume=0
mQualEpsilon=0.093846
mQualVolume=0.0100549
new_planned_energy=71.9713
