gpsEpsilon=7.91781e-316
gpsVolume=0
mQualEpsilon=0.0312979
mQualVolume=0.0029157
new_planned_energy=85.7952
