gpsEpsilon=10.7313
gpsVolume=-11.51
mQualEpsilon=0.0166825
mQualVolume=0.0120636
new_planned_energy=49.2312
