gpsEpsilon=1.18576e-321
gpsVolume=3.16202e-322
mQualEpsilon=0.0325413
mQualVolume=0.00487036
new_planned_energy=63.5418
