gpsEpsilon=8.59194e-316
gpsVolume=0
mQualEpsilon=-1
mQualVolume=0.00263263
new_planned_energy=45.0359
