gpsEpsilon=24.3817
gpsVolume=-2.84217e-14
mQualEpsilon=0.0256755
mQualVolume=0.00249235
new_planned_energy=56.6339
