gpsEpsilon=24.2559
gpsVolume=51.0436
mQualEpsilon=0.0456704
mQualVolume=0.00459877
new_planned_energy=27.3754
