gpsEpsilon=33.2176
gpsVolume=34.9517
mQualEpsilon=0.0438129
mQualVolume=0.00519066
new_planned_energy=69.444
