gpsEpsilon=61.7454
gpsVolume=59.5462
mQualEpsilon=0.0112181
mQualVolume=0.00105634
new_planned_energy=58.8046
