gpsEpsilon=65.8515
gpsVolume=57.9336
mQualEpsilon=0.0343054
mQualVolume=0.0117836
new_planned_energy=62.7137
