gpsEpsilon=67.768
gpsVolume=58.3618
mQualEpsilon=0.0814688
mQualVolume=0.00759744
new_planned_energy=84.728
