epsilon_quality=0.0478216
volume_quality=0.0534992
