epsilon_quality=0.0507328
volume_quality=0.0296906
