epsilon_quality=0.0294014
volume_quality=0.312727
