epsilon_quality=0.114073
volume_quality=0.0995905
