epsilon_quality=0.229698
volume_quality=0.443742
