epsilon_quality=0.0821017
volume_quality=0.0578808
