epsilon_quality=0.0923211
volume_quality=0.0644244
