epsilon_quality=0.118976
volume_quality=0.180899
