epsilon_quality=0.0496623
volume_quality=0.0406612
