epsilon_quality=0.159342
volume_quality=0.38563
