epsilon_quality=0.146133
volume_quality=0.495581
