epsilon_quality=0.318665
volume_quality=2.24892
