epsilon_quality=0.0342707
volume_quality=0.0234336
