epsilon_quality=0.029119
volume_quality=0.0651865
