epsilon_quality=0.0835939
volume_quality=0.0390859
