epsilon_quality=0.0423059
volume_quality=0.0204374
