epsilon_quality=0.0496276
volume_quality=0.032852
