epsilon_quality=0.0395026
volume_quality=0.0133888
