epsilon_quality=0.0402038
volume_quality=0.0116244
