epsilon_quality=0.0480401
volume_quality=0.00936889
