epsilon_quality=0.0703147
volume_quality=0.109031
