epsilon_quality=0.0389769
volume_quality=0.0267343
