epsilon_quality=0.0255414
volume_quality=0.0133008
