epsilon_quality=0.0152709
volume_quality=0.0322576
