epsilon_quality=0.114641
volume_quality=0.521637
