epsilon_quality=0.036813
volume_quality=0.0475194
