epsilon_quality=0.0492281
volume_quality=0.22868
