epsilon_quality=0.176172
volume_quality=0.289385
