epsilon_quality=0.0498303
volume_quality=0.0166813
