epsilon_quality=0.0289519
volume_quality=0.0031923
