epsilon_quality=0.0932732
volume_quality=0.379053
