epsilon_quality=0.191034
volume_quality=0.841992
