epsilon_quality=0.149244
volume_quality=0.535405
