epsilon_quality=0.0274841
volume_quality=0.00914576
