epsilon_quality=0.0295874
volume_quality=0.223119
