epsilon_quality=0.113102
volume_quality=0.169559
