epsilon_quality=0.169198
volume_quality=0.983123
