epsilon_quality=0.175835
volume_quality=0.563983
