epsilon_quality=0.118623
volume_quality=0.179784
