epsilon_quality=0.0553531
volume_quality=0.125597
