epsilon_quality=0.0853912
volume_quality=0.144643
