epsilon_quality=0.132795
volume_quality=0.347819
