epsilon_quality=0.226595
volume_quality=0.584252
