epsilon_quality=0.246546
volume_quality=0.580159
