epsilon_quality=0.212526
volume_quality=0.397341
