epsilon_quality=0.143067
volume_quality=0.110469
