epsilon_quality=0.116757
volume_quality=0.149626
