epsilon_quality=0.171327
volume_quality=0.243183
