epsilon_quality=0.154927
volume_quality=0.130595
