epsilon_quality=0.0273372
volume_quality=0.0128305
