epsilon_quality=0.0836959
volume_quality=0.0451567
