epsilon_quality=0.051101
volume_quality=0.0129839
