epsilon_quality=0.000251049
volume_quality=0.00964239
