epsilon_quality=0.0552667
volume_quality=0.0209026
