epsilon_quality=0.054319
volume_quality=0.0230491
