epsilon_quality=0.0296375
volume_quality=0.0150271
