epsilon_quality=0.0462223
volume_quality=0.0251383
