epsilon_quality=0.0408202
volume_quality=0.00432491
