epsilon_quality=0.0152773
volume_quality=0.0151603
