epsilon_quality=0.00731925
volume_quality=0.00479076
