epsilon_quality=0.0137607
volume_quality=0.113831
