epsilon_quality=0.160833
volume_quality=0.232893
