epsilon_quality=0.0899399
volume_quality=0.0330336
