epsilon_quality=0.192927
volume_quality=0.668828
