epsilon_quality=0.459579
volume_quality=3.52495
