epsilon_quality=0.479302
volume_quality=4.70015
