epsilon_quality=0.45466
volume_quality=2.86672
