epsilon_quality=0.0861281
volume_quality=0.0426755
