epsilon_quality=0.0631436
volume_quality=0.0155584
