epsilon_quality=0.0541734
volume_quality=0.0690136
