gpsEpsilon=163.256
gpsVolume=49.3474
mQualEpsilon=0.0557739
mQualVolume=0.0126535
new_planned_energy=38.8744
