gpsEpsilon=241.233
gpsVolume=85.771
mQualEpsilon=1.34558
mQualVolume=49.3729
new_planned_energy=-1.34558
