gpsEpsilon=241.233
gpsVolume=85.771
mQualEpsilon=1.33757
mQualVolume=49.2232
new_planned_energy=-1.33757
