gpsEpsilon=241.233
gpsVolume=85.771
mQualEpsilon=1.33384
mQualVolume=49.7677
new_planned_energy=-1.33384
