gpsEpsilon=241.233
gpsVolume=85.771
mQualEpsilon=0.0671562
mQualVolume=0.0103639
new_planned_energy=19.2904
