gpsEpsilon=241.233
gpsVolume=85.771
mQualEpsilon=1.33238
mQualVolume=49.0246
new_planned_energy=-1.33238
