gpsEpsilon=210.093
gpsVolume=23.7378
mQualEpsilon=1.13512
mQualVolume=48.0918
new_planned_energy=-1.13512
