gpsEpsilon=210.093
gpsVolume=23.7378
mQualEpsilon=1.50241
mQualVolume=50.8709
new_planned_energy=-1.50241
