gpsEpsilon=202.542
gpsVolume=17.2717
mQualEpsilon=0.0514841
mQualVolume=0.00694514
new_planned_energy=28.799
