gpsEpsilon=93.0834
gpsVolume=109.824
mQualEpsilon=0.00134136
mQualVolume=0.000521096
new_planned_energy=66.5997
