gpsEpsilon=0.234654
gpsVolume=0.267646
mQualEpsilon=-1
mQualVolume=0.00444163
new_planned_energy=44.4494
