gpsEpsilon=0.609488
gpsVolume=0.672283
mQualEpsilon=-1
mQualVolume=0.00413176
new_planned_energy=35.3082
