gpsEpsilon=190.235
gpsVolume=80.7905
mQualEpsilon=2.77556e-17
mQualVolume=0.000475786
new_planned_energy=76.3881
