gpsEpsilon=213.375
gpsVolume=79.8215
mQualEpsilon=0.0417734
mQualVolume=0.0061761
new_planned_energy=19.736
