gpsEpsilon=177.515
gpsVolume=83.5106
mQualEpsilon=0.0371968
mQualVolume=0.0143786
new_planned_energy=41.9879
