gpsEpsilon=170.315
gpsVolume=70.0443
mQualEpsilon=0.0531503
mQualVolume=0.00574017
new_planned_energy=19.1543
