gpsEpsilon=170.315
gpsVolume=70.0443
mQualEpsilon=0.24574
mQualVolume=28.6114
new_planned_energy=-0.24574
