gpsEpsilon=201.352
gpsVolume=78.7166
mQualEpsilon=0.0853334
mQualVolume=0.0256937
new_planned_energy=26.8323
