epsilon_quality=0.111279
volume_quality=0.0266052
