epsilon_quality=0.090721
volume_quality=0.0227678
