epsilon_quality=0.0156282
volume_quality=0.0353141
