epsilon_quality=0.0663683
volume_quality=0.0232683
