epsilon_quality=0.0634593
volume_quality=0.0718128
