epsilon_quality=0.10313
volume_quality=0.0993766
