epsilon_quality=0.0720382
volume_quality=0.0454798
