epsilon_quality=0.0838133
volume_quality=1.09438
