epsilon_quality=0.243363
volume_quality=0.81329
