gpsEpsilon=2.37152e-322
gpsVolume=3.95253e-322
mQualEpsilon=0.0488773
mQualVolume=0.0107603
new_planned_energy=29.1985
