gpsEpsilon=1.21643e-315
gpsVolume=1.21643e-315
mQualEpsilon=0.0351576
mQualVolume=0.0112999
new_planned_energy=25.247
