gpsEpsilon=0
gpsVolume=0
mQualEpsilon=0.0227089
mQualVolume=0.00110905
new_planned_energy=16.9452
