gpsEpsilon=204.567
gpsVolume=7.8076
mQualEpsilon=0.00309062
mQualVolume=0.00513642
new_planned_energy=23.8961
