gpsEpsilon=8.59194e-316
gpsVolume=0
mQualEpsilon=-1
mQualVolume=0.00321095
new_planned_energy=28.2241
