gpsEpsilon=15.7194
gpsVolume=100.726
mQualEpsilon=0.0238783
mQualVolume=0.00521227
new_planned_energy=50.1327
