gpsEpsilon=1.21641e-315
gpsVolume=0
mQualEpsilon=-1
mQualVolume=0.0193653
new_planned_energy=41.8694
