gpsEpsilon=7.91761e-316
gpsVolume=0
mQualEpsilon=0.0360452
mQualVolume=0.018426
new_planned_energy=33.0438
