gpsEpsilon=233.912
gpsVolume=39.6311
mQualEpsilon=0.00157545
mQualVolume=0.00750562
new_planned_energy=43.7132
