gpsEpsilon=247.65
gpsVolume=45.1
mQualEpsilon=1.69637
mQualVolume=46.8938
new_planned_energy=-1.69637
