gpsEpsilon=247.65
gpsVolume=45.1
mQualEpsilon=1.70888
mQualVolume=46.9871
new_planned_energy=-1.70888
