gpsEpsilon=247.65
gpsVolume=45.1
mQualEpsilon=1.71044
mQualVolume=46.051
new_planned_energy=-1.71044
