gpsEpsilon=247.65
gpsVolume=45.1
mQualEpsilon=1.71422
mQualVolume=45.9095
new_planned_energy=-1.71422
