gpsEpsilon=247.65
gpsVolume=45.1
mQualEpsilon=1.71442
mQualVolume=47.0712
new_planned_energy=-1.71442
