gpsEpsilon=163.635
gpsVolume=7.36036
mQualEpsilon=-1
mQualVolume=0.00477924
new_planned_energy=45.316
