gpsEpsilon=0
gpsVolume=3.21143e-322
mQualEpsilon=0.0255164
mQualVolume=0.00832329
new_planned_energy=20.2084
