gpsEpsilon=-0.420073
gpsVolume=0.648339
mQualEpsilon=1.63799
mQualVolume=46.4183
new_planned_energy=-1.63799
