gpsEpsilon=-0.420073
gpsVolume=0.648339
mQualEpsilon=1.60163
mQualVolume=46.4658
new_planned_energy=-1.60163
