gpsEpsilon=-0.420073
gpsVolume=0.648339
mQualEpsilon=1.6245
mQualVolume=46.2103
new_planned_energy=12.2219
