gpsEpsilon=-0.420073
gpsVolume=0.648339
mQualEpsilon=1.59584
mQualVolume=43.0323
new_planned_energy=-1.59584
