gpsEpsilon=-0.420073
gpsVolume=0.648339
mQualEpsilon=1.59878
mQualVolume=46.2018
new_planned_energy=-1.59878
