gpsEpsilon=2.37152e-322
gpsVolume=3.16202e-322
mQualEpsilon=0.0447043
mQualVolume=0.00836923
new_planned_energy=12.3987
