gpsEpsilon=2.37152e-322
gpsVolume=3.16202e-322
mQualEpsilon=1.68242
mQualVolume=46.5026
new_planned_energy=12.8345
