gpsEpsilon=2.37152e-322
gpsVolume=3.16202e-322
mQualEpsilon=1.5141
mQualVolume=43.5043
new_planned_energy=-1.5141
