epsilon_quality=0.0484785
volume_quality=4.98991
