gpsEpsilon=0.789878
gpsVolume=-0.412296
mQualEpsilon=0.0799911
mQualVolume=0.0232416
new_planned_energy=50.6888
