gpsEpsilon=0.575732
gpsVolume=-0.256728
mQualEpsilon=0.00530815
mQualVolume=0.000303281
new_planned_energy=18.8524
