gpsEpsilon=0.623802
gpsVolume=2.42092e-322
mQualEpsilon=0.0189839
mQualVolume=0.00073575
new_planned_energy=42.8625
