gpsEpsilon=0.476217
gpsVolume=-0.436616
mQualEpsilon=0.0663413
mQualVolume=0.0123953
new_planned_energy=41.9904
