gpsEpsilon=127.069
gpsVolume=106.869
mQualEpsilon=0.0476793
mQualVolume=0.0166032
new_planned_energy=32.1075
