gpsEpsilon=0.649078
gpsVolume=2.42092e-322
mQualEpsilon=0.0458112
mQualVolume=0.0181109
new_planned_energy=48.448
