gpsEpsilon=0.627264
gpsVolume=2.42092e-322
mQualEpsilon=0.0331374
mQualVolume=0.0211577
new_planned_energy=52.1738
