gpsEpsilon=0.476217
gpsVolume=-0.436616
mQualEpsilon=0.0740478
mQualVolume=0.0403426
new_planned_energy=63.335
