gpsEpsilon=0.789878
gpsVolume=-0.412296
mQualEpsilon=-1
mQualVolume=0.00649102
new_planned_energy=60.6156
