gpsEpsilon=0.789878
gpsVolume=-0.412296
mQualEpsilon=0.0764136
mQualVolume=0.00763597
new_planned_energy=40.3463
