gpsEpsilon=0.567536
gpsVolume=-0.27573
mQualEpsilon=0.0237401
mQualVolume=0.00617139
new_planned_energy=65.9461
