gpsEpsilon=0.789878
gpsVolume=-0.412296
mQualEpsilon=0.0383678
mQualVolume=0.00659527
new_planned_energy=45.2638
