gpsEpsilon=170.646
gpsVolume=14.5363
mQualEpsilon=0.00610012
mQualVolume=0.00242614
new_planned_energy=59.3269
