gpsEpsilon=173.142
gpsVolume=19.1466
mQualEpsilon=0.0374247
mQualVolume=0.00944153
new_planned_energy=47.397
