gpsEpsilon=172.449
gpsVolume=10.7705
mQualEpsilon=0.0649608
mQualVolume=0.00336936
new_planned_energy=57.234
