gpsEpsilon=-0.000573254
gpsVolume=19.6192
mQualEpsilon=0.0447902
mQualVolume=0.00373327
new_planned_energy=51.5533
