gpsEpsilon=1.26982e-315
gpsVolume=6.95335e-310
mQualEpsilon=0.0598055
mQualVolume=0.00629205
new_planned_energy=45.6838
