gpsEpsilon=1.83158e-315
gpsVolume=1.84271e-315
mQualEpsilon=0.0774908
mQualVolume=0.0107279
new_planned_energy=39.7636
