gpsEpsilon=117.482
gpsVolume=125.658
mQualEpsilon=0.0148622
mQualVolume=0.00135041
new_planned_energy=46.9171
