gpsEpsilon=117.482
gpsVolume=128.095
mQualEpsilon=0.0119176
mQualVolume=0.00330565
new_planned_energy=46.8824
