gpsEpsilon=222.737
gpsVolume=28.6664
mQualEpsilon=0.073946
mQualVolume=0.00886271
new_planned_energy=16.7521
