gpsEpsilon=206.746
gpsVolume=19.4425
mQualEpsilon=0.0459004
mQualVolume=0.015375
new_planned_energy=38.2087
