epsilon_quality=0.122621
volume_quality=0.234002
