epsilon_quality=0.0473651
volume_quality=0.00859377
