epsilon_quality=0.0312199
volume_quality=0.0635384
