epsilon_quality=0.0591596
volume_quality=0.0804251
