epsilon_quality=0.107259
volume_quality=0.261483
