epsilon_quality=0.218583
volume_quality=0.378169
