epsilon_quality=0.0729072
volume_quality=0.0263652
