epsilon_quality=0.064774
volume_quality=0.0874455
