epsilon_quality=0.0920143
volume_quality=0.193333
