epsilon_quality=0.10316
volume_quality=0.110708
