epsilon_quality=0.131172
volume_quality=0.0746765
