epsilon_quality=0.0451525
volume_quality=0.0124645
