epsilon_quality=0.0294723
volume_quality=0.0503414
