epsilon_quality=0.00645885
volume_quality=0.283989
