epsilon_quality=0.0904711
volume_quality=0.128027
