epsilon_quality=0.0566861
volume_quality=0.0447245
