epsilon_quality=0.0512189
volume_quality=0.0344709
