epsilon_quality=0.0253886
volume_quality=0.00132784
