epsilon_quality=0.0293974
volume_quality=0.000843022
