epsilon_quality=0.0961745
volume_quality=0.654455
