epsilon_quality=0.0307192
volume_quality=0.00263633
