epsilon_quality=0.11465
volume_quality=0.18679
