epsilon_quality=0.121407
volume_quality=0.707606
