epsilon_quality=0.168057
volume_quality=0.392311
