epsilon_quality=0.11189
volume_quality=0.158164
