epsilon_quality=0.0464803
volume_quality=0.0770269
