epsilon_quality=0.0895101
volume_quality=0.214266
