gpsEpsilon=57.1223
gpsVolume=137.356
mQualEpsilon=0.0663331
mQualVolume=0.00706824
new_planned_energy=56.8449
