gpsEpsilon=50.4944
gpsVolume=120.192
mQualEpsilon=0.0241609
mQualVolume=0.00500032
new_planned_energy=29.6571
