gpsEpsilon=59.2656
gpsVolume=127.501
mQualEpsilon=0.0602389
mQualVolume=0.0164701
new_planned_energy=40.762
