gpsEpsilon=72.7903
gpsVolume=120.681
mQualEpsilon=0.0744926
mQualVolume=0.00624495
new_planned_energy=58.6664
