gpsEpsilon=77.0369
gpsVolume=86.9213
mQualEpsilon=0.0396196
mQualVolume=0.0137008
new_planned_energy=26.3114
