gpsEpsilon=72.9805
gpsVolume=76.6275
mQualEpsilon=0.0627765
mQualVolume=0.00819236
new_planned_energy=50.5701
