gpsEpsilon=60.105
gpsVolume=130.978
mQualEpsilon=0.0240386
mQualVolume=0.00890237
new_planned_energy=43.8591
