gpsEpsilon=55.4822
gpsVolume=111.295
mQualEpsilon=0.144181
mQualVolume=0.0495101
new_planned_energy=65.7631
