gpsEpsilon=60.1624
gpsVolume=121.519
mQualEpsilon=0.0465643
mQualVolume=0.00869182
new_planned_energy=37.1412
