gpsEpsilon=55.1955
gpsVolume=110.125
mQualEpsilon=0.0587966
mQualVolume=0.00556047
new_planned_energy=34.3331
