gpsEpsilon=55.1955
gpsVolume=110.125
mQualEpsilon=1.26437
mQualVolume=42.4543
new_planned_energy=-1.26437
