epsilon_quality=0.0104407
volume_quality=0.230811
