epsilon_quality=0.345591
volume_quality=3.85786
