epsilon_quality=0.105514
volume_quality=0.120723
