epsilon_quality=0.0707716
volume_quality=0.0670448
