epsilon_quality=0.0381305
volume_quality=0.00917378
