epsilon_quality=0.0922934
volume_quality=0.311738
