epsilon_quality=0.0278442
volume_quality=0.0144882
