epsilon_quality=0.127066
volume_quality=0.46681
