epsilon_quality=0.0474906
volume_quality=0.048324
