epsilon_quality=0.01643
volume_quality=0.197218
