epsilon_quality=0.0351665
volume_quality=0.031652
