epsilon_quality=0.0240693
volume_quality=0.0214457
