epsilon_quality=0.100055
volume_quality=0.0834915
