epsilon_quality=0.139295
volume_quality=0.231379
