epsilon_quality=0.0397173
volume_quality=0.0186838
