epsilon_quality=0.00335688
volume_quality=0.00918494
