epsilon_quality=0.0403389
volume_quality=0.0245228
