epsilon_quality=0.165241
volume_quality=0.22773
