epsilon_quality=0.13834
volume_quality=0.240027
