epsilon_quality=0.0694578
volume_quality=0.0415745
