epsilon_quality=0.0608848
volume_quality=0.0257434
