epsilon_quality=0.049022
volume_quality=0.583408
