epsilon_quality=0.061327
volume_quality=0.0131527
