epsilon_quality=0.109811
volume_quality=0.136591
