epsilon_quality=0.16102
volume_quality=0.302726
