epsilon_quality=0.0439996
volume_quality=0.211983
