epsilon_quality=0.0535749
volume_quality=0.141283
