epsilon_quality=0.0972801
volume_quality=0.204542
