epsilon_quality=0.0409107
volume_quality=0.0589425
