epsilon_quality=0.0239584
volume_quality=0.138424
