epsilon_quality=0.143809
volume_quality=0.657106
