epsilon_quality=0.0392927
volume_quality=0.0268625
