epsilon_quality=0.448562
volume_quality=5.21049
