epsilon_quality=0.314873
volume_quality=3.58638
