epsilon_quality=0.120103
volume_quality=0.462639
