epsilon_quality=0.0761736
volume_quality=0.0474454
