epsilon_quality=0.0640522
volume_quality=0.0536623
