epsilon_quality=0.0268509
volume_quality=0.0301221
