epsilon_quality=0.0150935
volume_quality=0.0337586
