epsilon_quality=0.0441248
volume_quality=0.0138033
