epsilon_quality=0.211476
volume_quality=0.435616
