epsilon_quality=0.14522
volume_quality=0.0883589
