epsilon_quality=0.0756793
volume_quality=0.249731
