epsilon_quality=0.0653891
volume_quality=0.092168
