epsilon_quality=0.0147083
volume_quality=0.0661282
