epsilon_quality=0.00537835
volume_quality=0.00674481
