epsilon_quality=0.0897827
volume_quality=0.101005
