epsilon_quality=0.0749524
volume_quality=0.0476146
