epsilon_quality=0.104043
volume_quality=0.0967799
