epsilon_quality=0.0417849
volume_quality=0.0165293
