epsilon_quality=0.091232
volume_quality=0.0350396
