epsilon_quality=0.0633812
volume_quality=0.0401148
