epsilon_quality=0.140132
volume_quality=0.215377
