epsilon_quality=0.107779
volume_quality=0.0735386
