epsilon_quality=0.054647
volume_quality=0.00803044
