epsilon_quality=0.0422112
volume_quality=0.0276379
