epsilon_quality=0.0901973
volume_quality=0.160943
