epsilon_quality=0.0141909
volume_quality=0.0102576
