epsilon_quality=0.00589145
volume_quality=0.00162915
