epsilon_quality=0.0566585
volume_quality=0.00742723
