epsilon_quality=0.0297276
volume_quality=0.00871285
