epsilon_quality=0.0285717
volume_quality=0.0140544
