epsilon_quality=0.0566372
volume_quality=0.288315
