epsilon_quality=0.206663
volume_quality=0.407943
