epsilon_quality=0.194513
volume_quality=0.706569
