epsilon_quality=0.0463318
volume_quality=0.0136267
