epsilon_quality=0.0383026
volume_quality=0.148018
