epsilon_quality=0.0577674
volume_quality=0.131822
