epsilon_quality=0.115237
volume_quality=0.0704701
