epsilon_quality=0.0419824
volume_quality=0.0118488
