epsilon_quality=0.0925206
volume_quality=0.0326869
