epsilon_quality=0.109414
volume_quality=0.354348
