epsilon_quality=0.0437931
volume_quality=0.0535291
