epsilon_quality=0.0474914
volume_quality=0.00667122
