epsilon_quality=0.0120961
volume_quality=0.0293591
