epsilon_quality=0.0735397
volume_quality=0.0934538
