epsilon_quality=0.0640806
volume_quality=0.036871
