epsilon_quality=0.0282695
volume_quality=0.0287065
