epsilon_quality=0.0547247
volume_quality=0.0937288
