epsilon_quality=0.055444
volume_quality=0.0358196
