epsilon_quality=0.0459575
volume_quality=0.449949
