epsilon_quality=0.177424
volume_quality=0.472972
