epsilon_quality=0.222036
volume_quality=1.01657
