epsilon_quality=0.0877541
volume_quality=0.044135
