epsilon_quality=0.0636609
volume_quality=0.101212
