epsilon_quality=0.0977301
volume_quality=0.328837
