epsilon_quality=0.36762
volume_quality=2.05019
