epsilon_quality=0.0282287
volume_quality=0.0694191
