epsilon_quality=0.0482605
volume_quality=0.115938
