epsilon_quality=0.0674465
volume_quality=0.0148882
