epsilon_quality=0.144509
volume_quality=0.198521
