epsilon_quality=0.0561908
volume_quality=0.0587707
