epsilon_quality=0.014501
volume_quality=0.157114
