epsilon_quality=0.299739
volume_quality=0.983135
