epsilon_quality=0.139178
volume_quality=0.567356
