epsilon_quality=0.00570603
volume_quality=0.00353795
