epsilon_quality=0.223671
volume_quality=0.378817
