epsilon_quality=0.221547
volume_quality=0.599313
