epsilon_quality=0.0499514
volume_quality=0.0162349
