epsilon_quality=0.141088
volume_quality=0.427708
