epsilon_quality=0.174112
volume_quality=0.369695
