epsilon_quality=0.242506
volume_quality=0.658784
