epsilon_quality=0.018786
volume_quality=0.167521
