epsilon_quality=0.158842
volume_quality=0.21118
