epsilon_quality=0.0079739
volume_quality=0.0368594
