epsilon_quality=0.159687
volume_quality=0.500948
