epsilon_quality=0.159315
volume_quality=0.225873
