epsilon_quality=0.0465761
volume_quality=0.226732
