epsilon_quality=0.144872
volume_quality=0.558395
