epsilon_quality=0.172662
volume_quality=0.452111
