epsilon_quality=0.0569563
volume_quality=0.150847
