epsilon_quality=0.0247226
volume_quality=0.00802615
