epsilon_quality=0.14189
volume_quality=0.22555
