epsilon_quality=0.159322
volume_quality=0.172284
