epsilon_quality=0.0196453
volume_quality=0.0431807
