epsilon_quality=0.0817441
volume_quality=0.456337
