epsilon_quality=0.172025
volume_quality=0.229969
