epsilon_quality=0.189446
volume_quality=0.529227
