epsilon_quality=0.117684
volume_quality=0.290307
