epsilon_quality=0.0972862
volume_quality=0.301179
