epsilon_quality=0.133476
volume_quality=0.0648141
