epsilon_quality=0.0683901
volume_quality=0.0782373
