epsilon_quality=0.0621866
volume_quality=0.196391
