epsilon_quality=0.186924
volume_quality=0.734904
