epsilon_quality=0.102446
volume_quality=0.0634604
