epsilon_quality=0.0814138
volume_quality=0.0375255
