epsilon_quality=0.168279
volume_quality=0.292389
