epsilon_quality=0.0815419
volume_quality=0.0745808
