epsilon_quality=0.0738326
volume_quality=0.0733733
