epsilon_quality=0.0669355
volume_quality=0.0206562
