epsilon_quality=0.0966979
volume_quality=0.0478877
