epsilon_quality=0.0716082
volume_quality=0.100902
