epsilon_quality=0.111849
volume_quality=0.206125
