epsilon_quality=0.133942
volume_quality=0.112485
