epsilon_quality=0.0633978
volume_quality=0.334659
