epsilon_quality=0.0055123
volume_quality=0.0842639
