epsilon_quality=0.170385
volume_quality=0.536674
