epsilon_quality=0.162157
volume_quality=0.579817
