epsilon_quality=0.198689
volume_quality=0.674784
