epsilon_quality=0.240192
volume_quality=0.65189
