epsilon_quality=0.181411
volume_quality=0.151551
