epsilon_quality=0.093993
volume_quality=0.447008
