epsilon_quality=0.140094
volume_quality=0.305007
