epsilon_quality=0.118379
volume_quality=0.0535705
