epsilon_quality=0.235472
volume_quality=0.230059
