epsilon_quality=0.0322936
volume_quality=0.0748312
