epsilon_quality=0.106563
volume_quality=0.155966
