epsilon_quality=0.171402
volume_quality=0.357216
