epsilon_quality=0.00677753
volume_quality=0.0325199
