epsilon_quality=0.211611
volume_quality=0.803773
