epsilon_quality=0.303829
volume_quality=0.873157
