epsilon_quality=0.0217507
volume_quality=0.00469379
