epsilon_quality=0.0458776
volume_quality=0.0138248
