epsilon_quality=0.0566598
volume_quality=0.0181326
