epsilon_quality=0.0824519
volume_quality=0.16604
