epsilon_quality=0.137584
volume_quality=0.11728
