epsilon_quality=0.0682432
volume_quality=0.208604
