epsilon_quality=0.376068
volume_quality=1.39855
