epsilon_quality=0.430869
volume_quality=2.85126
