epsilon_quality=0.112909
volume_quality=0.34568
