epsilon_quality=0.110051
volume_quality=0.154758
