epsilon_quality=0.0258496
volume_quality=0.0065639
