epsilon_quality=0.0372204
volume_quality=0.0316631
