epsilon_quality=0.0608659
volume_quality=0.0695249
