epsilon_quality=0.118513
volume_quality=0.173676
