epsilon_quality=0.042144
volume_quality=0.123401
