gpsEpsilon=0.71043
gpsVolume=-0.0785682
mQualEpsilon=0.0566947
mQualVolume=0.00331995
new_planned_energy=43.5613
