gpsEpsilon=0
gpsVolume=0.0078125
mQualEpsilon=0.0578564
mQualVolume=0.00668856
new_planned_energy=35.9203
