gpsEpsilon=0.521728
gpsVolume=-0.531907
mQualEpsilon=-1
mQualVolume=0.00391976
new_planned_energy=32.7822
