gpsEpsilon=2.18976e-315
gpsVolume=2.18949e-315
mQualEpsilon=0.075911
mQualVolume=0.00688729
new_planned_energy=34.8941
