gpsEpsilon=0.687569
gpsVolume=-0.251345
mQualEpsilon=-1
mQualVolume=0.0044095
new_planned_energy=72.1011
