gpsEpsilon=0
gpsVolume=2.42092e-322
mQualEpsilon=0.0707134
mQualVolume=0.00609916
new_planned_energy=25.4469
