gpsEpsilon=2.3436e-315
gpsVolume=6.95335e-310
mQualEpsilon=-1
mQualVolume=0.00012332
new_planned_energy=26.46
