gpsEpsilon=1.46738e-315
gpsVolume=6.95335e-310
mQualEpsilon=-1
mQualVolume=0
new_planned_energy=70.9951
