gpsEpsilon=138.78
gpsVolume=159.728
mQualEpsilon=0.0679109
mQualVolume=0.0222515
new_planned_energy=88.9203
