gpsEpsilon=0.503701
gpsVolume=-0.548442
mQualEpsilon=-1
mQualVolume=0.000536595
new_planned_energy=52.3865
