gpsEpsilon=2.09379e-316
gpsVolume=1.92661e-315
mQualEpsilon=0.00868799
mQualVolume=0.000485773
new_planned_energy=64.303
