gpsEpsilon=1.21599e-315
gpsVolume=1.64054e-315
mQualEpsilon=-1
mQualVolume=0.00627509
new_planned_energy=19.6026
