gpsEpsilon=1.87649e-315
gpsVolume=1.76979e-315
mQualEpsilon=-1
mQualVolume=0.000429533
new_planned_energy=26.6697
