gpsEpsilon=1.87649e-315
gpsVolume=1.76979e-315
mQualEpsilon=0.393587
mQualVolume=37.1583
new_planned_energy=32.071
