epsilon_quality=0.0255135
volume_quality=0.077193
