epsilon_quality=0.0900577
volume_quality=0.230884
