epsilon_quality=0.125989
volume_quality=0.0751356
