epsilon_quality=0.0978291
volume_quality=0.0728818
