epsilon_quality=0.127705
volume_quality=0.251896
