epsilon_quality=0.0470081
volume_quality=0.349598
