epsilon_quality=0.0540287
volume_quality=0.053494
