epsilon_quality=0.0259013
volume_quality=0.0394313
