epsilon_quality=0.0903559
volume_quality=0.198544
