epsilon_quality=0.0673521
volume_quality=0.0137428
