epsilon_quality=0.0276495
volume_quality=0.0435109
