epsilon_quality=0.114014
volume_quality=0.345552
