epsilon_quality=0.192086
volume_quality=0.246869
