epsilon_quality=0.108616
volume_quality=0.144718
