epsilon_quality=0.0575188
volume_quality=0.0442212
