epsilon_quality=0.115738
volume_quality=0.065758
