epsilon_quality=0.0842818
volume_quality=0.0684188
