epsilon_quality=0.191857
volume_quality=0.230798
