epsilon_quality=0.0131298
volume_quality=0.161839
