epsilon_quality=0.368549
volume_quality=2.06258
