epsilon_quality=0.0765233
volume_quality=0.412302
