epsilon_quality=0.0839121
volume_quality=0.0768961
