epsilon_quality=0.141645
volume_quality=0.184217
