epsilon_quality=0.0427296
volume_quality=0.150302
