epsilon_quality=0.0631849
volume_quality=0.0120397
