epsilon_quality=0.047192
volume_quality=0.0783708
