epsilon_quality=0.164111
volume_quality=0.330367
