epsilon_quality=0.111474
volume_quality=0.565161
