gpsEpsilon=95.407
gpsVolume=43.6598
mQualEpsilon=0.0206858
mQualVolume=0.0337777
new_planned_energy=35.4171
