gpsEpsilon=100.03
gpsVolume=40.3573
mQualEpsilon=0.0988735
mQualVolume=0.0181631
new_planned_energy=35.6374
