gpsEpsilon=0.45595
gpsVolume=1.63042e-322
mQualEpsilon=0.0261187
mQualVolume=0.00320937
new_planned_energy=78.202
