gpsEpsilon=1.34715e-316
gpsVolume=1.63042e-322
mQualEpsilon=0.0322535
mQualVolume=0.0228402
new_planned_energy=48.5661
