gpsEpsilon=116.081
gpsVolume=200.787
mQualEpsilon=0.095701
mQualVolume=0.078348
new_planned_energy=44.1032
