gpsEpsilon=113.256
gpsVolume=168.06
mQualEpsilon=0.138664
mQualVolume=0.0448518
new_planned_energy=64.7268
