gpsEpsilon=113.433
gpsVolume=153.961
mQualEpsilon=0.147206
mQualVolume=0.0510179
new_planned_energy=40.4207
