gpsEpsilon=104.627
gpsVolume=142.146
mQualEpsilon=0.093166
mQualVolume=0.0273351
new_planned_energy=44.8659
