gpsEpsilon=89.5645
gpsVolume=56.656
mQualEpsilon=0.0195269
mQualVolume=0.015572
new_planned_energy=42.9703
