gpsEpsilon=0
gpsVolume=0
mQualEpsilon=0.0159651
mQualVolume=0.0066646
new_planned_energy=80.0206
