epsilon_quality=0.03579
volume_quality=0.0056878
