epsilon_quality=0.0447422
volume_quality=0.0215542
