epsilon_quality=0.250256
volume_quality=0.764941
