epsilon_quality=0.0177978
volume_quality=0.00620362
