epsilon_quality=0.0910081
volume_quality=0.0635358
