epsilon_quality=0.0749171
volume_quality=0.0272991
