gpsEpsilon=24.7107
gpsVolume=35.3451
mQualEpsilon=1.65452
mQualVolume=48.8945
new_planned_energy=-1.65452
