gpsEpsilon=24.7107
gpsVolume=35.3451
mQualEpsilon=1.77094
mQualVolume=49.426
new_planned_energy=-1.77094
