gpsEpsilon=24.7107
gpsVolume=35.3451
mQualEpsilon=1.77826
mQualVolume=49.43
new_planned_energy=-1.77826
