gpsEpsilon=24.7107
gpsVolume=35.3451
mQualEpsilon=1.25586
mQualVolume=42.5809
new_planned_energy=-1.25586
