gpsEpsilon=24.7107
gpsVolume=35.3451
mQualEpsilon=1.76449
mQualVolume=49.3316
new_planned_energy=-1.76449
