gpsEpsilon=26.1948
gpsVolume=23.9985
mQualEpsilon=1.64142
mQualVolume=46.6545
new_planned_energy=-1.64142
