gpsEpsilon=25.4775
gpsVolume=40.1282
mQualEpsilon=0.0413912
mQualVolume=0.075988
new_planned_energy=36.1343
