gpsEpsilon=1.6277e-315
gpsVolume=0
mQualEpsilon=1.73482
mQualVolume=45.3618
new_planned_energy=-1.73482
