gpsEpsilon=0.0078125
gpsVolume=0
mQualEpsilon=0.0400665
mQualVolume=0.0115724
new_planned_energy=15.6836
