gpsEpsilon=0
gpsVolume=0
mQualEpsilon=0.0339778
mQualVolume=0.0120491
new_planned_energy=44.1693
