gpsEpsilon=6.35
gpsVolume=2.42092e-322
mQualEpsilon=1.65736
mQualVolume=46.9855
new_planned_energy=-1.65736
