gpsEpsilon=6.35
gpsVolume=2.42092e-322
mQualEpsilon=1.60373
mQualVolume=46.4316
new_planned_energy=-1.60373
