gpsEpsilon=6.35
gpsVolume=2.42092e-322
mQualEpsilon=1.64219
mQualVolume=47.1087
new_planned_energy=-1.64219
