gpsEpsilon=6.35
gpsVolume=2.42092e-322
mQualEpsilon=1.66228
mQualVolume=47.2252
new_planned_energy=-1.66228
