gpsEpsilon=6.35
gpsVolume=2.42092e-322
mQualEpsilon=1.63368
mQualVolume=47.1559
new_planned_energy=-1.63368
