gpsEpsilon=20.4672
gpsVolume=11.1626
mQualEpsilon=1.67343
mQualVolume=51.1672
new_planned_energy=-1.67343
