gpsEpsilon=20.4672
gpsVolume=11.1626
mQualEpsilon=1.66689
mQualVolume=51.0875
new_planned_energy=-1.66689
