gpsEpsilon=20.4672
gpsVolume=11.1626
mQualEpsilon=0.0109607
mQualVolume=0.00571093
new_planned_energy=14.2858
