gpsEpsilon=20.4672
gpsVolume=11.1626
mQualEpsilon=1.66276
mQualVolume=51.5498
new_planned_energy=-1.66276
