gpsEpsilon=20.4672
gpsVolume=11.1626
mQualEpsilon=1.67897
mQualVolume=50.8136
new_planned_energy=-1.67897
