gpsEpsilon=35.3921
gpsVolume=32.6969
mQualEpsilon=0.0137636
mQualVolume=0.0106811
new_planned_energy=27.0387
