gpsEpsilon=27.1038
gpsVolume=51.3591
mQualEpsilon=0.0720028
mQualVolume=0.0153906
new_planned_energy=36.6896
