gpsEpsilon=34.8945
gpsVolume=33.9324
mQualEpsilon=1.62717
mQualVolume=55.999
new_planned_energy=-1.62717
