gpsEpsilon=34.8945
gpsVolume=33.9324
mQualEpsilon=1.59624
mQualVolume=54.5549
new_planned_energy=-1.59624
