gpsEpsilon=34.8945
gpsVolume=33.9324
mQualEpsilon=1.61177
mQualVolume=56.1245
new_planned_energy=-1.61177
