epsilon_quality=0.125149
volume_quality=0.103346
