epsilon_quality=0.090905
volume_quality=0.0545465
