epsilon_quality=0.0678473
volume_quality=0.0407886
