epsilon_quality=0.0038751
volume_quality=0.0789119
