epsilon_quality=0.0778448
volume_quality=0.0574315
