epsilon_quality=0.061981
volume_quality=0.0380273
