epsilon_quality=0.0918665
volume_quality=0.116496
