epsilon_quality=0.0863793
volume_quality=0.0308334
