epsilon_quality=0.130481
volume_quality=0.0584529
