gpsEpsilon=1.13297e-95
gpsVolume=6.81559e-38
mQualEpsilon=0.0315129
mQualVolume=0.00712598
new_planned_energy=28.148
