gpsEpsilon=1.15419e-316
gpsVolume=1.15419e-316
mQualEpsilon=-1
mQualVolume=0.00213125
new_planned_energy=30.2123
