gpsEpsilon=16.5299
gpsVolume=-4.25812
mQualEpsilon=0.0433162
mQualVolume=0.0113924
new_planned_energy=22.6709
