gpsEpsilon=1.12833e-316
gpsVolume=1.12834e-316
mQualEpsilon=0.0702251
mQualVolume=0.00768977
new_planned_energy=35.0253
