gpsEpsilon=1.77646e-316
gpsVolume=6.95335e-310
mQualEpsilon=1.96625
mQualVolume=58.3786
new_planned_energy=14.0016
