gpsEpsilon=1.77646e-316
gpsVolume=6.95335e-310
mQualEpsilon=0.0545509
mQualVolume=0.00467067
new_planned_energy=14.1546
