gpsEpsilon=1
gpsVolume=0
mQualEpsilon=0.0152325
mQualVolume=0.00703895
new_planned_energy=35.0577
