gpsEpsilon=184.165
gpsVolume=60.8155
mQualEpsilon=0.00404186
mQualVolume=0.00203455
new_planned_energy=61.4561
