gpsEpsilon=1.77617e-316
gpsVolume=1.3399e-316
mQualEpsilon=-1
mQualVolume=0.00413809
new_planned_energy=80.1792
