gpsEpsilon=174.193
gpsVolume=76.3455
mQualEpsilon=0.0571857
mQualVolume=0.00408007
new_planned_energy=69.8175
