gpsEpsilon=13.0338
gpsVolume=9.3501
mQualEpsilon=0.0208008
mQualVolume=0.00405921
new_planned_energy=37.0664
