gpsEpsilon=-nan
gpsVolume=1.77501e-316
mQualEpsilon=0.0580156
mQualVolume=0.00359106
new_planned_energy=92.7592
