gpsEpsilon=2.60097e-306
gpsVolume=1.31238e-47
mQualEpsilon=0.0313073
mQualVolume=0.00453931
new_planned_energy=42.9058
