gpsEpsilon=1.38133e-47
gpsVolume=5.63485e-62
mQualEpsilon=0.0420349
mQualVolume=0.00222951
new_planned_energy=37.6645
