epsilon_quality=0.0504931
volume_quality=0.0724824
