epsilon_quality=0.0747418
volume_quality=0.0546744
