epsilon_quality=0.03773
volume_quality=0.105526
