epsilon_quality=0.0991895
volume_quality=0.757776
