epsilon_quality=0.168953
volume_quality=0.729411
