epsilon_quality=0.112136
volume_quality=0.200911
