epsilon_quality=0.00917596
volume_quality=0.042025
