epsilon_quality=0.0616618
volume_quality=0.0746387
