epsilon_quality=0.11284
volume_quality=0.245986
