epsilon_quality=0.278643
volume_quality=0.795254
