epsilon_quality=0.0879654
volume_quality=0.126008
