epsilon_quality=0.0720494
volume_quality=0.0613395
