epsilon_quality=0.0309835
volume_quality=0.109909
