epsilon_quality=0.0294519
volume_quality=0.00318715
