epsilon_quality=0.112797
volume_quality=0.101672
