epsilon_quality=0.0461268
volume_quality=0.0180871
