epsilon_quality=0.150763
volume_quality=0.203573
