epsilon_quality=0.0635567
volume_quality=0.0380178
