epsilon_quality=0.0724949
volume_quality=0.0540605
