epsilon_quality=0.225389
volume_quality=0.828136
