epsilon_quality=0.163118
volume_quality=0.0802281
