epsilon_quality=0.164082
volume_quality=0.388392
