epsilon_quality=0.211742
volume_quality=0.642291
