epsilon_quality=0.119657
volume_quality=0.130114
