epsilon_quality=0.243086
volume_quality=0.442096
