epsilon_quality=0.0214288
volume_quality=0.00327039
