epsilon_quality=0.0219365
volume_quality=0.00909992
