epsilon_quality=0.11773
volume_quality=0.0938896
