epsilon_quality=0.0174071
volume_quality=0.0430696
