epsilon_quality=0.0748012
volume_quality=0.100063
