epsilon_quality=0.0604702
volume_quality=0.188472
