gpsEpsilon=0
gpsVolume=2.42092e-322
mQualEpsilon=0.0215645
mQualVolume=0.00309975
new_planned_energy=72.4037
