gpsEpsilon=0
gpsVolume=2.42092e-322
mQualEpsilon=0.0384663
mQualVolume=0.00261973
new_planned_energy=51.0522
