gpsEpsilon=128.531
gpsVolume=92.1027
mQualEpsilon=0.00844819
mQualVolume=0.00334368
new_planned_energy=81.8254
