gpsEpsilon=101.613
gpsVolume=86.1385
mQualEpsilon=0.0472771
mQualVolume=0.00367471
new_planned_energy=36.1068
