gpsEpsilon=72.9211
gpsVolume=92.425
mQualEpsilon=0.00779304
mQualVolume=0.00139504
new_planned_energy=11.7857
