gpsEpsilon=4.72606e-316
gpsVolume=0
mQualEpsilon=0.0598071
mQualVolume=0.00878569
new_planned_energy=45.471
