gpsEpsilon=0
gpsVolume=0.0078125
mQualEpsilon=0.0545556
mQualVolume=0.00449576
new_planned_energy=75.2821
