gpsEpsilon=0
gpsVolume=2.42092e-322
mQualEpsilon=0.0421028
mQualVolume=0.0010449
new_planned_energy=57.6012
