gpsEpsilon=-0.893887
gpsVolume=-0.291895
mQualEpsilon=-1
mQualVolume=0.00136819
new_planned_energy=90.9307
