gpsEpsilon=0
gpsVolume=2.42092e-322
mQualEpsilon=0.0760323
mQualVolume=0.00611026
new_planned_energy=61.6097
