gpsEpsilon=0
gpsVolume=2.42092e-322
mQualEpsilon=0.0513713
mQualVolume=0.00833108
new_planned_energy=37.67
