gpsEpsilon=0.112359
gpsVolume=0.953101
mQualEpsilon=0.0139575
mQualVolume=0.00424137
new_planned_energy=63.8795
