epsilon_quality=0.111491
volume_quality=0.159923
