epsilon_quality=0.162849
volume_quality=0.754809
