epsilon_quality=0.111761
volume_quality=0.028313
