epsilon_quality=0.0399153
volume_quality=0.0550163
