epsilon_quality=0.0891105
volume_quality=0.0618277
