epsilon_quality=0.14076
volume_quality=0.128636
