epsilon_quality=0.0426626
volume_quality=0.0204918
