epsilon_quality=0.218556
volume_quality=0.383788
