epsilon_quality=0.100525
volume_quality=0.172634
