epsilon_quality=0.0735247
volume_quality=0.0454521
