epsilon_quality=0.0366011
volume_quality=0.0157249
