epsilon_quality=0.0940897
volume_quality=0.135443
