epsilon_quality=0.0939963
volume_quality=0.0467672
