epsilon_quality=0.102575
volume_quality=0.138551
