epsilon_quality=0.0733341
volume_quality=0.120514
