epsilon_quality=0.0382707
volume_quality=0.0150287
