epsilon_quality=0.0630094
volume_quality=0.0399326
