epsilon_quality=0.0284903
volume_quality=0.00758167
