epsilon_quality=0.0766751
volume_quality=0.162409
