epsilon_quality=0.127757
volume_quality=0.262425
