epsilon_quality=0.19332
volume_quality=0.725041
