epsilon_quality=0.16058
volume_quality=0.318845
