epsilon_quality=0.019757
volume_quality=0.103113
