epsilon_quality=0.0574824
volume_quality=0.053263
