epsilon_quality=0.0389062
volume_quality=0.019321
