epsilon_quality=0.098694
volume_quality=0.0614455
