epsilon_quality=0.0210773
volume_quality=0.0150599
