epsilon_quality=0.131642
volume_quality=0.100385
