epsilon_quality=0.105429
volume_quality=0.0817629
