epsilon_quality=0.00367169
volume_quality=0.0417547
