epsilon_quality=0.119263
volume_quality=0.15531
