epsilon_quality=0.0487336
volume_quality=0.0253883
