epsilon_quality=0.0180221
volume_quality=0.032068
