epsilon_quality=0.158829
volume_quality=0.322253
