epsilon_quality=0.148803
volume_quality=0.173462
