epsilon_quality=0.0895488
volume_quality=0.104785
