epsilon_quality=0.0154713
volume_quality=0.0252826
