epsilon_quality=0.00863396
volume_quality=0.0465064
