epsilon_quality=0.0906632
volume_quality=0.0639332
