epsilon_quality=0.133358
volume_quality=0.28543
