epsilon_quality=0.0631636
volume_quality=0.13472
