epsilon_quality=0.163045
volume_quality=0.665254
