epsilon_quality=0.090664
volume_quality=0.23307
