epsilon_quality=0.17061
volume_quality=0.21053
