epsilon_quality=0.0811232
volume_quality=0.0455862
