epsilon_quality=0.0963389
volume_quality=0.0519793
