epsilon_quality=0.150419
volume_quality=0.263991
