epsilon_quality=0.146236
volume_quality=0.618472
