epsilon_quality=0.0144131
volume_quality=0.00569766
