epsilon_quality=0.0594857
volume_quality=0.0849597
