epsilon_quality=0.0649235
volume_quality=0.0611246
