epsilon_quality=0.0699312
volume_quality=0.030465
