gpsEpsilon=40.0832
gpsVolume=93.6556
mQualEpsilon=0.152562
mQualVolume=0.0464824
new_planned_energy=35.3635
