gpsEpsilon=116.492
gpsVolume=58.231
mQualEpsilon=0.0793464
mQualVolume=0.041559
new_planned_energy=14.8095
