gpsEpsilon=139.316
gpsVolume=92.3953
mQualEpsilon=0.126221
mQualVolume=0.0385933
new_planned_energy=49.3992
