gpsEpsilon=87.3849
gpsVolume=72.4522
mQualEpsilon=0.019891
mQualVolume=0.00861986
new_planned_energy=32.7627
