gpsEpsilon=89.8327
gpsVolume=98.8944
mQualEpsilon=0.0990146
mQualVolume=0.0268125
new_planned_energy=62.4888
