gpsEpsilon=68.3986
gpsVolume=106.594
mQualEpsilon=0.0709489
mQualVolume=0.0339709
new_planned_energy=39.704
