gpsEpsilon=92.4192
gpsVolume=48.7578
mQualEpsilon=0.0191881
mQualVolume=0.0151143
new_planned_energy=30.1946
