gpsEpsilon=87.4199
gpsVolume=85.6694
mQualEpsilon=0.0895889
mQualVolume=0.0336271
new_planned_energy=35.4608
