gpsEpsilon=29.6088
gpsVolume=98.1093
mQualEpsilon=0.00240991
mQualVolume=0.0149631
new_planned_energy=65.9574
