gpsEpsilon=87.2183
gpsVolume=73.5543
mQualEpsilon=0.0508618
mQualVolume=0.0065208
new_planned_energy=26.3524
