gpsEpsilon=66.9059
gpsVolume=69.7045
mQualEpsilon=0.104781
mQualVolume=0.039318
new_planned_energy=31.593
