gpsEpsilon=85.5673
gpsVolume=80.6425
mQualEpsilon=0.124047
mQualVolume=0.0227101
new_planned_energy=35.1198
