gpsEpsilon=100.379
gpsVolume=152.572
mQualEpsilon=0.108738
mQualVolume=0.0344587
new_planned_energy=55.7917
