gpsEpsilon=86.107
gpsVolume=71.6448
mQualEpsilon=0.125841
mQualVolume=0.0236831
new_planned_energy=39.4244
