epsilon_quality=0.134966
volume_quality=0.150935
