epsilon_quality=0.0552687
volume_quality=0.217791
