epsilon_quality=0.11808
volume_quality=0.171069
