epsilon_quality=0.160659
volume_quality=0.396257
