epsilon_quality=0.0768126
volume_quality=1.15267
