epsilon_quality=0.0166732
volume_quality=0.0509718
