epsilon_quality=0.0775285
volume_quality=0.083619
