epsilon_quality=0.0682936
volume_quality=0.22949
