epsilon_quality=0.00139779
volume_quality=0.041338
