epsilon_quality=0.15853
volume_quality=0.57858
