epsilon_quality=0.0406367
volume_quality=0.0214329
