epsilon_quality=0.204802
volume_quality=0.888473
