epsilon_quality=0.14549
volume_quality=0.516858
