epsilon_quality=0.0763031
volume_quality=0.0955577
