epsilon_quality=0.349713
volume_quality=1.02871
