epsilon_quality=0.0363124
volume_quality=0.28829
