epsilon_quality=0.169361
volume_quality=0.929812
