epsilon_quality=0.0608512
volume_quality=0.0512071
