epsilon_quality=0.0899901
volume_quality=0.0542357
