epsilon_quality=0.253931
volume_quality=1.05368
