epsilon_quality=0.209239
volume_quality=0.864928
