epsilon_quality=0.130721
volume_quality=0.426643
