epsilon_quality=0.0595391
volume_quality=0.0877134
