epsilon_quality=0.0309661
volume_quality=0.00551105
