epsilon_quality=0.117753
volume_quality=0.250727
