epsilon_quality=0.108085
volume_quality=0.149147
