epsilon_quality=0.0680255
volume_quality=0.0271461
