epsilon_quality=0.165087
volume_quality=0.236698
