epsilon_quality=0.158068
volume_quality=0.234707
