epsilon_quality=0.019767
volume_quality=0.0483307
