epsilon_quality=0.0288599
volume_quality=0.00767358
