epsilon_quality=0.0614976
volume_quality=0.0556366
