epsilon_quality=0.0862068
volume_quality=0.187769
