epsilon_quality=0.060466
volume_quality=0.0314788
