epsilon_quality=0.0913987
volume_quality=0.0837304
