epsilon_quality=0.00576865
volume_quality=0.044765
