epsilon_quality=0.15849
volume_quality=0.388354
