epsilon_quality=0.158213
volume_quality=0.409971
