epsilon_quality=0.0274458
volume_quality=0.101546
