epsilon_quality=0.156215
volume_quality=0.891221
