epsilon_quality=0.159765
volume_quality=0.529527
