epsilon_quality=0.062696
volume_quality=0.113317
