epsilon_quality=0.0698521
volume_quality=0.0355769
