epsilon_quality=0.059567
volume_quality=0.0172773
