epsilon_quality=0.0495509
volume_quality=0.0591802
