epsilon_quality=0.0528998
volume_quality=0.0189682
