epsilon_quality=0.0635454
volume_quality=0.0754894
