epsilon_quality=0.0649973
volume_quality=0.0454188
