gpsEpsilon=20.9457
gpsVolume=33.1386
mQualEpsilon=0.0123677
mQualVolume=0.00164291
new_planned_energy=64.5515
