gpsEpsilon=24.3716
gpsVolume=39.7345
mQualEpsilon=0.0446041
mQualVolume=0.00464426
new_planned_energy=68.1613
