gpsEpsilon=31.3527
gpsVolume=31.844
mQualEpsilon=0.0555675
mQualVolume=0.00579033
new_planned_energy=20.1706
