gpsEpsilon=33.451
gpsVolume=39.8843
mQualEpsilon=0.00797239
mQualVolume=0.000581737
new_planned_energy=78.7562
