gpsEpsilon=0
gpsVolume=-0.000972433
mQualEpsilon=0.00240412
mQualVolume=0.00492813
new_planned_energy=42.716
