gpsEpsilon=2.54639e-313
gpsVolume=9.42957e-316
mQualEpsilon=-1
mQualVolume=0.00288668
new_planned_energy=94.623
