gpsEpsilon=34.8178
gpsVolume=39.8744
mQualEpsilon=0.0216735
mQualVolume=0.0059498
new_planned_energy=32.1263
