gpsEpsilon=27.1572
gpsVolume=47.3154
mQualEpsilon=0.0118023
mQualVolume=0.00246984
new_planned_energy=41.881
