gpsEpsilon=20.8954
gpsVolume=46.2689
mQualEpsilon=0.0141593
mQualVolume=0.00478
new_planned_energy=87.8645
