gpsEpsilon=46.5933
gpsVolume=9.00311
mQualEpsilon=0.0535531
mQualVolume=0.00436406
new_planned_energy=26.7464
