gpsEpsilon=13.4163
gpsVolume=30.1158
mQualEpsilon=0.0255428
mQualVolume=0.00255764
new_planned_energy=63.3821
