gpsEpsilon=12.8264
gpsVolume=30.1158
mQualEpsilon=0.0018788
mQualVolume=0.00259326
new_planned_energy=24.8747
