epsilon_quality=0.0271715
volume_quality=0.0158006
