epsilon_quality=0.140336
volume_quality=0.204581
