epsilon_quality=0.0504331
volume_quality=0.0458435
