epsilon_quality=0.0738537
volume_quality=0.0994752
