epsilon_quality=0.223806
volume_quality=0.302645
