epsilon_quality=0.192027
volume_quality=0.122985
