epsilon_quality=0.0277889
volume_quality=0.00446311
