epsilon_quality=0.0285223
volume_quality=0.0679765
