epsilon_quality=0.301254
volume_quality=2.45868
