epsilon_quality=0.304902
volume_quality=2.98141
