epsilon_quality=0.344509
volume_quality=3.24232
