epsilon_quality=0.187328
volume_quality=0.327819
