epsilon_quality=0.0663534
volume_quality=0.384332
