epsilon_quality=0.0372115
volume_quality=0.162877
