epsilon_quality=0.124762
volume_quality=0.194922
