epsilon_quality=0.069347
volume_quality=0.0856489
