epsilon_quality=0.145446
volume_quality=0.488516
