epsilon_quality=0.169047
volume_quality=0.248501
