epsilon_quality=0.0273052
volume_quality=0.20315
