epsilon_quality=0.134309
volume_quality=0.32576
