epsilon_quality=0.215784
volume_quality=0.769033
