epsilon_quality=0.15812
volume_quality=0.202325
