epsilon_quality=0.0282165
volume_quality=0.0376174
