epsilon_quality=0.139052
volume_quality=0.173586
