epsilon_quality=0.0973706
volume_quality=0.173982
