epsilon_quality=0.0841078
volume_quality=0.155826
