epsilon_quality=0.108034
volume_quality=0.0681967
