epsilon_quality=0.02016
volume_quality=0.03067
