epsilon_quality=0.03884
volume_quality=0.059053
