epsilon_quality=0.0313472
volume_quality=0.158555
