epsilon_quality=0.0343482
volume_quality=0.0888768
