epsilon_quality=0.113323
volume_quality=0.168925
