epsilon_quality=0.0913889
volume_quality=0.127676
