epsilon_quality=0.0166294
volume_quality=0.00692715
