epsilon_quality=0.137289
volume_quality=0.19712
