epsilon_quality=0.0413466
volume_quality=0.0353959
