epsilon_quality=0.0561066
volume_quality=0.0406703
