epsilon_quality=0.153931
volume_quality=0.568655
