epsilon_quality=0.0685811
volume_quality=0.123036
