epsilon_quality=0.00614109
volume_quality=0.0467275
