epsilon_quality=0.131674
volume_quality=0.100904
