epsilon_quality=0.150305
volume_quality=0.0946509
