epsilon_quality=0.148156
volume_quality=0.298436
