epsilon_quality=0.118849
volume_quality=0.066894
