epsilon_quality=0.079254
volume_quality=0.320495
