epsilon_quality=0.0661225
volume_quality=0.18448
