epsilon_quality=0.0849394
volume_quality=0.0431132
