epsilon_quality=0.0430643
volume_quality=0.0254536
