epsilon_quality=0.048716
volume_quality=0.012283
