epsilon_quality=0.0492245
volume_quality=0.0275707
