epsilon_quality=0.0402447
volume_quality=0.00915384
