epsilon_quality=0.0143374
volume_quality=0.00134346
