epsilon_quality=0.0248403
volume_quality=0.0273962
