epsilon_quality=0.0672469
volume_quality=0.00657356
