epsilon_quality=0.0641759
volume_quality=0.0196334
