epsilon_quality=0.0839512
volume_quality=0.0506022
