epsilon_quality=0.0485184
volume_quality=0.0484197
