epsilon_quality=0.0610115
volume_quality=0.0128177
