epsilon_quality=0.158968
volume_quality=0.304632
