epsilon_quality=0.12486
volume_quality=0.829152
