epsilon_quality=0.154422
volume_quality=0.128746
