epsilon_quality=0.00806602
volume_quality=0.108877
