epsilon_quality=0.141807
volume_quality=0.140149
