epsilon_quality=0.144592
volume_quality=0.600119
