epsilon_quality=0.19787
volume_quality=0.405726
