epsilon_quality=0.174559
volume_quality=0.19974
