epsilon_quality=0.126169
volume_quality=0.210269
