epsilon_quality=0.0391136
volume_quality=0.0208149
