epsilon_quality=0.00996384
volume_quality=0.00285077
