epsilon_quality=0.0287199
volume_quality=0.0274617
