epsilon_quality=0.168205
volume_quality=0.466625
