epsilon_quality=0.0852863
volume_quality=0.112456
