epsilon_quality=0.134162
volume_quality=0.0536809
