epsilon_quality=0.0380906
volume_quality=0.0153025
