epsilon_quality=0.0213334
volume_quality=0.0523269
