epsilon_quality=0.0317967
volume_quality=0.0841478
