epsilon_quality=0.13349
volume_quality=0.113875
