epsilon_quality=0.040993
volume_quality=0.0141712
