epsilon_quality=0.0404254
volume_quality=0.0223587
