epsilon_quality=0.0107441
volume_quality=0.0194756
