gpsEpsilon=0.258692
gpsVolume=0.213665
mQualEpsilon=-1
mQualVolume=0.0109548
new_planned_energy=26.8353
