gpsEpsilon=191.56
gpsVolume=228.928
mQualEpsilon=0.0295307
mQualVolume=0.0104519
new_planned_energy=36.4566
