gpsEpsilon=191.703
gpsVolume=228.433
mQualEpsilon=0.0106297
mQualVolume=0.00806516
new_planned_energy=37.4463
