gpsEpsilon=246.685
gpsVolume=72.8469
mQualEpsilon=1.82953
mQualVolume=49.5393
new_planned_energy=-1.82953
