gpsEpsilon=246.685
gpsVolume=72.8469
mQualEpsilon=0.0600467
mQualVolume=0.00506588
new_planned_energy=26.0697
