gpsEpsilon=246.067
gpsVolume=72.7296
mQualEpsilon=0.0215863
mQualVolume=0.00451837
new_planned_energy=28.8501
