gpsEpsilon=95.5236
gpsVolume=230.555
mQualEpsilon=0.0293862
mQualVolume=0.0081375
new_planned_energy=26.4995
