gpsEpsilon=101.75
gpsVolume=178.138
mQualEpsilon=1.52425
mQualVolume=56.7027
new_planned_energy=-1.52425
