gpsEpsilon=101.75
gpsVolume=178.138
mQualEpsilon=1.53746
mQualVolume=55.742
new_planned_energy=-1.53746
