gpsEpsilon=11.8489
gpsVolume=162.908
mQualEpsilon=0.0430834
mQualVolume=0.00535026
new_planned_energy=37.5172
