gpsEpsilon=62.2699
gpsVolume=228.642
mQualEpsilon=0.0253844
mQualVolume=0.0197637
new_planned_energy=60.3249
