gpsEpsilon=82.281
gpsVolume=180.954
mQualEpsilon=0.038184
mQualVolume=0.0113548
new_planned_energy=69.7652
