gpsEpsilon=91.426
gpsVolume=241.393
mQualEpsilon=0.0472474
mQualVolume=0.0064883
new_planned_energy=70.8529
