gpsEpsilon=-0
gpsVolume=0.367684
mQualEpsilon=0.0332843
mQualVolume=0.00921577
new_planned_energy=53.8551
