gpsEpsilon=-0.252563
gpsVolume=0.213454
mQualEpsilon=-1
mQualVolume=0.00375387
new_planned_energy=49.9499
