gpsEpsilon=203.436
gpsVolume=211.406
mQualEpsilon=0.0226808
mQualVolume=0.00294159
new_planned_energy=66.2394
