epsilon_quality=0.0666497
volume_quality=0.200629
