epsilon_quality=0.0573452
volume_quality=0.100266
