epsilon_quality=0.000551168
volume_quality=0.114042
