epsilon_quality=0.202762
volume_quality=0.806363
