epsilon_quality=0.185925
volume_quality=0.29684
