epsilon_quality=0.00939219
volume_quality=0.00390127
