epsilon_quality=0.0297203
volume_quality=0.0607357
