epsilon_quality=0.0807627
volume_quality=0.379336
