epsilon_quality=0.10251
volume_quality=0.111745
