epsilon_quality=0.0708484
volume_quality=0.05225
