epsilon_quality=0.071789
volume_quality=0.243885
