epsilon_quality=0.292157
volume_quality=1.63449
