epsilon_quality=0.00458881
volume_quality=0.0038308
