epsilon_quality=0.010846
volume_quality=0.00125942
