epsilon_quality=0.146915
volume_quality=0.797506
