epsilon_quality=0.243285
volume_quality=0.795116
