epsilon_quality=0.0255323
volume_quality=0.0265786
