epsilon_quality=0.0221368
volume_quality=0.050478
