epsilon_quality=0.0185378
volume_quality=0.0520116
