epsilon_quality=0.02826
volume_quality=0.0807041
