epsilon_quality=0.159015
volume_quality=0.493254
