epsilon_quality=0.117449
volume_quality=0.179072
