epsilon_quality=0.0166252
volume_quality=0.0475176
