epsilon_quality=0.150629
volume_quality=0.802533
