epsilon_quality=0.190026
volume_quality=0.905581
