epsilon_quality=0.126537
volume_quality=0.79514
