epsilon_quality=0.317093
volume_quality=0.964629
