epsilon_quality=0.0168821
volume_quality=0.119012
