epsilon_quality=0.0802554
volume_quality=0.0201338
