epsilon_quality=0.0230042
volume_quality=0.012034
