epsilon_quality=0.0886049
volume_quality=0.28967
