epsilon_quality=0.0654819
volume_quality=0.0498289
