epsilon_quality=0.0867815
volume_quality=0.111318
