epsilon_quality=0.0622146
volume_quality=0.051072
