epsilon_quality=0.0810697
volume_quality=0.042866
