epsilon_quality=0.0438913
volume_quality=0.0279243
