epsilon_quality=0.0350061
volume_quality=0.00576998
