epsilon_quality=0.00975419
volume_quality=0.00242278
