epsilon_quality=0.0410049
volume_quality=0.00482519
