epsilon_quality=0.0063579
volume_quality=0.00785021
