epsilon_quality=0.127475
volume_quality=0.168847
