epsilon_quality=0.0815832
volume_quality=0.0184223
