epsilon_quality=0.0883019
volume_quality=0.0696631
