epsilon_quality=0.0833972
volume_quality=0.0857556
