epsilon_quality=0.0618608
volume_quality=0.069143
