epsilon_quality=0.00416874
volume_quality=0.0102473
