epsilon_quality=0.165801
volume_quality=0.356631
