epsilon_quality=0.112305
volume_quality=0.0757412
