epsilon_quality=0.130167
volume_quality=0.240885
