epsilon_quality=0.160218
volume_quality=0.219325
