epsilon_quality=0.14162
volume_quality=0.56629
