epsilon_quality=0.187761
volume_quality=1.12833
