epsilon_quality=0.0860836
volume_quality=0.125869
