epsilon_quality=0.0405641
volume_quality=0.077382
