epsilon_quality=0.00838854
volume_quality=0.035743
