epsilon_quality=0.0396029
volume_quality=0.0300676
