epsilon_quality=0.251366
volume_quality=1.13831
