epsilon_quality=0.0366156
volume_quality=0.267416
