epsilon_quality=0.221912
volume_quality=2.64404
