epsilon_quality=0.101187
volume_quality=0.30839
