epsilon_quality=0.133656
volume_quality=0.123732
