epsilon_quality=0.102518
volume_quality=0.334169
