epsilon_quality=0.139605
volume_quality=0.288041
