epsilon_quality=0.042179
volume_quality=0.0362882
