epsilon_quality=0.0930028
volume_quality=0.184044
