epsilon_quality=0.0257498
volume_quality=0.00905078
