epsilon_quality=0.173194
volume_quality=0.511687
