epsilon_quality=0.153582
volume_quality=0.391964
