epsilon_quality=0.216013
volume_quality=0.753067
