epsilon_quality=0.12225
volume_quality=0.203098
