epsilon_quality=0.232522
volume_quality=0.937956
