epsilon_quality=0.184054
volume_quality=0.77783
