epsilon_quality=0.0130534
volume_quality=0.0829581
