epsilon_quality=0.0212419
volume_quality=0.0556245
