epsilon_quality=0.0599269
volume_quality=0.0197227
