epsilon_quality=0.0182266
volume_quality=0.000685726
