epsilon_quality=0.0179792
volume_quality=0.00108443
