epsilon_quality=0.0125779
volume_quality=0.00182564
