epsilon_quality=0.0379403
volume_quality=0.053709
