epsilon_quality=0.0600463
volume_quality=0.116155
