epsilon_quality=0.0882279
volume_quality=0.0377687
