epsilon_quality=0.08663
volume_quality=0.102663
