epsilon_quality=0.110371
volume_quality=0.649856
