epsilon_quality=0.0520165
volume_quality=0.0403001
