epsilon_quality=0.032473
volume_quality=0.00288428
