epsilon_quality=0.0462633
volume_quality=0.0163112
