epsilon_quality=0.107226
volume_quality=0.0534871
