epsilon_quality=0.104937
volume_quality=0.352477
