epsilon_quality=0.080954
volume_quality=0.0638942
