epsilon_quality=0.0649304
volume_quality=0.0354157
