epsilon_quality=0.0019464
volume_quality=0.0243004
