epsilon_quality=0.0735661
volume_quality=0.161822
