epsilon_quality=0.168625
volume_quality=0.188166
