epsilon_quality=0.236579
volume_quality=0.323473
