epsilon_quality=0.289887
volume_quality=0.661889
