epsilon_quality=0.0347737
volume_quality=0.0395139
