epsilon_quality=0.100497
volume_quality=0.0971009
