epsilon_quality=0.203563
volume_quality=0.583722
