epsilon_quality=0.0771354
volume_quality=0.088412
