epsilon_quality=0.152694
volume_quality=0.144162
