epsilon_quality=0.0730021
volume_quality=0.161817
