epsilon_quality=0.0833064
volume_quality=0.0253395
