epsilon_quality=0.0444309
volume_quality=0.128205
