epsilon_quality=0.0651972
volume_quality=0.103927
