epsilon_quality=0.258759
volume_quality=0.594859
