epsilon_quality=0.171115
volume_quality=0.471893
