gpsEpsilon=1.18576e-321
gpsVolume=3.95253e-322
mQualEpsilon=0.0269726
mQualVolume=0.00193795
new_planned_energy=61.036
