gpsEpsilon=1.18576e-321
gpsVolume=3.95253e-322
mQualEpsilon=-1
mQualVolume=0.00155514
new_planned_energy=26.8401
