gpsEpsilon=2.37152e-322
gpsVolume=3.16202e-322
mQualEpsilon=0.0128167
mQualVolume=7.07714e-05
new_planned_energy=89.022
