gpsEpsilon=1.18576e-321
gpsVolume=3.16202e-322
mQualEpsilon=0.0190015
mQualVolume=0.00350427
new_planned_energy=31.5873
