gpsEpsilon=124.18
gpsVolume=2.42092e-322
mQualEpsilon=0.0244589
mQualVolume=0.00186121
new_planned_energy=60.6589
