gpsEpsilon=17.3121
gpsVolume=220.731
mQualEpsilon=0.0872183
mQualVolume=0.0361952
new_planned_energy=91.7354
