gpsEpsilon=18.5728
gpsVolume=108.653
mQualEpsilon=0.0255461
mQualVolume=0.00359668
new_planned_energy=64.8555
