gpsEpsilon=11.0452
gpsVolume=61.501
mQualEpsilon=0.00334847
mQualVolume=0.00365974
new_planned_energy=34.6141
