gpsEpsilon=10.0879
gpsVolume=45.2679
mQualEpsilon=0.023032
mQualVolume=0.00183343
new_planned_energy=88.1424
