gpsEpsilon=9.03601
gpsVolume=9.79603
mQualEpsilon=0.0059575
mQualVolume=0.00350954
new_planned_energy=42.5674
