gpsEpsilon=1.18576e-321
gpsVolume=3.16202e-322
mQualEpsilon=0.0477746
mQualVolume=0.00815344
new_planned_energy=45.2456
