epsilon_quality=0.163701
volume_quality=0.361696
