epsilon_quality=0.0331017
volume_quality=0.0221555
