epsilon_quality=0.0246725
volume_quality=0.0292673
