epsilon_quality=0.125925
volume_quality=0.0487646
