epsilon_quality=0.156769
volume_quality=0.106024
