epsilon_quality=0.205781
volume_quality=0.252942
