epsilon_quality=0.0467842
volume_quality=0.00722644
