epsilon_quality=0.0664056
volume_quality=0.00674573
