epsilon_quality=0.0083078
volume_quality=0.00461268
