epsilon_quality=0.00837517
volume_quality=0.000971994
