epsilon_quality=0.00964522
volume_quality=0.000132813
