epsilon_quality=0.0680625
volume_quality=0.0967732
