epsilon_quality=0.0922349
volume_quality=0.0864713
