epsilon_quality=0.0353407
volume_quality=0.0282517
