gpsEpsilon=115.213
gpsVolume=78.3158
mQualEpsilon=0.000507972
mQualVolume=0.000193392
new_planned_energy=52.4246
