gpsEpsilon=10.7314
gpsVolume=-11.51
mQualEpsilon=0.0134364
mQualVolume=0.00326603
new_planned_energy=21.1256
