gpsEpsilon=10.7314
gpsVolume=-11.51
mQualEpsilon=1.78973
mQualVolume=50.5948
new_planned_energy=-1.78973
