gpsEpsilon=10.7314
gpsVolume=-11.51
mQualEpsilon=1.93803
mQualVolume=55.7633
new_planned_energy=-1.93803
