gpsEpsilon=10.7314
gpsVolume=-11.51
mQualEpsilon=1.91942
mQualVolume=55.9488
new_planned_energy=-1.91942
