gpsEpsilon=13.8025
gpsVolume=134.251
mQualEpsilon=0.00809841
mQualVolume=0.00801149
new_planned_energy=59.8398
