gpsEpsilon=1.00275e-315
gpsVolume=3.50104e-316
mQualEpsilon=0.00968895
mQualVolume=0.000215192
new_planned_energy=59.7995
