gpsEpsilon=237.009
gpsVolume=65.7421
mQualEpsilon=0.00402044
mQualVolume=0.00429199
new_planned_energy=36.2826
