gpsEpsilon=7.28351e-316
gpsVolume=7.36561e-316
mQualEpsilon=-1
mQualVolume=0.000952299
new_planned_energy=33.4491
