gpsEpsilon=33.6254
gpsVolume=0.682474
mQualEpsilon=0.00406516
mQualVolume=0.000215884
new_planned_energy=46.6001
