gpsEpsilon=2.37152e-322
gpsVolume=3.16202e-322
mQualEpsilon=7.60144e-05
mQualVolume=0.00086444
new_planned_energy=44.8611
