gpsEpsilon=1.21751e-315
gpsVolume=0
mQualEpsilon=0.00933172
mQualVolume=0.00107952
new_planned_energy=45.95
