gpsEpsilon=67.6753
gpsVolume=36.563
mQualEpsilon=0.0016679
mQualVolume=0.00103803
new_planned_energy=54.7191
