gpsEpsilon=3.42182
gpsVolume=8.49
mQualEpsilon=0.00632049
mQualVolume=0.000259265
new_planned_energy=72.5897
