epsilon_quality=0.117901
volume_quality=0.127375
