epsilon_quality=0.154282
volume_quality=0.164297
