epsilon_quality=0.0258672
volume_quality=0.0822044
