epsilon_quality=0.0142222
volume_quality=0.0319442
