epsilon_quality=0.248712
volume_quality=1.20634
