epsilon_quality=0.0704609
volume_quality=0.373192
