epsilon_quality=0.00997506
volume_quality=0.0172347
