epsilon_quality=0.230927
volume_quality=1.27272
