epsilon_quality=0.161587
volume_quality=0.105259
