epsilon_quality=0.101128
volume_quality=0.195823
