epsilon_quality=0.144614
volume_quality=0.441525
