epsilon_quality=0.0650155
volume_quality=0.033596
