epsilon_quality=0.125065
volume_quality=0.267251
