epsilon_quality=0.151376
volume_quality=0.194297
