epsilon_quality=0.0332152
volume_quality=0.0190575
