epsilon_quality=0.0323078
volume_quality=0.128032
