epsilon_quality=0.0960547
volume_quality=1.18946
