epsilon_quality=0.0618921
volume_quality=0.066527
