epsilon_quality=0.059095
volume_quality=0.585831
