epsilon_quality=0.067486
volume_quality=0.08934
