epsilon_quality=0.169669
volume_quality=0.362007
