epsilon_quality=0.208723
volume_quality=0.465076
