epsilon_quality=0.0114533
volume_quality=0.00632563
