epsilon_quality=0.0881221
volume_quality=0.26455
