epsilon_quality=0.142454
volume_quality=0.120469
