epsilon_quality=0.0499724
volume_quality=0.0280694
