epsilon_quality=0.10093
volume_quality=0.134531
