epsilon_quality=0.0282456
volume_quality=0.130113
