epsilon_quality=0.0406174
volume_quality=0.0474649
