epsilon_quality=0.120106
volume_quality=0.0688109
