epsilon_quality=0.114851
volume_quality=0.18926
