epsilon_quality=0.121015
volume_quality=0.0861264
