epsilon_quality=0.0357223
volume_quality=0.00330613
