epsilon_quality=0.0530676
volume_quality=0.0101855
