epsilon_quality=0.0335307
volume_quality=0.0839609
