epsilon_quality=0.120559
volume_quality=0.256714
