epsilon_quality=0.0892914
volume_quality=0.116003
