epsilon_quality=0.204135
volume_quality=1.41253
