epsilon_quality=0.192245
volume_quality=1.66999
