epsilon_quality=0.146382
volume_quality=0.423417
