epsilon_quality=0.0228122
volume_quality=0.364872
