epsilon_quality=0.0867303
volume_quality=0.0588939
