epsilon_quality=0.0890265
volume_quality=0.0886575
