epsilon_quality=0.107645
volume_quality=0.0735932
