epsilon_quality=0.184867
volume_quality=0.189281
