epsilon_quality=0.217487
volume_quality=0.659161
