epsilon_quality=0.0651061
volume_quality=0.158452
