epsilon_quality=0.0823126
volume_quality=0.259207
