epsilon_quality=0.00332167
volume_quality=0.0018275
