epsilon_quality=0.0511393
volume_quality=0.0892739
