epsilon_quality=0.00482021
volume_quality=0.00342412
