epsilon_quality=0.0686844
volume_quality=0.0199545
