epsilon_quality=0.144058
volume_quality=0.743459
