epsilon_quality=0.116363
volume_quality=0.175236
