epsilon_quality=0.0627732
volume_quality=0.0174683
