epsilon_quality=0.0169017
volume_quality=0.0552891
