epsilon_quality=0.121887
volume_quality=0.0793421
