epsilon_quality=0.126139
volume_quality=0.234638
