epsilon_quality=0.07526
volume_quality=0.0708158
