epsilon_quality=0.0845057
volume_quality=0.0671328
