epsilon_quality=0.119105
volume_quality=0.246881
