epsilon_quality=0.0702114
volume_quality=0.0299034
