epsilon_quality=0.0519023
volume_quality=0.134397
