epsilon_quality=0.00359624
volume_quality=0.00975152
