epsilon_quality=0.0216272
volume_quality=0.0125495
