epsilon_quality=0.0774274
volume_quality=0.105931
