epsilon_quality=1.09288e-16
volume_quality=0.018085
