epsilon_quality=0.0761009
volume_quality=0.0991376
