epsilon_quality=0.112668
volume_quality=0.241083
