epsilon_quality=0.124568
volume_quality=0.088175
