epsilon_quality=0.082363
volume_quality=0.138441
