epsilon_quality=0.0393388
volume_quality=0.0620297
