epsilon_quality=0.151489
volume_quality=0.911506
