epsilon_quality=0.021384
volume_quality=0.0704552
