epsilon_quality=0.0811849
volume_quality=0.28966
