epsilon_quality=0.0323765
volume_quality=0.00982729
