epsilon_quality=0.191129
volume_quality=0.344195
