epsilon_quality=0.104123
volume_quality=0.320847
