epsilon_quality=0.0302669
volume_quality=0.0069751
