epsilon_quality=0.0386962
volume_quality=0.0535069
