epsilon_quality=0.0206287
volume_quality=0.0404598
