epsilon_quality=0.107744
volume_quality=0.151612
