epsilon_quality=0.143057
volume_quality=0.505471
