epsilon_quality=0.157177
volume_quality=0.182718
