epsilon_quality=0.160478
volume_quality=0.265875
