epsilon_quality=0.205478
volume_quality=0.742564
