epsilon_quality=0.0274044
volume_quality=0.0650486
