epsilon_quality=0.250175
volume_quality=1.33344
