epsilon_quality=0.186963
volume_quality=0.280691
