epsilon_quality=0.0814461
volume_quality=0.13875
