epsilon_quality=0.0561129
volume_quality=0.122493
