epsilon_quality=0.390776
volume_quality=3.86439
