epsilon_quality=0.183174
volume_quality=1.87842
