epsilon_quality=0.0342815
volume_quality=1.24479
