epsilon_quality=0.183408
volume_quality=0.198572
