epsilon_quality=0.0800298
volume_quality=0.0758475
