epsilon_quality=0.114913
volume_quality=0.28695
