epsilon_quality=0.0392663
volume_quality=0.0172933
