epsilon_quality=0.168946
volume_quality=0.282953
