epsilon_quality=0.0558235
volume_quality=0.041766
