epsilon_quality=0.182505
volume_quality=0.184997
