epsilon_quality=0.0578593
volume_quality=0.188032
