epsilon_quality=0.0707409
volume_quality=0.0185782
