epsilon_quality=0.0865251
volume_quality=0.0591778
