epsilon_quality=0.025747
volume_quality=0.0136981
