epsilon_quality=0.0525379
volume_quality=0.0105155
