epsilon_quality=0.113471
volume_quality=0.606002
