epsilon_quality=0.114616
volume_quality=0.147055
