epsilon_quality=0.0479745
volume_quality=0.100576
