epsilon_quality=0.250459
volume_quality=0.570546
