epsilon_quality=0.0187774
volume_quality=0.0162774
