epsilon_quality=0.0140285
volume_quality=0.00299605
