epsilon_quality=0.0417725
volume_quality=0.0576771
