epsilon_quality=0.0585478
volume_quality=0.0117022
