epsilon_quality=0.0466698
volume_quality=0.0144778
