epsilon_quality=0.0400682
volume_quality=0.00880146
