epsilon_quality=0.0436475
volume_quality=0.0103414
