epsilon_quality=0.0598447
volume_quality=0.00577489
