epsilon_quality=0.0183048
volume_quality=0.0317634
