epsilon_quality=0.0042072
volume_quality=0.0103511
