epsilon_quality=0.0255008
volume_quality=0.0183179
