epsilon_quality=0.0319272
volume_quality=0.0280484
