epsilon_quality=0.220025
volume_quality=0.571927
