epsilon_quality=0.016836
volume_quality=0.370502
