epsilon_quality=0.106549
volume_quality=0.102911
