epsilon_quality=0.0888632
volume_quality=0.216922
