epsilon_quality=0.033801
volume_quality=0.0586521
