epsilon_quality=0.0432552
volume_quality=0.0466907
