epsilon_quality=0.113846
volume_quality=0.178469
