epsilon_quality=0.0888563
volume_quality=0.0818036
