epsilon_quality=0.0838509
volume_quality=0.116698
