epsilon_quality=0.0622587
volume_quality=0.0621671
