epsilon_quality=0.258507
volume_quality=0.86422
