epsilon_quality=0.0198538
volume_quality=0.0115003
