epsilon_quality=0.026032
volume_quality=0.00278807
