epsilon_quality=0.0448556
volume_quality=0.00224133
