epsilon_quality=0.0140856
volume_quality=0.0032421
