epsilon_quality=0.0358148
volume_quality=0.0643793
