epsilon_quality=0.158444
volume_quality=0.685872
