epsilon_quality=0.306715
volume_quality=0.84606
