epsilon_quality=0.0138324
volume_quality=0.0015982
