epsilon_quality=0.0863273
volume_quality=0.30978
