gpsEpsilon=209.649
gpsVolume=74.9666
mQualEpsilon=0.0460654
mQualVolume=0.0145902
new_planned_energy=56.1511
