gpsEpsilon=238.736
gpsVolume=89.4954
mQualEpsilon=0.0644078
mQualVolume=0.0104499
new_planned_energy=33.2282
