gpsEpsilon=205.562
gpsVolume=111.968
mQualEpsilon=0.0244712
mQualVolume=0.00800453
new_planned_energy=24.8434
