gpsEpsilon=206.399
gpsVolume=94.1494
mQualEpsilon=0.0246439
mQualVolume=0.0311636
new_planned_energy=31.9758
