gpsEpsilon=240.554
gpsVolume=89.4276
mQualEpsilon=1.82034
mQualVolume=50.5595
new_planned_energy=-1.82034
