gpsEpsilon=240.554
gpsVolume=89.4276
mQualEpsilon=1.82889
mQualVolume=49.9659
new_planned_energy=-1.82889
