gpsEpsilon=240.554
gpsVolume=89.4276
mQualEpsilon=1.79684
mQualVolume=50.2434
new_planned_energy=-1.79684
