gpsEpsilon=240.554
gpsVolume=89.4276
mQualEpsilon=1.82918
mQualVolume=51.1933
new_planned_energy=-1.82918
