gpsEpsilon=211.336
gpsVolume=112.823
mQualEpsilon=0.0332307
mQualVolume=0.00367412
new_planned_energy=41.4702
