gpsEpsilon=232.601
gpsVolume=83.7016
mQualEpsilon=1.87232
mQualVolume=53.4506
new_planned_energy=-1.87232
