epsilon_quality=0.0517196
volume_quality=0.0864579
