epsilon_quality=0.0554653
volume_quality=0.0215848
