epsilon_quality=0.0992291
volume_quality=0.379632
