epsilon_quality=0.0516728
volume_quality=0.0536104
