epsilon_quality=0.110319
volume_quality=0.116295
