epsilon_quality=0.0621255
volume_quality=0.0446563
