epsilon_quality=0.0869124
volume_quality=0.0490036
