epsilon_quality=0.106804
volume_quality=0.176541
