epsilon_quality=0.022318
volume_quality=0.00994319
