epsilon_quality=0.00390011
volume_quality=0.694607
