epsilon_quality=0.0443173
volume_quality=0.0930936
