epsilon_quality=0.0235198
volume_quality=0.00449915
