epsilon_quality=0.142869
volume_quality=0.453446
