epsilon_quality=0.202535
volume_quality=0.898615
