epsilon_quality=0.23709
volume_quality=0.569053
