epsilon_quality=0.154387
volume_quality=0.563949
