epsilon_quality=0.0809843
volume_quality=0.0415126
