epsilon_quality=0.0718658
volume_quality=0.0416203
