gpsEpsilon=1.21509e-315
gpsVolume=0
mQualEpsilon=0.0236867
mQualVolume=0.0040266
new_planned_energy=39.9972
