gpsEpsilon=1.56963e-315
gpsVolume=0
mQualEpsilon=0.0205506
mQualVolume=0.00274914
new_planned_energy=31.7076
