gpsEpsilon=9.33712e-316
gpsVolume=0
mQualEpsilon=0.0230138
mQualVolume=0.000507841
new_planned_energy=77.7527
