gpsEpsilon=1.61059e-315
gpsVolume=0
mQualEpsilon=0.0223612
mQualVolume=0.000427985
new_planned_energy=64.5545
