gpsEpsilon=1.16427e-315
gpsVolume=7.34515e-316
mQualEpsilon=-1
mQualVolume=9.43303e-06
new_planned_energy=101.099
