gpsEpsilon=60.9308
gpsVolume=195.862
mQualEpsilon=0.0144949
mQualVolume=0.000505198
new_planned_energy=62.992
