gpsEpsilon=60.482
gpsVolume=203.079
mQualEpsilon=0.029911
mQualVolume=0.000282078
new_planned_energy=86.0619
