gpsEpsilon=1.37259e-315
gpsVolume=0
mQualEpsilon=-1
mQualVolume=0.00118992
new_planned_energy=80.3252
