gpsEpsilon=20.5292
gpsVolume=88.6696
mQualEpsilon=0.00602794
mQualVolume=0.000430651
new_planned_energy=69.962
