gpsEpsilon=34.2069
gpsVolume=45.1739
mQualEpsilon=0.0083915
mQualVolume=0.000288218
new_planned_energy=83.1274
