epsilon_quality=0.192481
volume_quality=0.244718
