epsilon_quality=0.0777908
volume_quality=0.192933
