epsilon_quality=0.108185
volume_quality=0.130276
