epsilon_quality=0.0655942
volume_quality=0.0565858
