epsilon_quality=0.0140057
volume_quality=0.0179703
