epsilon_quality=0.0368832
volume_quality=0.039392
