epsilon_quality=0.0779237
volume_quality=0.0954327
