epsilon_quality=0.195661
volume_quality=0.511269
