epsilon_quality=0.259119
volume_quality=0.436941
