epsilon_quality=0.202642
volume_quality=0.50482
