epsilon_quality=0.113915
volume_quality=0.749943
