epsilon_quality=0.100117
volume_quality=0.055914
