epsilon_quality=0.0378804
volume_quality=0.0127699
