epsilon_quality=0.0468099
volume_quality=0.25125
