epsilon_quality=0.0746908
volume_quality=0.0518821
