epsilon_quality=0.108764
volume_quality=0.0350623
