epsilon_quality=0.0959973
volume_quality=0.247249
