epsilon_quality=0.0436045
volume_quality=0.0361279
