epsilon_quality=0.0131722
volume_quality=0.0455354
