epsilon_quality=0.0420952
volume_quality=0.0743723
