epsilon_quality=0.0948001
volume_quality=0.0357901
