epsilon_quality=0.144431
volume_quality=0.301636
