epsilon_quality=0.0663176
volume_quality=0.0919627
