epsilon_quality=0.0169284
volume_quality=0.0175539
