epsilon_quality=0.0241983
volume_quality=0.0460539
