epsilon_quality=0.122226
volume_quality=0.135119
