epsilon_quality=0.053392
volume_quality=0.178176
