epsilon_quality=0.246026
volume_quality=0.359538
