epsilon_quality=0.0784109
volume_quality=0.13683
