epsilon_quality=0.0361351
volume_quality=0.0625642
