epsilon_quality=0.000291856
volume_quality=0.0137628
