epsilon_quality=0.0199388
volume_quality=0.01467
