epsilon_quality=0.113235
volume_quality=0.095079
