epsilon_quality=0.16537
volume_quality=0.369685
