epsilon_quality=0.104645
volume_quality=0.11397
