epsilon_quality=0.0587358
volume_quality=0.0176182
