epsilon_quality=0.0813668
volume_quality=0.0258844
