epsilon_quality=0.0621384
volume_quality=0.0311223
