epsilon_quality=0.0526117
volume_quality=0.38453
