epsilon_quality=0.253883
volume_quality=0.745986
