epsilon_quality=0.0582048
volume_quality=0.0507023
