epsilon_quality=0.107425
volume_quality=0.147636
