epsilon_quality=0.0700061
volume_quality=0.0785647
