epsilon_quality=0.104118
volume_quality=0.0663058
