epsilon_quality=0.165282
volume_quality=0.432127
