epsilon_quality=0.00234951
volume_quality=0.0179084
