epsilon_quality=0.0715353
volume_quality=0.182106
