epsilon_quality=0.211594
volume_quality=0.195617
