epsilon_quality=0.0277826
volume_quality=0.114079
