epsilon_quality=0.0302245
volume_quality=0.00604355
