epsilon_quality=0.116059
volume_quality=0.0715726
