epsilon_quality=0.0993858
volume_quality=0.0542128
