epsilon_quality=0.0432719
volume_quality=0.0919592
