epsilon_quality=0.140294
volume_quality=0.0800303
