epsilon_quality=0.040464
volume_quality=0.0470188
