epsilon_quality=0.182866
volume_quality=0.50491
