epsilon_quality=0.039595
volume_quality=0.0390296
