epsilon_quality=0.111951
volume_quality=0.0647239
