epsilon_quality=0.133433
volume_quality=0.0999524
