epsilon_quality=0.100753
volume_quality=0.0768524
