epsilon_quality=0.0688626
volume_quality=0.0212113
