epsilon_quality=0.0540659
volume_quality=0.107171
