epsilon_quality=0.143462
volume_quality=0.554742
