epsilon_quality=0.0183924
volume_quality=0.0311155
