epsilon_quality=0.0926433
volume_quality=0.182894
