epsilon_quality=0.00910791
volume_quality=0.0641671
