epsilon_quality=0.138742
volume_quality=0.976286
