epsilon_quality=0.0846347
volume_quality=0.0776369
