gpsEpsilon=1.24477e-315
gpsVolume=0
mQualEpsilon=-1
mQualVolume=0.00414328
new_planned_energy=82.8552
