gpsEpsilon=1.25272e-315
gpsVolume=0
mQualEpsilon=1.52588
mQualVolume=46.1445
new_planned_energy=17.5782
