gpsEpsilon=1.25272e-315
gpsVolume=0
mQualEpsilon=-1
mQualVolume=0.000125459
new_planned_energy=34.193
