gpsEpsilon=1.25272e-315
gpsVolume=0
mQualEpsilon=1.66425
mQualVolume=53.2707
new_planned_energy=-1.66425
