gpsEpsilon=17.1272
gpsVolume=165.256
mQualEpsilon=0.00800647
mQualVolume=0.0100615
new_planned_energy=88.1636
