gpsEpsilon=8.0788
gpsVolume=172.842
mQualEpsilon=0.00170542
mQualVolume=0.000359915
new_planned_energy=90.9873
