gpsEpsilon=1.36328e-315
gpsVolume=0
mQualEpsilon=0.0694499
mQualVolume=0.0188385
new_planned_energy=94.7425
