gpsEpsilon=194.592
gpsVolume=97.2015
mQualEpsilon=0.0324823
mQualVolume=0.0842608
new_planned_energy=105.731
