gpsEpsilon=1.19775e-315
gpsVolume=0
mQualEpsilon=0.0343444
mQualVolume=0.0134267
new_planned_energy=73.9207
