gpsEpsilon=1.19775e-315
gpsVolume=0
mQualEpsilon=0.0047641
mQualVolume=0.0071474
new_planned_energy=87.2429
