gpsEpsilon=1.07224e-315
gpsVolume=0
mQualEpsilon=0.354436
mQualVolume=31.3014
new_planned_energy=63.6202
