gpsEpsilon=9.32418e-316
gpsVolume=0
mQualEpsilon=-1
mQualVolume=0.000230519
new_planned_energy=105.166
