epsilon_quality=0.100551
volume_quality=0.273404
