epsilon_quality=0.138535
volume_quality=0.131346
