epsilon_quality=0.113546
volume_quality=0.0881086
