gpsEpsilon=19.5762
gpsVolume=39.307
mQualEpsilon=1.65929
mQualVolume=50.7655
new_planned_energy=-1.65929
