gpsEpsilon=37.9572
gpsVolume=27.0396
mQualEpsilon=0.0330194
mQualVolume=0.00543226
new_planned_energy=59.9993
