gpsEpsilon=1.37861e-315
gpsVolume=0
mQualEpsilon=1.78099
mQualVolume=54.6539
new_planned_energy=-1.78099
