gpsEpsilon=1.37861e-315
gpsVolume=0
mQualEpsilon=1.75164
mQualVolume=54.3665
new_planned_energy=-1.75164
