gpsEpsilon=1.37861e-315
gpsVolume=0
mQualEpsilon=1.93185
mQualVolume=54.3034
new_planned_energy=-1.93185
