gpsEpsilon=1.37861e-315
gpsVolume=0
mQualEpsilon=1.63329
mQualVolume=52.2211
new_planned_energy=-1.63329
