gpsEpsilon=97.9914
gpsVolume=89.4202
mQualEpsilon=0.031635
mQualVolume=0.00256592
new_planned_energy=15.6412
