gpsEpsilon=57.6809
gpsVolume=172.176
mQualEpsilon=0.0759021
mQualVolume=0.00921681
new_planned_energy=61.0874
