gpsEpsilon=102.512
gpsVolume=45.0908
mQualEpsilon=0.0131561
mQualVolume=0.00217898
new_planned_energy=57.9835
