gpsEpsilon=93.7844
gpsVolume=6.35
mQualEpsilon=0.0716094
mQualVolume=0.00407812
new_planned_energy=50.4189
