gpsEpsilon=42.4226
gpsVolume=45.0908
mQualEpsilon=1.63008
mQualVolume=52.8813
new_planned_energy=-1.63008
