gpsEpsilon=42.4226
gpsVolume=45.0908
mQualEpsilon=1.18641
mQualVolume=33.5971
new_planned_energy=-1.18641
