gpsEpsilon=42.4226
gpsVolume=45.0908
mQualEpsilon=1.53986
mQualVolume=43.9496
new_planned_energy=-1.53986
