gpsEpsilon=35.4218
gpsVolume=17.4324
mQualEpsilon=1.71296
mQualVolume=46.9479
new_planned_energy=-1.71296
