gpsEpsilon=35.4218
gpsVolume=17.4324
mQualEpsilon=1.74518
mQualVolume=47.3203
new_planned_energy=-1.74518
