gpsEpsilon=35.4218
gpsVolume=17.4324
mQualEpsilon=1.71091
mQualVolume=46.9059
new_planned_energy=-1.71091
