gpsEpsilon=47.3202
gpsVolume=22.204
mQualEpsilon=0.00142349
mQualVolume=0.00380451
new_planned_energy=19.1694
