gpsEpsilon=35.4218
gpsVolume=19.5669
mQualEpsilon=1.62135
mQualVolume=52.3171
new_planned_energy=-1.62135
