gpsEpsilon=35.4218
gpsVolume=19.5669
mQualEpsilon=1.75281
mQualVolume=54.4426
new_planned_energy=-1.75281
