gpsEpsilon=9.07511e-316
gpsVolume=0
mQualEpsilon=1.55452
mQualVolume=51.0415
new_planned_energy=-1.55452
