gpsEpsilon=9.07511e-316
gpsVolume=0
mQualEpsilon=0.0419187
mQualVolume=0.00829532
new_planned_energy=27.4266
