epsilon_quality=0.0742437
volume_quality=0.0893068
