epsilon_quality=0.0885331
volume_quality=0.0586066
