epsilon_quality=0.0307536
volume_quality=0.137679
