epsilon_quality=0.0844456
volume_quality=0.0678235
