epsilon_quality=0.0189978
volume_quality=0.0101452
