epsilon_quality=0.173569
volume_quality=0.339043
