gpsEpsilon=16.4076
gpsVolume=8.21441
mQualEpsilon=-1
mQualVolume=0.00352736
new_planned_energy=55.5233
