gpsEpsilon=6.46138
gpsVolume=45.7624
mQualEpsilon=0.0286944
mQualVolume=0.0227933
new_planned_energy=26.716
