gpsEpsilon=6.90684
gpsVolume=38.5234
mQualEpsilon=0.038458
mQualVolume=0.0027017
new_planned_energy=78.8018
