gpsEpsilon=8.68876
gpsVolume=40.9364
mQualEpsilon=0.0120172
mQualVolume=0.00355948
new_planned_energy=59.3149
