gpsEpsilon=6.84065e-316
gpsVolume=0
mQualEpsilon=0.0329347
mQualVolume=0.0037634
new_planned_energy=66.4141
