gpsEpsilon=6.09659e-316
gpsVolume=0
mQualEpsilon=0.0416476
mQualVolume=0.00224809
new_planned_energy=35.3851
