gpsEpsilon=5.77862e-316
gpsVolume=0
mQualEpsilon=0.0368256
mQualVolume=0.0109337
new_planned_energy=52.5718
