gpsEpsilon=1.01605e-315
gpsVolume=0
mQualEpsilon=-1
mQualVolume=0.00129703
new_planned_energy=68.3631
