gpsEpsilon=39.8097
gpsVolume=7.95188
mQualEpsilon=0.0165785
mQualVolume=0.00761878
new_planned_energy=86.453
