gpsEpsilon=9.38965e-316
gpsVolume=0
mQualEpsilon=-1
mQualVolume=0.0100242
new_planned_energy=51.5017
