gpsEpsilon=2.85522e-316
gpsVolume=0
mQualEpsilon=0.0209702
mQualVolume=0.0129051
new_planned_energy=87.0898
