epsilon_quality=0.0570022
volume_quality=0.0647332
