epsilon_quality=0.0780265
volume_quality=0.0471869
