epsilon_quality=0.186906
volume_quality=0.621251
