epsilon_quality=0.118621
volume_quality=0.0594557
