epsilon_quality=0.0514082
volume_quality=0.122639
