epsilon_quality=0.0539177
volume_quality=0.0662873
