epsilon_quality=0.185322
volume_quality=0.283528
