epsilon_quality=0.0774208
volume_quality=0.155756
