epsilon_quality=0.0716569
volume_quality=0.0223576
