epsilon_quality=0.0175582
volume_quality=0.00627727
