epsilon_quality=0.103337
volume_quality=0.0586099
