epsilon_quality=0.0269963
volume_quality=0.00465592
