epsilon_quality=0.00673156
volume_quality=0.0117659
