epsilon_quality=0.0224908
volume_quality=0.015003
