epsilon_quality=0.0425088
volume_quality=0.0851264
