epsilon_quality=0.168186
volume_quality=0.805922
