epsilon_quality=0.380611
volume_quality=2.23181
