epsilon_quality=0.0818528
volume_quality=0.0659258
