epsilon_quality=0.00679423
volume_quality=0.0151113
