epsilon_quality=0.0178002
volume_quality=0.0322655
