epsilon_quality=0.0060416
volume_quality=0.0082401
