epsilon_quality=0.228828
volume_quality=0.297616
