epsilon_quality=0.119011
volume_quality=0.371213
