epsilon_quality=0.211254
volume_quality=0.595087
