epsilon_quality=0.102414
volume_quality=0.750131
