epsilon_quality=0.0896102
volume_quality=0.0499328
