epsilon_quality=0.0269566
volume_quality=0.0429545
