epsilon_quality=0.132363
volume_quality=0.269467
