epsilon_quality=0.0585833
volume_quality=0.0657176
