epsilon_quality=0.181169
volume_quality=0.510953
