epsilon_quality=0.0365229
volume_quality=0.0853451
