epsilon_quality=0.112568
volume_quality=0.124783
