epsilon_quality=0.0869885
volume_quality=0.0960992
