epsilon_quality=0.145927
volume_quality=0.198303
