epsilon_quality=0.105044
volume_quality=0.0627049
