epsilon_quality=0.0518114
volume_quality=0.207742
