epsilon_quality=0.125841
volume_quality=0.314631
