epsilon_quality=0.0669218
volume_quality=0.0263838
