epsilon_quality=0.0255701
volume_quality=0.00426762
