epsilon_quality=0.0718061
volume_quality=0.0354613
