epsilon_quality=0.0497031
volume_quality=0.036218
