epsilon_quality=0.0623723
volume_quality=0.0321557
