gpsEpsilon=44.6547
gpsVolume=191.396
mQualEpsilon=0.00529613
mQualVolume=0.036249
new_planned_energy=48.6554
