gpsEpsilon=53.2783
gpsVolume=191.396
mQualEpsilon=0.0431251
mQualVolume=0.00374282
new_planned_energy=71.5684
