gpsEpsilon=43.2293
gpsVolume=212.121
mQualEpsilon=0.0286121
mQualVolume=0.00468164
new_planned_energy=86.6526
