gpsEpsilon=36.9692
gpsVolume=167.198
mQualEpsilon=0.0105689
mQualVolume=0.0157386
new_planned_energy=32.5828
