gpsEpsilon=35.2125
gpsVolume=176.592
mQualEpsilon=0.0132924
mQualVolume=0.005454
new_planned_energy=59.8318
