gpsEpsilon=55.2021
gpsVolume=243.209
mQualEpsilon=0.00168167
mQualVolume=0.00150053
new_planned_energy=54.5986
