gpsEpsilon=47.4538
gpsVolume=240.248
mQualEpsilon=0.0323591
mQualVolume=0.00640272
new_planned_energy=63.8527
