gpsEpsilon=41.5224
gpsVolume=212.121
mQualEpsilon=0.0124138
mQualVolume=0.00546751
new_planned_energy=72.5407
