gpsEpsilon=38.892
gpsVolume=212.121
mQualEpsilon=0.00311323
mQualVolume=0.0315575
new_planned_energy=37.2856
