gpsEpsilon=39.658
gpsVolume=191.396
mQualEpsilon=0.0313309
mQualVolume=0.00247406
new_planned_energy=69.6896
