gpsEpsilon=40.4729
gpsVolume=198.798
mQualEpsilon=0.0230444
mQualVolume=0.00116603
new_planned_energy=85.131
