epsilon_quality=0.174327
volume_quality=0.317326
