epsilon_quality=0.0876215
volume_quality=0.512365
