epsilon_quality=0.0525786
volume_quality=0.249305
