epsilon_quality=0.068841
volume_quality=0.0166366
