epsilon_quality=0.147812
volume_quality=0.448478
