epsilon_quality=0.111523
volume_quality=0.255282
