epsilon_quality=0.0580259
volume_quality=0.169122
