epsilon_quality=0.136008
volume_quality=0.278486
