epsilon_quality=0.0852944
volume_quality=0.487537
