epsilon_quality=0.00252151
volume_quality=0.0205054
