epsilon_quality=0.0600068
volume_quality=0.100694
