epsilon_quality=0.0522385
volume_quality=0.0352252
