epsilon_quality=0.0580861
volume_quality=0.0407023
