epsilon_quality=0.126666
volume_quality=0.246755
