epsilon_quality=0.0215953
volume_quality=0.0410028
