epsilon_quality=0.0374589
volume_quality=0.0219298
