epsilon_quality=0.113778
volume_quality=0.194562
