epsilon_quality=0.0677083
volume_quality=0.139748
