epsilon_quality=0.182395
volume_quality=0.40868
