gpsEpsilon=18.103
gpsVolume=191.07
mQualEpsilon=0.0257417
mQualVolume=0.0246961
new_planned_energy=48.4927
