gpsEpsilon=27.2956
gpsVolume=178.787
mQualEpsilon=0.00938084
mQualVolume=0.00281292
new_planned_energy=94.4214
