gpsEpsilon=67.7903
gpsVolume=237.102
mQualEpsilon=0.0153713
mQualVolume=0.000882632
new_planned_energy=80.8954
