gpsEpsilon=0
gpsVolume=2.42092e-322
mQualEpsilon=-1
mQualVolume=0.00570178
new_planned_energy=54.6227
