gpsEpsilon=24.0473
gpsVolume=48.7543
mQualEpsilon=0.0336971
mQualVolume=0.00630325
new_planned_energy=31.4157
