gpsEpsilon=20.402
gpsVolume=80.1022
mQualEpsilon=0.00249341
mQualVolume=0.00260173
new_planned_energy=45.9656
