gpsEpsilon=16.8527
gpsVolume=8.31657
mQualEpsilon=0.0241653
mQualVolume=0.00101965
new_planned_energy=91.5807
