epsilon_quality=0.104196
volume_quality=0.393501
