epsilon_quality=0.0362514
volume_quality=0.0317497
