epsilon_quality=0.0108109
volume_quality=0.0452798
