epsilon_quality=0.12998
volume_quality=0.208893
