epsilon_quality=0.0353136
volume_quality=0.00772876
