epsilon_quality=0.0487436
volume_quality=0.0289197
