epsilon_quality=0.0362344
volume_quality=0.0178359
