epsilon_quality=0.0588739
volume_quality=0.0269511
