epsilon_quality=0.0743796
volume_quality=0.0552735
