epsilon_quality=0.131676
volume_quality=0.0840408
