epsilon_quality=0.0561367
volume_quality=0.108415
