epsilon_quality=0.0652593
volume_quality=0.186948
