epsilon_quality=0.0260746
volume_quality=0.0355916
