epsilon_quality=0.0147586
volume_quality=0.00473813
