epsilon_quality=0.215963
volume_quality=0.707171
