epsilon_quality=0.105827
volume_quality=0.248377
