epsilon_quality=0.0647037
volume_quality=0.0774646
