epsilon_quality=0.104396
volume_quality=0.0929014
