epsilon_quality=0.010877
volume_quality=0.0759998
