epsilon_quality=0.103702
volume_quality=0.142736
