epsilon_quality=0.148193
volume_quality=0.137366
