epsilon_quality=0.206055
volume_quality=0.390351
