epsilon_quality=0.0418678
volume_quality=0.0448884
