epsilon_quality=0.145368
volume_quality=0.171893
