epsilon_quality=0.0132202
volume_quality=0.119767
