epsilon_quality=0.00735042
volume_quality=0.00177346
