epsilon_quality=0.202365
volume_quality=0.672763
