epsilon_quality=0.0367401
volume_quality=0.00924157
