epsilon_quality=0.0598788
volume_quality=0.16502
