epsilon_quality=0.169068
volume_quality=0.80936
