epsilon_quality=0.0941201
volume_quality=0.0923145
