epsilon_quality=0.204593
volume_quality=0.336572
