epsilon_quality=0.202519
volume_quality=0.561346
