epsilon_quality=0.0139966
volume_quality=0.0715735
