epsilon_quality=0.183597
volume_quality=0.120458
