gpsEpsilon=0
gpsVolume=0
mQualEpsilon=0.0875296
mQualVolume=0.0236725
new_planned_energy=90.4018
