gpsEpsilon=0
gpsVolume=0
mQualEpsilon=0.0911301
mQualVolume=0.0151787
new_planned_energy=85.7896
