gpsEpsilon=0
gpsVolume=0
mQualEpsilon=0.0119241
mQualVolume=0.00184953
new_planned_energy=55.6709
