gpsEpsilon=0.611468
gpsVolume=-0.291135
mQualEpsilon=-1
mQualVolume=0.0219397
new_planned_energy=60.1095
