gpsEpsilon=0
gpsVolume=2.42092e-322
mQualEpsilon=0.0635455
mQualVolume=0.0579041
new_planned_energy=44.67
