gpsEpsilon=2.45904e-316
gpsVolume=0
mQualEpsilon=-1
mQualVolume=0.000551246
new_planned_energy=34.3609
