gpsEpsilon=2.48353e-316
gpsVolume=3.0026e-316
mQualEpsilon=0.0259489
mQualVolume=0.0379688
new_planned_energy=45.6569
