gpsEpsilon=0
gpsVolume=0
mQualEpsilon=0.0279808
mQualVolume=0.00556314
new_planned_energy=48.4185
