gpsEpsilon=0
gpsVolume=0
mQualEpsilon=0.0576477
mQualVolume=0.0133545
new_planned_energy=85.7335
