gpsEpsilon=0
gpsVolume=2.42092e-322
mQualEpsilon=0.0259903
mQualVolume=0.00692188
new_planned_energy=48.1412
