gpsEpsilon=-0.439341
gpsVolume=3.36391
mQualEpsilon=-1
mQualVolume=0.00472944
new_planned_energy=55.2629
