gpsEpsilon=0
gpsVolume=0
mQualEpsilon=0.0879575
mQualVolume=0.0426701
new_planned_energy=56.1012
