epsilon_quality=0.0186518
volume_quality=0.00737687
