epsilon_quality=0.0724258
volume_quality=0.0187871
