epsilon_quality=0.0838726
volume_quality=0.055591
