epsilon_quality=0.0132896
volume_quality=0.00478099
