epsilon_quality=0.0356356
volume_quality=0.00725313
