epsilon_quality=0.0303616
volume_quality=0.0361805
