epsilon_quality=0.0767484
volume_quality=0.186537
