epsilon_quality=0.242541
volume_quality=0.289447
