epsilon_quality=0.208632
volume_quality=0.660757
