epsilon_quality=0.0605956
volume_quality=0.0993678
