epsilon_quality=0.054508
volume_quality=0.0388945
