epsilon_quality=0.0592066
volume_quality=0.0100406
