epsilon_quality=0.0772899
volume_quality=0.115799
