epsilon_quality=0.102568
volume_quality=0.0799563
