epsilon_quality=0.16562
volume_quality=0.442275
