epsilon_quality=0.17869
volume_quality=0.286237
