epsilon_quality=0.361324
volume_quality=1.45738
