epsilon_quality=0.108322
volume_quality=0.077237
