epsilon_quality=0.081745
volume_quality=0.0618424
