epsilon_quality=0.07568
volume_quality=0.0839106
