epsilon_quality=0.111202
volume_quality=0.258545
