epsilon_quality=0.0940606
volume_quality=0.10613
