epsilon_quality=0.0945221
volume_quality=0.0880327
