epsilon_quality=0.198527
volume_quality=0.254148
