epsilon_quality=0.0637308
volume_quality=0.107964
