epsilon_quality=0.0540539
volume_quality=0.0102598
