epsilon_quality=0.453449
volume_quality=6.11362
