epsilon_quality=0.354521
volume_quality=1.49083
