epsilon_quality=0.457674
volume_quality=4.09294
