epsilon_quality=0.133499
volume_quality=0.184189
