epsilon_quality=0.0397643
volume_quality=0.0544758
