epsilon_quality=0.226233
volume_quality=0.509069
