epsilon_quality=0.0287134
volume_quality=0.0256016
