epsilon_quality=0.0709294
volume_quality=0.0596134
