epsilon_quality=0.0916624
volume_quality=0.0310777
