epsilon_quality=0.102695
volume_quality=0.144125
