epsilon_quality=0.12016
volume_quality=0.163624
