epsilon_quality=0.18695
volume_quality=0.316987
