epsilon_quality=0.0831374
volume_quality=0.13706
