epsilon_quality=0.16262
volume_quality=0.209108
