epsilon_quality=0.11318
volume_quality=0.0754062
