epsilon_quality=0.00990329
volume_quality=0.014642
