epsilon_quality=0.05812
volume_quality=0.00353981
