epsilon_quality=0.0160787
volume_quality=0.00670829
