epsilon_quality=0.0198076
volume_quality=0.00107261
