epsilon_quality=0.0750813
volume_quality=0.117422
