epsilon_quality=0.10332
volume_quality=0.176113
