epsilon_quality=0.0519852
volume_quality=0.260323
