epsilon_quality=0.0385902
volume_quality=0.00767205
