epsilon_quality=0.157905
volume_quality=0.471502
