epsilon_quality=0.0648484
volume_quality=0.0624025
