epsilon_quality=0.0124283
volume_quality=0.0291754
