epsilon_quality=0.0372785
volume_quality=0.0164948
