epsilon_quality=0.138864
volume_quality=0.159637
