gpsEpsilon=145.661
gpsVolume=102.777
mQualEpsilon=0.0221416
mQualVolume=0.00265017
new_planned_energy=48.693
