gpsEpsilon=25.7213
gpsVolume=111.435
mQualEpsilon=0.00376715
mQualVolume=0.012863
new_planned_energy=90.9211
