gpsEpsilon=22.9121
gpsVolume=109.497
mQualEpsilon=0.0253581
mQualVolume=0.0054982
new_planned_energy=59.402
