gpsEpsilon=23.8948
gpsVolume=109.458
mQualEpsilon=0.0148988
mQualVolume=0.00391442
new_planned_energy=66.0613
