gpsEpsilon=23.8948
gpsVolume=109.458
mQualEpsilon=0.00233809
mQualVolume=0.00633409
new_planned_energy=41.6541
