gpsEpsilon=155.077
gpsVolume=125.222
mQualEpsilon=0.00803375
mQualVolume=0.000498622
new_planned_energy=103.587
