gpsEpsilon=141.398
gpsVolume=100.355
mQualEpsilon=0.0384855
mQualVolume=0.00909615
new_planned_energy=43.7892
