gpsEpsilon=7.559e-316
gpsVolume=6.95335e-310
mQualEpsilon=0.0274116
mQualVolume=0.00800508
new_planned_energy=61.8322
