gpsEpsilon=136.282
gpsVolume=180.899
mQualEpsilon=0.0081973
mQualVolume=0.00546773
new_planned_energy=48.3588
