gpsEpsilon=169.536
gpsVolume=127.09
mQualEpsilon=0.0469927
mQualVolume=0.054594
new_planned_energy=67.1243
