gpsEpsilon=127.508
gpsVolume=18.1262
mQualEpsilon=0.16015
mQualVolume=0.104227
new_planned_energy=96.7293
