gpsEpsilon=114.488
gpsVolume=106.29
mQualEpsilon=0.0124284
mQualVolume=0.00134016
new_planned_energy=80.3446
