epsilon_quality=0.0257707
volume_quality=0.0324231
