epsilon_quality=0.0935793
volume_quality=0.0184117
