epsilon_quality=0.074847
volume_quality=0.0683035
