epsilon_quality=0.0939793
volume_quality=0.0967973
