epsilon_quality=0.0705703
volume_quality=0.0271008
