epsilon_quality=0.0383089
volume_quality=0.00871553
