epsilon_quality=0.0668607
volume_quality=0.041861
