epsilon_quality=0.000225675
volume_quality=0.00226243
