epsilon_quality=0.0342279
volume_quality=0.00123189
