epsilon_quality=0.0987285
volume_quality=0.236492
