epsilon_quality=0.0654518
volume_quality=0.144799
