epsilon_quality=0.093221
volume_quality=0.973173
