epsilon_quality=0.289656
volume_quality=2.30462
