epsilon_quality=0.146807
volume_quality=1.11115
