epsilon_quality=0.169673
volume_quality=0.832332
