epsilon_quality=0.20294
volume_quality=0.182437
