epsilon_quality=0.0727867
volume_quality=0.281247
