epsilon_quality=0.0866825
volume_quality=0.036721
