epsilon_quality=0.123919
volume_quality=0.105603
