epsilon_quality=0.0373544
volume_quality=0.0564484
