epsilon_quality=0.220576
volume_quality=0.858365
