epsilon_quality=0.100137
volume_quality=0.314916
