epsilon_quality=0.000134473
volume_quality=0.143216
