epsilon_quality=0.154174
volume_quality=0.525413
