epsilon_quality=0.267805
volume_quality=1.17902
