epsilon_quality=0.12463
volume_quality=0.373622
