epsilon_quality=0.0842426
volume_quality=0.0768579
