epsilon_quality=0.0114487
volume_quality=0.00185725
