epsilon_quality=0.00227757
volume_quality=0.0295968
