epsilon_quality=0.0290456
volume_quality=0.104354
