epsilon_quality=0.0266573
volume_quality=0.0695918
