epsilon_quality=0.0965283
volume_quality=0.263083
