epsilon_quality=0.0335629
volume_quality=0.0749387
