epsilon_quality=0.0924842
volume_quality=0.0378448
