epsilon_quality=0.148498
volume_quality=0.15995
