epsilon_quality=0.0817692
volume_quality=0.081271
