epsilon_quality=0.0266895
volume_quality=0.0361308
