epsilon_quality=0.0485472
volume_quality=0.0564855
