epsilon_quality=0.0205955
volume_quality=0.166562
