epsilon_quality=0.0267523
volume_quality=0.212816
