epsilon_quality=0.181381
volume_quality=0.49835
