epsilon_quality=0.0606778
volume_quality=0.177362
