epsilon_quality=0.0500596
volume_quality=0.0336862
