epsilon_quality=0.00944216
volume_quality=0.0113361
