epsilon_quality=0.114313
volume_quality=0.0416783
