epsilon_quality=0.0157692
volume_quality=0.000854514
