epsilon_quality=0.0212995
volume_quality=0.00260892
