epsilon_quality=0.0501989
volume_quality=0.0604435
