epsilon_quality=0.0563962
volume_quality=0.0981465
