epsilon_quality=0.0653634
volume_quality=0.133625
