epsilon_quality=0.119056
volume_quality=0.0640724
