epsilon_quality=0.0960979
volume_quality=0.0211481
