epsilon_quality=0.105814
volume_quality=0.10804
