epsilon_quality=0.0390973
volume_quality=0.0114833
