epsilon_quality=0.0912227
volume_quality=0.0748327
