epsilon_quality=0.0984516
volume_quality=0.36705
