epsilon_quality=0.161005
volume_quality=0.397016
