epsilon_quality=0.111888
volume_quality=0.0871195
