epsilon_quality=0.151463
volume_quality=0.199532
