epsilon_quality=0.117692
volume_quality=0.0431036
