epsilon_quality=0.0561625
volume_quality=0.0126031
