epsilon_quality=0.0253965
volume_quality=0.00953493
