epsilon_quality=0.0616196
volume_quality=0.063843
