epsilon_quality=0.0650149
volume_quality=0.0481983
