epsilon_quality=0.0440886
volume_quality=0.107038
