epsilon_quality=0.119168
volume_quality=0.0682397
