epsilon_quality=0.110171
volume_quality=0.0481805
