epsilon_quality=0.106776
volume_quality=0.0578294
