epsilon_quality=0.0887653
volume_quality=0.164953
