epsilon_quality=0.0171437
volume_quality=0.0558352
