epsilon_quality=0.191062
volume_quality=0.417899
