epsilon_quality=0.12279
volume_quality=0.130135
