epsilon_quality=0.175389
volume_quality=0.175276
