epsilon_quality=0.174908
volume_quality=0.187437
