epsilon_quality=0.103482
volume_quality=0.212119
