epsilon_quality=0.10938
volume_quality=0.237529
