epsilon_quality=0.079142
volume_quality=0.088739
