epsilon_quality=0.144824
volume_quality=0.177354
