epsilon_quality=0.119296
volume_quality=0.140895
