epsilon_quality=0.090058
volume_quality=0.172731
