epsilon_quality=0.0564419
volume_quality=0.0338296
