epsilon_quality=0.0454658
volume_quality=0.184873
