epsilon_quality=0.087049
volume_quality=0.0858823
