epsilon_quality=0.123635
volume_quality=0.315903
