epsilon_quality=0.0402032
volume_quality=0.273113
