epsilon_quality=0.0675132
volume_quality=0.0288767
