epsilon_quality=0.0211013
volume_quality=0.0194133
