epsilon_quality=0.0538269
volume_quality=0.0332803
