epsilon_quality=0.0304735
volume_quality=0.0372984
