epsilon_quality=0.101314
volume_quality=0.195617
