epsilon_quality=0.0168892
volume_quality=0.0754146
