epsilon_quality=0.0321507
volume_quality=0.00269132
