epsilon_quality=0.0797999
volume_quality=0.0535825
