epsilon_quality=0.101228
volume_quality=0.0627556
