epsilon_quality=0.0995098
volume_quality=0.0972445
