epsilon_quality=0.145445
volume_quality=0.258939
