epsilon_quality=0.00624464
volume_quality=0.0333332
