epsilon_quality=0.0610812
volume_quality=0.0262002
