epsilon_quality=0.0593744
volume_quality=0.0199295
