epsilon_quality=0.0470583
volume_quality=0.0178183
