epsilon_quality=0.0965563
volume_quality=0.0717368
