epsilon_quality=0.37286
volume_quality=3.40669
