epsilon_quality=0.0153625
volume_quality=0.00274951
