epsilon_quality=0.214611
volume_quality=2.67873
