epsilon_quality=0.330776
volume_quality=1.99762
