epsilon_quality=0.337805
volume_quality=2.57149
