epsilon_quality=0.453263
volume_quality=4.04394
