epsilon_quality=0.00625091
volume_quality=0.010252
