epsilon_quality=0.026239
volume_quality=0.00265833
