epsilon_quality=0.00328404
volume_quality=0.00107553
