epsilon_quality=0.043246
volume_quality=0.0141277
