epsilon_quality=0.0629774
volume_quality=0.0365527
