gpsEpsilon=5.92879e-321
gpsVolume=2.37152e-322
mQualEpsilon=0.0546136
mQualVolume=0.029625
new_planned_energy=35.8807
