gpsEpsilon=218.704
gpsVolume=133.647
mQualEpsilon=1.79048
mQualVolume=57.1166
new_planned_energy=-1.79048
