gpsEpsilon=218.704
gpsVolume=133.647
mQualEpsilon=1.94161
mQualVolume=58.6319
new_planned_energy=-1.94161
