gpsEpsilon=218.704
gpsVolume=133.647
mQualEpsilon=1.80052
mQualVolume=57.4137
new_planned_energy=-1.80052
