gpsEpsilon=218.704
gpsVolume=133.647
mQualEpsilon=1.88196
mQualVolume=57.6531
new_planned_energy=-1.88196
