gpsEpsilon=218.704
gpsVolume=133.647
mQualEpsilon=1.85667
mQualVolume=57.0946
new_planned_energy=-1.85667
