gpsEpsilon=218.704
gpsVolume=133.647
mQualEpsilon=1.79603
mQualVolume=56.3364
new_planned_energy=-1.79603
