gpsEpsilon=-0.282843
gpsVolume=0.192225
mQualEpsilon=1.83442
mQualVolume=49.9967
new_planned_energy=-1.83442
