gpsEpsilon=-0.282843
gpsVolume=0.192225
mQualEpsilon=1.8359
mQualVolume=50.0467
new_planned_energy=-1.8359
