gpsEpsilon=-0.282843
gpsVolume=0.192225
mQualEpsilon=1.8406
mQualVolume=50.0106
new_planned_energy=-1.8406
