gpsEpsilon=-0.282843
gpsVolume=0.192225
mQualEpsilon=1.83866
mQualVolume=50.3002
new_planned_energy=-1.83866
