gpsEpsilon=1.06318e-316
gpsVolume=1.09156e-316
mQualEpsilon=0.0293726
mQualVolume=0.0124569
new_planned_energy=81.2453
