gpsEpsilon=-1
gpsVolume=1
mQualEpsilon=0.00535376
mQualVolume=0.0246876
new_planned_energy=62.0175
