gpsEpsilon=0
gpsVolume=0
mQualEpsilon=0.00273111
mQualVolume=0.00282125
new_planned_energy=29.4123
