gpsEpsilon=178.024
gpsVolume=38.6044
mQualEpsilon=0.0391732
mQualVolume=0.0223309
new_planned_energy=58.4253
