epsilon_quality=0.0338644
volume_quality=0.0353296
