epsilon_quality=0.238831
volume_quality=0.767465
