epsilon_quality=0.106006
volume_quality=0.115285
