epsilon_quality=0.105606
volume_quality=0.520086
