epsilon_quality=0.0368138
volume_quality=0.0258623
