epsilon_quality=0.0826504
volume_quality=0.0692197
