epsilon_quality=0.0742454
volume_quality=0.120815
