epsilon_quality=0.000957722
volume_quality=0.303969
