epsilon_quality=0.014775
volume_quality=0.566611
