epsilon_quality=0.136697
volume_quality=0.352337
