epsilon_quality=0.0449172
volume_quality=0.110176
