epsilon_quality=0.157301
volume_quality=0.347004
