epsilon_quality=0.0862836
volume_quality=0.489742
