epsilon_quality=0.102312
volume_quality=0.288466
