epsilon_quality=0.0529586
volume_quality=0.0538811
