epsilon_quality=0.149531
volume_quality=0.106667
