epsilon_quality=0.131767
volume_quality=0.282956
