epsilon_quality=0.123507
volume_quality=0.153721
