epsilon_quality=0.02417
volume_quality=0.0669184
