epsilon_quality=0.199487
volume_quality=0.650824
