epsilon_quality=0.211142
volume_quality=0.462908
