epsilon_quality=0.0452774
volume_quality=0.101788
