epsilon_quality=0.0627536
volume_quality=0.145545
