epsilon_quality=0.320662
volume_quality=0.750197
