epsilon_quality=0.253353
volume_quality=0.524638
