epsilon_quality=0.00263952
volume_quality=0.0306764
