epsilon_quality=0.0730668
volume_quality=0.0306483
