epsilon_quality=0.0222237
volume_quality=0.0331163
