epsilon_quality=0.0358606
volume_quality=0.100284
