epsilon_quality=0.036706
volume_quality=0.0158925
