epsilon_quality=0.161985
volume_quality=0.13672
