epsilon_quality=0.152227
volume_quality=0.094766
