epsilon_quality=0.129925
volume_quality=0.177955
