epsilon_quality=0.0745818
volume_quality=0.235024
