epsilon_quality=0.0363363
volume_quality=0.050825
