epsilon_quality=0.0595173
volume_quality=0.0435614
