epsilon_quality=0.0949512
volume_quality=0.0201559
