epsilon_quality=0.0497577
volume_quality=0.0277043
