gpsEpsilon=41.8221
gpsVolume=202.582
mQualEpsilon=0.0911277
mQualVolume=0.0455215
new_planned_energy=35.8708
