gpsEpsilon=95.6099
gpsVolume=133.293
mQualEpsilon=0.013662
mQualVolume=0.0228065
new_planned_energy=38.4783
