gpsEpsilon=99.4077
gpsVolume=129.097
mQualEpsilon=0.0821343
mQualVolume=0.0555921
new_planned_energy=50.4436
