gpsEpsilon=52.5673
gpsVolume=139.884
mQualEpsilon=0.0300999
mQualVolume=0.0193459
new_planned_energy=39.9512
