gpsEpsilon=2.97342e-316
gpsVolume=9.88131e-324
mQualEpsilon=0.0276461
mQualVolume=0.00131489
new_planned_energy=48.0451
