gpsEpsilon=100.792
gpsVolume=177.729
mQualEpsilon=0.029608
mQualVolume=0.0243516
new_planned_energy=32.9777
