gpsEpsilon=59.1754
gpsVolume=176.439
mQualEpsilon=0.0397267
mQualVolume=0.0031391
new_planned_energy=18.3136
