gpsEpsilon=56.991
gpsVolume=183.383
mQualEpsilon=0.00902364
mQualVolume=0.00603817
new_planned_energy=50.5803
