gpsEpsilon=67.5678
gpsVolume=171.45
mQualEpsilon=0.0119611
mQualVolume=0.0111269
new_planned_energy=38.3828
