gpsEpsilon=42.0657
gpsVolume=200.916
mQualEpsilon=0.0101013
mQualVolume=0.0237765
new_planned_energy=26.03
