gpsEpsilon=104.613
gpsVolume=158.183
mQualEpsilon=0.0130496
mQualVolume=0.0249059
new_planned_energy=18.889
