gpsEpsilon=75.8934
gpsVolume=129.997
mQualEpsilon=0.00808049
mQualVolume=0.044303
new_planned_energy=60.0059
