gpsEpsilon=101.727
gpsVolume=128.764
mQualEpsilon=0.0101013
mQualVolume=0.0237765
new_planned_energy=38.3957
