epsilon_quality=0.0319392
volume_quality=0.0725597
