epsilon_quality=0.0968183
volume_quality=0.157515
