epsilon_quality=0.0209834
volume_quality=0.497263
