epsilon_quality=0.0423442
volume_quality=0.241534
