epsilon_quality=0.0928414
volume_quality=0.151578
