epsilon_quality=0.161699
volume_quality=0.240858
