epsilon_quality=0.0140247
volume_quality=0.0234328
