epsilon_quality=0.181313
volume_quality=0.521185
