epsilon_quality=0.126113
volume_quality=0.269331
