epsilon_quality=0.147807
volume_quality=0.667852
