epsilon_quality=0.0801141
volume_quality=0.0699282
