epsilon_quality=0.17837
volume_quality=0.950807
