epsilon_quality=0.079001
volume_quality=0.166598
