epsilon_quality=0.0865001
volume_quality=0.120787
