epsilon_quality=0.146146
volume_quality=0.333285
