epsilon_quality=0.0710741
volume_quality=0.0220899
