epsilon_quality=0.0465713
volume_quality=0.0218977
