epsilon_quality=0.0244174
volume_quality=0.0164347
