epsilon_quality=0.0984852
volume_quality=0.041667
