epsilon_quality=0.0532107
volume_quality=0.0315671
