epsilon_quality=0.0609958
volume_quality=0.114837
