epsilon_quality=0.0924063
volume_quality=0.0526412
