epsilon_quality=0.149516
volume_quality=0.119682
