epsilon_quality=0.0588695
volume_quality=0.0856934
