epsilon_quality=0.071603
volume_quality=0.102045
