epsilon_quality=0.0544855
volume_quality=0.02787
