epsilon_quality=0.0218614
volume_quality=0.0197659
