epsilon_quality=0.0578625
volume_quality=0.0231088
