epsilon_quality=0.0959203
volume_quality=0.66969
