epsilon_quality=0.0759931
volume_quality=0.118134
