epsilon_quality=0.00153368
volume_quality=0.0594085
