epsilon_quality=0.0348838
volume_quality=0.0141798
