gpsEpsilon=94.8406
gpsVolume=30.3619
mQualEpsilon=0.030228
mQualVolume=0.0133621
new_planned_energy=27.8628
