gpsEpsilon=77.7629
gpsVolume=26.9474
mQualEpsilon=0.0666376
mQualVolume=0.00333271
new_planned_energy=21.4005
