gpsEpsilon=91.7346
gpsVolume=14.9363
mQualEpsilon=0.0357015
mQualVolume=0.0075274
new_planned_energy=19.2079
