gpsEpsilon=50.6446
gpsVolume=30.8569
mQualEpsilon=0.0702969
mQualVolume=0.00942062
new_planned_energy=34.656
