gpsEpsilon=86.9826
gpsVolume=17.4293
mQualEpsilon=0.0681864
mQualVolume=0.00696732
new_planned_energy=24.2971
