gpsEpsilon=214.365
gpsVolume=55.8206
mQualEpsilon=0.0330525
mQualVolume=0.00819131
new_planned_energy=39.2778
