gpsEpsilon=235.222
gpsVolume=32.78
mQualEpsilon=0.0808913
mQualVolume=0.0111947
new_planned_energy=31.1048
