gpsEpsilon=236.556
gpsVolume=90.0684
mQualEpsilon=0.0235389
mQualVolume=0.0034426
new_planned_energy=31.4951
