gpsEpsilon=152.332
gpsVolume=55.8206
mQualEpsilon=0.0722803
mQualVolume=0.0080569
new_planned_energy=46.5485
