gpsEpsilon=175.763
gpsVolume=27.8135
mQualEpsilon=0.0204215
mQualVolume=0.00303315
new_planned_energy=55.3622
