gpsEpsilon=85.9612
gpsVolume=50.1172
mQualEpsilon=0.101935
mQualVolume=0.0279493
new_planned_energy=15.4584
