gpsEpsilon=97.079
gpsVolume=20.633
mQualEpsilon=0.0619489
mQualVolume=0.020619
new_planned_energy=25.5657
