gpsEpsilon=99.6447
gpsVolume=24.5377
mQualEpsilon=0.0716066
mQualVolume=0.0138244
new_planned_energy=13.5141
