gpsEpsilon=99.6447
gpsVolume=24.5377
mQualEpsilon=1.64683
mQualVolume=55.5359
new_planned_energy=-1.64683
