epsilon_quality=0.138613
volume_quality=0.247718
