epsilon_quality=0.136264
volume_quality=0.118226
