epsilon_quality=0.182588
volume_quality=0.219868
