epsilon_quality=0.0452031
volume_quality=0.00534086
