epsilon_quality=0.0325712
volume_quality=0.0075818
