epsilon_quality=0.0218348
volume_quality=0.00194897
