epsilon_quality=0.00480296
volume_quality=0.16252
