epsilon_quality=0.0277862
volume_quality=0.058753
