epsilon_quality=0.0781102
volume_quality=0.0767724
