epsilon_quality=0.0895463
volume_quality=0.0598813
