gpsEpsilon=9.78893
gpsVolume=101.271
mQualEpsilon=-1
mQualVolume=0.000562533
new_planned_energy=86.9471
