gpsEpsilon=23.3651
gpsVolume=161.754
mQualEpsilon=0.0671301
mQualVolume=0.0212842
new_planned_energy=53.0348
