gpsEpsilon=23.3476
gpsVolume=154.122
mQualEpsilon=0.0311662
mQualVolume=0.00627407
new_planned_energy=24.3385
