gpsEpsilon=23.4135
gpsVolume=140.66
mQualEpsilon=0.00358321
mQualVolume=0.010987
new_planned_energy=87.23
