gpsEpsilon=27.6001
gpsVolume=144.437
mQualEpsilon=0.0340307
mQualVolume=0.0249399
new_planned_energy=33.7568
