gpsEpsilon=27.3726
gpsVolume=145.365
mQualEpsilon=0.0446241
mQualVolume=0.0210996
new_planned_energy=33.6244
