gpsEpsilon=23.326
gpsVolume=129.396
mQualEpsilon=0.0110141
mQualVolume=7.70208e-05
new_planned_energy=104.743
