gpsEpsilon=9.68977
gpsVolume=106.599
mQualEpsilon=0.0214571
mQualVolume=0.0133577
new_planned_energy=99.2389
