gpsEpsilon=9.78893
gpsVolume=102.07
mQualEpsilon=-1
mQualVolume=0.0239498
new_planned_energy=32.9136
