gpsEpsilon=21.8865
gpsVolume=186.278
mQualEpsilon=0.00303982
mQualVolume=0.0485273
new_planned_energy=45.1735
