epsilon_quality=0.0140225
volume_quality=0.0280031
