epsilon_quality=0.0556892
volume_quality=0.119069
