epsilon_quality=0.0157967
volume_quality=0.00802094
