epsilon_quality=0.016704
volume_quality=0.0449328
