epsilon_quality=0.119368
volume_quality=0.167271
