epsilon_quality=0.0613463
volume_quality=0.0745618
