epsilon_quality=0.13934
volume_quality=0.196045
