epsilon_quality=0.165931
volume_quality=0.600903
