epsilon_quality=0.071847
volume_quality=0.0418077
