epsilon_quality=0.0642993
volume_quality=0.0569769
