epsilon_quality=0.0388212
volume_quality=0.0234596
