epsilon_quality=0.0410471
volume_quality=0.0183633
