epsilon_quality=0.0958182
volume_quality=0.0809248
