epsilon_quality=0.03937
volume_quality=0.0748568
