epsilon_quality=0.0605467
volume_quality=0.139979
