epsilon_quality=0.131367
volume_quality=0.110193
