epsilon_quality=0.109652
volume_quality=0.121266
