epsilon_quality=0.078589
volume_quality=0.028674
