epsilon_quality=0.0609711
volume_quality=0.112923
