epsilon_quality=0.16676
volume_quality=0.470818
