epsilon_quality=0.116805
volume_quality=0.0702631
