epsilon_quality=0.0401014
volume_quality=0.0533838
