epsilon_quality=0.163763
volume_quality=0.246988
