epsilon_quality=0.110853
volume_quality=0.312259
