epsilon_quality=0.0446269
volume_quality=0.324087
