epsilon_quality=0.0850464
volume_quality=0.0729821
