epsilon_quality=0.0559541
volume_quality=0.0218561
