epsilon_quality=0.0817486
volume_quality=0.0921645
