epsilon_quality=0.171916
volume_quality=0.373912
