epsilon_quality=0.00133292
volume_quality=0.0139203
