epsilon_quality=0.0541731
volume_quality=0.0384572
