epsilon_quality=0.0928433
volume_quality=0.0645939
