epsilon_quality=0.0531797
volume_quality=0.0144865
