epsilon_quality=0.0551969
volume_quality=0.0107023
