epsilon_quality=0.138968
volume_quality=0.0540844
