epsilon_quality=0.0138555
volume_quality=0.054737
