epsilon_quality=0.0871718
volume_quality=0.0743142
