epsilon_quality=0.061756
volume_quality=0.156212
