epsilon_quality=0.227226
volume_quality=0.644868
