epsilon_quality=0.0839695
volume_quality=0.125881
