epsilon_quality=0.168916
volume_quality=0.338676
