epsilon_quality=0.153847
volume_quality=0.35439
