epsilon_quality=0.0744139
volume_quality=0.068109
