epsilon_quality=0.082937
volume_quality=0.201195
