epsilon_quality=0.246811
volume_quality=1.27781
