epsilon_quality=0.202311
volume_quality=0.576316
