epsilon_quality=0.0693802
volume_quality=0.286344
