epsilon_quality=0.357167
volume_quality=1.16523
