epsilon_quality=0.0692353
volume_quality=0.0840191
