epsilon_quality=0.087205
volume_quality=0.0799337
