epsilon_quality=0.222619
volume_quality=0.413213
