epsilon_quality=0.0617916
volume_quality=0.194653
