epsilon_quality=0.00880572
volume_quality=0.00107844
