epsilon_quality=0.0569817
volume_quality=0.901105
