epsilon_quality=0.0810265
volume_quality=0.18021
