epsilon_quality=0.136987
volume_quality=0.400801
