epsilon_quality=0.0936502
volume_quality=0.188623
