epsilon_quality=0.0211408
volume_quality=0.500826
