epsilon_quality=0.0551003
volume_quality=0.231576
