epsilon_quality=0.0617285
volume_quality=0.134243
