epsilon_quality=0.342016
volume_quality=0.992166
