epsilon_quality=0.130205
volume_quality=0.26195
