epsilon_quality=0.231527
volume_quality=0.511998
