epsilon_quality=0.0713496
volume_quality=0.150938
