epsilon_quality=0.0929442
volume_quality=0.0501208
