epsilon_quality=0.103544
volume_quality=0.240448
