epsilon_quality=0.128313
volume_quality=0.16236
