epsilon_quality=0.0504433
volume_quality=0.19123
