epsilon_quality=0.0978378
volume_quality=0.308364
