epsilon_quality=0.0589474
volume_quality=0.0678776
