epsilon_quality=0.113677
volume_quality=0.498747
