epsilon_quality=0.14863
volume_quality=0.249905
