epsilon_quality=0.11961
volume_quality=0.200687
