epsilon_quality=0.12454
volume_quality=0.301351
