epsilon_quality=0.127378
volume_quality=0.307297
