epsilon_quality=0.0994034
volume_quality=0.254617
