epsilon_quality=0.100837
volume_quality=0.134285
