epsilon_quality=0.0681668
volume_quality=0.0613117
