epsilon_quality=0.0984365
volume_quality=0.246694
