epsilon_quality=0.0555889
volume_quality=0.0663625
