epsilon_quality=0.130162
volume_quality=0.108918
