epsilon_quality=0.0664453
volume_quality=0.0181408
