epsilon_quality=0.198429
volume_quality=0.332794
