epsilon_quality=0.161856
volume_quality=0.142271
