epsilon_quality=0.0952965
volume_quality=0.0658857
