epsilon_quality=0.030161
volume_quality=0.00185035
