epsilon_quality=0.141933
volume_quality=0.0877348
