epsilon_quality=0.0289886
volume_quality=0.0017996
