epsilon_quality=0.0354627
volume_quality=0.00177431
