epsilon_quality=0.212193
volume_quality=0.343893
