epsilon_quality=0.121681
volume_quality=0.11539
