epsilon_quality=0.087386
volume_quality=0.0831205
