epsilon_quality=0.0728003
volume_quality=0.152838
