epsilon_quality=0.150989
volume_quality=0.461742
