epsilon_quality=0.213888
volume_quality=0.383219
