epsilon_quality=0.0186431
volume_quality=0.0998827
