epsilon_quality=0.0524722
volume_quality=0.14237
