epsilon_quality=0.0948333
volume_quality=0.144373
