epsilon_quality=0.116844
volume_quality=0.0599767
