epsilon_quality=0.0415481
volume_quality=0.00616167
