epsilon_quality=0.15259
volume_quality=0.0988632
