epsilon_quality=0.0797985
volume_quality=0.0284488
