epsilon_quality=0.162266
volume_quality=0.28214
