epsilon_quality=0.168528
volume_quality=0.439811
