epsilon_quality=0.217479
volume_quality=0.239139
