epsilon_quality=0.243005
volume_quality=0.520363
