epsilon_quality=0.191015
volume_quality=0.260828
