epsilon_quality=0.176079
volume_quality=0.470013
