epsilon_quality=0.0585246
volume_quality=0.0663162
