epsilon_quality=0.0329835
volume_quality=0.0323655
