epsilon_quality=0.0683853
volume_quality=0.217188
