epsilon_quality=0.102156
volume_quality=0.232666
