epsilon_quality=0.0597749
volume_quality=0.0407854
