epsilon_quality=0.0469926
volume_quality=0.0275404
