epsilon_quality=0.114108
volume_quality=0.149475
