epsilon_quality=0.0289009
volume_quality=0.0219727
