epsilon_quality=0.0430104
volume_quality=0.0133735
