epsilon_quality=0.0308928
volume_quality=0.0160079
