epsilon_quality=0.0470223
volume_quality=0.0414217
