epsilon_quality=0.048519
volume_quality=0.0121807
