epsilon_quality=0.0908923
volume_quality=0.0272094
