epsilon_quality=0.0225905
volume_quality=0.0174334
