epsilon_quality=0.232036
volume_quality=0.821917
