epsilon_quality=0.0294727
volume_quality=0.0938658
