epsilon_quality=0.0103583
volume_quality=0.0490945
