epsilon_quality=0.127085
volume_quality=0.249676
