epsilon_quality=0.0766098
volume_quality=0.142128
