epsilon_quality=0.124171
volume_quality=0.178606
