epsilon_quality=0.0538553
volume_quality=0.0744325
