epsilon_quality=0.110043
volume_quality=0.138354
