epsilon_quality=0.0582114
volume_quality=0.0772943
