epsilon_quality=0.080041
volume_quality=0.0513561
