epsilon_quality=0.0642048
volume_quality=0.0866772
