epsilon_quality=0.122308
volume_quality=0.197249
