epsilon_quality=0.0958096
volume_quality=0.155271
