epsilon_quality=0.17627
volume_quality=0.350254
