epsilon_quality=0.025243
volume_quality=0.0879967
