epsilon_quality=0.0545246
volume_quality=0.0272043
