epsilon_quality=0.140061
volume_quality=0.175675
