epsilon_quality=0.283545
volume_quality=0.729006
