epsilon_quality=0.035336
volume_quality=0.145939
