epsilon_quality=0.0440568
volume_quality=0.0171259
