epsilon_quality=0.163955
volume_quality=0.451962
