epsilon_quality=0.0537059
volume_quality=0.0424741
