epsilon_quality=0.101669
volume_quality=0.027067
