epsilon_quality=0.0614118
volume_quality=0.0207888
