epsilon_quality=0.134626
volume_quality=0.290956
