epsilon_quality=0.0852569
volume_quality=0.156815
