epsilon_quality=0.0906203
volume_quality=0.0921961
