epsilon_quality=0.199723
volume_quality=0.921279
