epsilon_quality=0.130226
volume_quality=0.109708
