epsilon_quality=0.139768
volume_quality=0.132321
