epsilon_quality=0.10407
volume_quality=0.169279
