epsilon_quality=0.187502
volume_quality=0.180022
