epsilon_quality=0.0564551
volume_quality=0.051953
