epsilon_quality=0.11472
volume_quality=0.19399
