epsilon_quality=0.0698965
volume_quality=0.0309114
