epsilon_quality=0.0467494
volume_quality=0.00964216
