epsilon_quality=0.105405
volume_quality=0.120702
