epsilon_quality=0.00631435
volume_quality=0.029946
