epsilon_quality=0.0931641
volume_quality=0.0881543
