epsilon_quality=0.164045
volume_quality=0.265982
