epsilon_quality=0.121357
volume_quality=0.224738
