epsilon_quality=0.119983
volume_quality=0.354653
