epsilon_quality=0.0244489
volume_quality=0.0343407
