epsilon_quality=0.0466123
volume_quality=0.00377119
