epsilon_quality=0.0364186
volume_quality=0.0643524
