epsilon_quality=0.0866637
volume_quality=0.0704139
