epsilon_quality=0.0702127
volume_quality=0.0267968
