epsilon_quality=0.0597811
volume_quality=0.0148236
