epsilon_quality=0.0106468
volume_quality=0.101193
