epsilon_quality=0.0669852
volume_quality=0.0277529
