epsilon_quality=0.0134034
volume_quality=0.0431165
