epsilon_quality=0.100931
volume_quality=0.107735
