epsilon_quality=0.0546051
volume_quality=0.0156932
