epsilon_quality=0.0305019
volume_quality=0.0972809
