epsilon_quality=0.284672
volume_quality=0.758124
