epsilon_quality=0.196052
volume_quality=0.311939
