epsilon_quality=0.0452866
volume_quality=0.0248123
