epsilon_quality=0.0919671
volume_quality=0.0871413
