epsilon_quality=0.0877374
volume_quality=0.0297345
