epsilon_quality=0.0831425
volume_quality=0.111764
