epsilon_quality=0.160259
volume_quality=0.393263
