epsilon_quality=0.0216733
volume_quality=0.00141575
