epsilon_quality=0.0446393
volume_quality=0.0955139
