epsilon_quality=0.101887
volume_quality=0.152507
