epsilon_quality=0.0897522
volume_quality=0.0741683
