epsilon_quality=0.116788
volume_quality=0.198899
