epsilon_quality=0.037208
volume_quality=0.236368
