epsilon_quality=0.0415666
volume_quality=0.0825273
