epsilon_quality=0.099844
volume_quality=0.0855226
