epsilon_quality=0.0278414
volume_quality=0.0815716
