epsilon_quality=0.0606168
volume_quality=0.0732993
