epsilon_quality=0.0994855
volume_quality=0.264237
