epsilon_quality=0.128237
volume_quality=0.469115
