epsilon_quality=0.0960719
volume_quality=0.310276
