epsilon_quality=0.0601858
volume_quality=0.294236
