epsilon_quality=0.117509
volume_quality=0.370784
