epsilon_quality=0.0700562
volume_quality=0.162275
