epsilon_quality=0.0208209
volume_quality=0.215015
