epsilon_quality=0.0722112
volume_quality=0.0283546
