epsilon_quality=0.0185362
volume_quality=0.0689065
