epsilon_quality=0.0430993
volume_quality=0.0338785
