epsilon_quality=0.0473379
volume_quality=0.099149
