epsilon_quality=0.0357173
volume_quality=0.102751
