epsilon_quality=0.116915
volume_quality=0.12456
