epsilon_quality=0.0263499
volume_quality=0.116807
