epsilon_quality=0.0437568
volume_quality=0.0892355
