epsilon_quality=0.000557547
volume_quality=0.0382871
