epsilon_quality=0.0244692
volume_quality=0.0148653
