epsilon_quality=0.0396192
volume_quality=0.00884588
