epsilon_quality=0.0723764
volume_quality=0.089114
