epsilon_quality=0.0322656
volume_quality=0.00982257
