epsilon_quality=0.132052
volume_quality=0.126104
