epsilon_quality=0.00681949
volume_quality=0.00684832
