epsilon_quality=0.0775965
volume_quality=0.0435064
