epsilon_quality=0.125363
volume_quality=0.0850423
