epsilon_quality=0.0377281
volume_quality=0.0212677
