epsilon_quality=0.0182332
volume_quality=0.204809
