epsilon_quality=0.0797883
volume_quality=0.0604167
