epsilon_quality=0.0223834
volume_quality=0.00103125
