epsilon_quality=0.0837521
volume_quality=0.034456
