epsilon_quality=0.0162464
volume_quality=0.0523926
