epsilon_quality=0.0668497
volume_quality=0.0297533
