epsilon_quality=0.191438
volume_quality=0.176944
