epsilon_quality=0.14501
volume_quality=0.399654
