epsilon_quality=0.211634
volume_quality=0.50485
