epsilon_quality=0.0613814
volume_quality=0.0913591
