epsilon_quality=0.00849169
volume_quality=0.0485622
