epsilon_quality=0.0773255
volume_quality=0.109892
