epsilon_quality=0.0378792
volume_quality=0.00579814
