epsilon_quality=0.00523561
volume_quality=0.00258957
