epsilon_quality=0.130902
volume_quality=0.374089
