epsilon_quality=0.0216538
volume_quality=0.00382675
