epsilon_quality=0.0266989
volume_quality=0.00947016
