epsilon_quality=0.049137
volume_quality=0.0103295
