epsilon_quality=0.152039
volume_quality=0.0969307
