epsilon_quality=0.0152144
volume_quality=0.0433119
