epsilon_quality=0.0599839
volume_quality=0.101519
