epsilon_quality=0.118007
volume_quality=0.457453
