epsilon_quality=0.0304261
volume_quality=0.0117325
