epsilon_quality=0.0664714
volume_quality=0.0585634
