epsilon_quality=0.0632467
volume_quality=0.0465446
