epsilon_quality=0.125772
volume_quality=0.0896576
