epsilon_quality=0.105858
volume_quality=0.187947
