epsilon_quality=0.0113027
volume_quality=0.0276129
