epsilon_quality=0.0546201
volume_quality=0.0593652
