epsilon_quality=0.0802942
volume_quality=0.052253
