epsilon_quality=0.139993
volume_quality=0.223773
