epsilon_quality=0.18869
volume_quality=0.245625
