epsilon_quality=0.0505591
volume_quality=0.0305339
