epsilon_quality=0.178232
volume_quality=0.321128
