epsilon_quality=0.0907238
volume_quality=0.122002
