epsilon_quality=0.13026
volume_quality=0.798646
