epsilon_quality=0.097135
volume_quality=0.214145
