epsilon_quality=0.0350796
volume_quality=0.073111
