epsilon_quality=0.0437904
volume_quality=0.0729358
