epsilon_quality=0.0780121
volume_quality=0.223291
