epsilon_quality=0.0783746
volume_quality=0.0483756
