epsilon_quality=0.192401
volume_quality=0.270154
