epsilon_quality=0.164821
volume_quality=0.555819
