epsilon_quality=0.0238843
volume_quality=0.0460576
