epsilon_quality=0.00406857
volume_quality=0.0178209
