epsilon_quality=0.216481
volume_quality=0.35589
