epsilon_quality=0.0820543
volume_quality=0.0805971
