epsilon_quality=0.00690297
volume_quality=0.0340151
