epsilon_quality=0.189896
volume_quality=0.310398
