epsilon_quality=0.159896
volume_quality=0.181455
