epsilon_quality=0.0952721
volume_quality=0.265496
