epsilon_quality=0.0113534
volume_quality=0.00470248
