epsilon_quality=0.163952
volume_quality=0.496768
