epsilon_quality=0.0756346
volume_quality=0.0218684
