epsilon_quality=0.0590438
volume_quality=0.0523188
