epsilon_quality=0.140142
volume_quality=0.460774
