epsilon_quality=0.0820818
volume_quality=0.224091
