epsilon_quality=0.178532
volume_quality=0.647536
