epsilon_quality=0.0153544
volume_quality=0.199632
