epsilon_quality=0.23628
volume_quality=0.81354
