epsilon_quality=0.160387
volume_quality=0.913671
