epsilon_quality=0.148337
volume_quality=0.086349
