epsilon_quality=0.0762826
volume_quality=0.0563433
