epsilon_quality=0.153785
volume_quality=0.118224
