epsilon_quality=0.0549649
volume_quality=0.436313
