epsilon_quality=0.149562
volume_quality=0.183157
