epsilon_quality=0.098547
volume_quality=0.0449438
