epsilon_quality=0.0920347
volume_quality=0.038818
