epsilon_quality=0.0611502
volume_quality=0.041623
