epsilon_quality=0.179951
volume_quality=0.892664
