epsilon_quality=0.13777
volume_quality=0.172511
