epsilon_quality=0.0843521
volume_quality=0.202588
