epsilon_quality=0.0897671
volume_quality=0.136305
