epsilon_quality=0.0241623
volume_quality=0.0844428
