epsilon_quality=0.0511702
volume_quality=0.032221
