epsilon_quality=0.0314685
volume_quality=0.129424
