epsilon_quality=0.159736
volume_quality=0.231501
