epsilon_quality=0.0995274
volume_quality=0.298219
