epsilon_quality=0.222208
volume_quality=0.376718
