epsilon_quality=0.0673534
volume_quality=0.0613811
