epsilon_quality=0.0369221
volume_quality=0.148647
