epsilon_quality=0.0506358
volume_quality=0.165274
