epsilon_quality=0.0686303
volume_quality=0.187407
