epsilon_quality=0.0449229
volume_quality=0.0142233
