epsilon_quality=0.0505609
volume_quality=0.00745017
