epsilon_quality=0.0691226
volume_quality=0.0135973
