epsilon_quality=0.0700683
volume_quality=0.0646343
