epsilon_quality=0.0585206
volume_quality=0.0211877
