epsilon_quality=0.0396232
volume_quality=0.0248154
