epsilon_quality=0.0818356
volume_quality=0.0372374
