epsilon_quality=0.0531249
volume_quality=0.0513661
