epsilon_quality=0.159743
volume_quality=0.131325
