epsilon_quality=0.00441024
volume_quality=0.121062
