epsilon_quality=0.0285094
volume_quality=0.0395246
