epsilon_quality=0.111593
volume_quality=0.0560155
