epsilon_quality=0.06869
volume_quality=0.0407904
