epsilon_quality=0.0968124
volume_quality=0.0331767
