epsilon_quality=0.00476215
volume_quality=0.0287189
