epsilon_quality=0.0540752
volume_quality=0.133633
