epsilon_quality=0.0516003
volume_quality=0.037926
