epsilon_quality=0.0689156
volume_quality=0.0331842
