epsilon_quality=0.00861759
volume_quality=0.00192787
