epsilon_quality=0.0225919
volume_quality=0.0357042
