epsilon_quality=0.170518
volume_quality=0.350058
