epsilon_quality=0.0846606
volume_quality=0.0432901
