epsilon_quality=0.0755468
volume_quality=0.00817634
