epsilon_quality=0.0259174
volume_quality=0.00118401
