epsilon_quality=0.0514548
volume_quality=0.00328581
