epsilon_quality=0.020958
volume_quality=0.00300488
