epsilon_quality=0.0645019
volume_quality=0.015974
