epsilon_quality=0.0486796
volume_quality=0.00949617
