epsilon_quality=0.08586
volume_quality=0.191387
