epsilon_quality=0.0111302
volume_quality=0.00530975
