epsilon_quality=0.0343705
volume_quality=0.00593369
