epsilon_quality=0.0249917
volume_quality=0.00135609
