epsilon_quality=0.0921905
volume_quality=0.0975221
