epsilon_quality=0.142292
volume_quality=0.255935
