epsilon_quality=0.0844993
volume_quality=0.101958
