epsilon_quality=0.102409
volume_quality=0.280376
