epsilon_quality=0.161159
volume_quality=0.466302
