epsilon_quality=0.204633
volume_quality=0.487274
