epsilon_quality=0.0501919
volume_quality=0.0350537
