epsilon_quality=0.0321191
volume_quality=0.00303138
