epsilon_quality=2.08167e-17
volume_quality=0.014207
