epsilon_quality=0.0553572
volume_quality=0.0298387
