epsilon_quality=0.048875
volume_quality=0.0222028
