epsilon_quality=0.0504016
volume_quality=0.0730393
