epsilon_quality=0.0296887
volume_quality=0.0801898
