epsilon_quality=0.00841386
volume_quality=0.0175594
