epsilon_quality=0.308642
volume_quality=2.15011
