epsilon_quality=0.0562471
volume_quality=0.00973278
