epsilon_quality=0.038718
volume_quality=0.0299715
