epsilon_quality=0.0600347
volume_quality=0.0840747
