epsilon_quality=0.185141
volume_quality=0.230822
