epsilon_quality=0.232006
volume_quality=0.27838
