epsilon_quality=0.022389
volume_quality=0.00961993
