epsilon_quality=0.00745057
volume_quality=0.0384567
