epsilon_quality=0.0719414
volume_quality=0.25171
