gpsEpsilon=131.687
gpsVolume=138.807
mQualEpsilon=0.0136035
mQualVolume=0.00179062
new_planned_energy=33.3543
