gpsEpsilon=131.687
gpsVolume=143.697
mQualEpsilon=0.0333458
mQualVolume=0.0220815
new_planned_energy=38.0845
