gpsEpsilon=233.248
gpsVolume=105.528
mQualEpsilon=0.0734887
mQualVolume=0.0100707
new_planned_energy=30.4412
