gpsEpsilon=131.687
gpsVolume=147.871
mQualEpsilon=0.0243969
mQualVolume=0.000894256
new_planned_energy=20.8202
