gpsEpsilon=131.982
gpsVolume=149.809
mQualEpsilon=0.0326293
mQualVolume=0.00603946
new_planned_energy=20.0131
