gpsEpsilon=131.982
gpsVolume=133.111
mQualEpsilon=0.0185878
mQualVolume=0.00390212
new_planned_energy=81.2039
