epsilon_quality=0.0361382
volume_quality=0.0290434
