epsilon_quality=0.0598221
volume_quality=0.0835096
