epsilon_quality=0.096398
volume_quality=0.145822
