epsilon_quality=0.0540931
volume_quality=0.0759415
