epsilon_quality=0.033293
volume_quality=0.00513582
