gpsEpsilon=53.1647
gpsVolume=131.223
mQualEpsilon=0.0969463
mQualVolume=0.0171357
new_planned_energy=20.453
