gpsEpsilon=76.4527
gpsVolume=92.3069
mQualEpsilon=0.0347985
mQualVolume=0.00251521
new_planned_energy=42.7976
