gpsEpsilon=68.7735
gpsVolume=122.647
mQualEpsilon=0.00955038
mQualVolume=0.0142635
new_planned_energy=32.9721
