gpsEpsilon=54.3568
gpsVolume=128.776
mQualEpsilon=0.106134
mQualVolume=0.0136082
new_planned_energy=70.4101
