gpsEpsilon=52.9151
gpsVolume=117.53
mQualEpsilon=0.108168
mQualVolume=0.0125141
new_planned_energy=59.2693
