gpsEpsilon=47.2145
gpsVolume=157.82
mQualEpsilon=0.0854432
mQualVolume=0.0192874
new_planned_energy=40.7072
