gpsEpsilon=81.2269
gpsVolume=93.8799
mQualEpsilon=0.0614663
mQualVolume=0.00688065
new_planned_energy=46.8179
