gpsEpsilon=75.5086
gpsVolume=90.1583
mQualEpsilon=0.0188234
mQualVolume=0.00905316
new_planned_energy=27.8149
