gpsEpsilon=69.2503
gpsVolume=100.085
mQualEpsilon=0.0623463
mQualVolume=0.009329
new_planned_energy=44.1574
