gpsEpsilon=94.3798
gpsVolume=100.851
mQualEpsilon=0.0790384
mQualVolume=0.0152234
new_planned_energy=64.9281
