epsilon_quality=0.0774767
volume_quality=0.30585
