epsilon_quality=0.0756755
volume_quality=0.121921
