epsilon_quality=0.0850787
volume_quality=0.0352087
