epsilon_quality=0.0153055
volume_quality=0.00107054
