epsilon_quality=0.0824252
volume_quality=0.0736284
