epsilon_quality=0.0490347
volume_quality=0.0268143
