epsilon_quality=0.172897
volume_quality=0.373038
