epsilon_quality=0.0797107
volume_quality=0.0616535
