epsilon_quality=0.0770139
volume_quality=0.0269665
