epsilon_quality=0.035807
volume_quality=0.0809592
