gpsEpsilon=111.193
gpsVolume=101.073
mQualEpsilon=0.0147724
mQualVolume=0.021712
new_planned_energy=28.9759
