gpsEpsilon=119.259
gpsVolume=120.893
mQualEpsilon=0.0206742
mQualVolume=0.00710417
new_planned_energy=28.1125
