gpsEpsilon=79.0214
gpsVolume=100.629
mQualEpsilon=0.97777
mQualVolume=36.2465
new_planned_energy=-0.97777
