gpsEpsilon=79.0214
gpsVolume=100.629
mQualEpsilon=0.874649
mQualVolume=31.9571
new_planned_energy=-0.874649
