gpsEpsilon=79.0214
gpsVolume=100.629
mQualEpsilon=0.823002
mQualVolume=30.378
new_planned_energy=-0.823002
