gpsEpsilon=79.0214
gpsVolume=100.629
mQualEpsilon=0.996822
mQualVolume=36.8739
new_planned_energy=-0.996822
