gpsEpsilon=79.0214
gpsVolume=100.629
mQualEpsilon=0.343978
mQualVolume=20.5287
new_planned_energy=-0.343978
