gpsEpsilon=79.0214
gpsVolume=100.629
mQualEpsilon=0.920507
mQualVolume=44.2621
new_planned_energy=-0.920507
