gpsEpsilon=117.651
gpsVolume=96.7644
mQualEpsilon=0.034074
mQualVolume=0.00100355
new_planned_energy=127.465
