gpsEpsilon=111.193
gpsVolume=101.732
mQualEpsilon=0.0316572
mQualVolume=0.00722361
new_planned_energy=23.3245
