epsilon_quality=0.165558
volume_quality=0.724204
