epsilon_quality=0.13461
volume_quality=1.21917
