epsilon_quality=0.303241
volume_quality=2.97271
