epsilon_quality=0.230249
volume_quality=0.850174
