epsilon_quality=0.0906852
volume_quality=0.293021
