epsilon_quality=0.0723635
volume_quality=0.0938615
