epsilon_quality=0.137408
volume_quality=0.161806
