epsilon_quality=0.021842
volume_quality=0.00176877
