epsilon_quality=0.0321512
volume_quality=0.0116873
