epsilon_quality=0.0370436
volume_quality=0.00305379
