epsilon_quality=0.0271901
volume_quality=0.0038037
