epsilon_quality=0.0381309
volume_quality=0.0309609
