epsilon_quality=0.0263162
volume_quality=0.018688
