epsilon_quality=0.0642341
volume_quality=0.0288898
