epsilon_quality=0.0483849
volume_quality=0.0242706
