epsilon_quality=0.186092
volume_quality=0.284459
