epsilon_quality=0.041484
volume_quality=0.0133819
