epsilon_quality=0.118785
volume_quality=0.364279
