epsilon_quality=0.147761
volume_quality=0.446185
