epsilon_quality=0.0950104
volume_quality=0.216833
