epsilon_quality=0.208785
volume_quality=0.213749
