epsilon_quality=0.216947
volume_quality=0.250151
