epsilon_quality=0.138176
volume_quality=0.337477
