epsilon_quality=0.301556
volume_quality=0.574818
