epsilon_quality=0.0423566
volume_quality=0.0304015
