epsilon_quality=0.0740777
volume_quality=0.0232728
