epsilon_quality=0.00888426
volume_quality=0.0167152
