epsilon_quality=0.020665
volume_quality=0.0330235
