epsilon_quality=0.0720684
volume_quality=0.0222475
