epsilon_quality=0.0271196
volume_quality=0.025907
