epsilon_quality=0.15609
volume_quality=0.158275
