epsilon_quality=0.0772342
volume_quality=0.0152985
