epsilon_quality=0.0311047
volume_quality=0.0303345
