epsilon_quality=0.0460888
volume_quality=0.0667435
