gpsEpsilon=21.669
gpsVolume=80.8416
mQualEpsilon=1.41354
mQualVolume=53.8138
new_planned_energy=-1.41354
