gpsEpsilon=21.669
gpsVolume=80.8416
mQualEpsilon=1.37612
mQualVolume=53.6107
new_planned_energy=-1.37612
