gpsEpsilon=21.669
gpsVolume=80.8416
mQualEpsilon=1.45322
mQualVolume=53.735
new_planned_energy=-1.45322
