gpsEpsilon=21.669
gpsVolume=80.8416
mQualEpsilon=1.35847
mQualVolume=53.1856
new_planned_energy=-1.35847
