gpsEpsilon=21.669
gpsVolume=80.8416
mQualEpsilon=1.46471
mQualVolume=53.9413
new_planned_energy=-1.46471
