gpsEpsilon=22.386
gpsVolume=77.3501
mQualEpsilon=0.00991235
mQualVolume=0.0213306
new_planned_energy=104.552
