gpsEpsilon=21.4252
gpsVolume=91.7057
mQualEpsilon=0.0911073
mQualVolume=0.0344156
new_planned_energy=76.6804
