gpsEpsilon=16.5038
gpsVolume=118.134
mQualEpsilon=0.0845461
mQualVolume=0.0232034
new_planned_energy=91.0552
