gpsEpsilon=22.0423
gpsVolume=78.0618
mQualEpsilon=0.0501063
mQualVolume=0.0138603
new_planned_energy=104.61
