gpsEpsilon=144.574
gpsVolume=20.3952
mQualEpsilon=1.81555
mQualVolume=57.7112
new_planned_energy=-1.81555
