gpsEpsilon=144.574
gpsVolume=20.3952
mQualEpsilon=1.78714
mQualVolume=57.3823
new_planned_energy=-1.78714
