gpsEpsilon=144.574
gpsVolume=20.3952
mQualEpsilon=1.78568
mQualVolume=58.2106
new_planned_energy=-1.78568
