gpsEpsilon=144.574
gpsVolume=20.3952
mQualEpsilon=0.0591073
mQualVolume=0.01066
new_planned_energy=11.1126
