gpsEpsilon=144.535
gpsVolume=21.1387
mQualEpsilon=0.0836637
mQualVolume=0.0181839
new_planned_energy=43.6203
