gpsEpsilon=38.8752
gpsVolume=102.568
mQualEpsilon=1.67768
mQualVolume=42.2049
new_planned_energy=-1.67768
