gpsEpsilon=38.8752
gpsVolume=102.568
mQualEpsilon=1.80247
mQualVolume=45.1049
new_planned_energy=-1.80247
