epsilon_quality=0.267574
volume_quality=1.30297
