epsilon_quality=0.142166
volume_quality=1.04783
