epsilon_quality=0.0681054
volume_quality=0.0536038
