epsilon_quality=0.141103
volume_quality=0.334364
