epsilon_quality=0.0590367
volume_quality=0.0250953
