epsilon_quality=0.113444
volume_quality=0.229756
