epsilon_quality=0.166128
volume_quality=0.305225
