epsilon_quality=0.0341917
volume_quality=0.00239553
