epsilon_quality=0.04685
volume_quality=0.00537714
