epsilon_quality=0.0386719
volume_quality=0.0530491
