epsilon_quality=0.126405
volume_quality=0.169509
