epsilon_quality=0.0305803
volume_quality=0.00666355
