epsilon_quality=0.00552205
volume_quality=0.0208811
