epsilon_quality=0.0656415
volume_quality=0.048756
