epsilon_quality=0.0347098
volume_quality=0.0110865
