epsilon_quality=0.0765198
volume_quality=0.0253078
