epsilon_quality=0.238779
volume_quality=1.51054
