epsilon_quality=0.190303
volume_quality=0.782913
