epsilon_quality=0.0233762
volume_quality=0.047087
