epsilon_quality=0.114489
volume_quality=0.101483
