epsilon_quality=0.023962
volume_quality=0.032229
