epsilon_quality=0.0902576
volume_quality=0.0725091
