epsilon_quality=0.0239478
volume_quality=0.247706
