epsilon_quality=0.104443
volume_quality=0.0846542
