epsilon_quality=0.192038
volume_quality=0.283495
