epsilon_quality=0.0701554
volume_quality=0.158828
