epsilon_quality=0.127831
volume_quality=0.174737
