epsilon_quality=0.147932
volume_quality=0.144694
