epsilon_quality=0.127581
volume_quality=0.0915858
