epsilon_quality=0.149993
volume_quality=0.318977
