epsilon_quality=0.0267506
volume_quality=0.00255538
