epsilon_quality=0.181317
volume_quality=0.902928
