epsilon_quality=0.330538
volume_quality=1.20846
