epsilon_quality=0.283082
volume_quality=0.541687
