epsilon_quality=0.0176432
volume_quality=0.017356
