epsilon_quality=0.0893749
volume_quality=0.0482041
