epsilon_quality=0.121474
volume_quality=0.147996
