epsilon_quality=0.0319822
volume_quality=0.0523505
