epsilon_quality=0.214594
volume_quality=1.03896
