epsilon_quality=0.263095
volume_quality=0.832093
