epsilon_quality=0.0944225
volume_quality=0.472497
