epsilon_quality=0.0480611
volume_quality=0.440667
