epsilon_quality=0.192722
volume_quality=0.61577
