epsilon_quality=0.0392887
volume_quality=0.118698
