epsilon_quality=0.0149222
volume_quality=0.0632937
