epsilon_quality=0.0563133
volume_quality=0.048054
