epsilon_quality=0.0955199
volume_quality=0.14235
