epsilon_quality=0.143719
volume_quality=0.218067
