epsilon_quality=0.0939397
volume_quality=0.0889883
