epsilon_quality=0.100892
volume_quality=0.068604
