epsilon_quality=0.0965336
volume_quality=0.0788027
