epsilon_quality=0.157841
volume_quality=0.263076
