epsilon_quality=0.0674873
volume_quality=0.0799046
