gpsEpsilon=82.7928
gpsVolume=20.0366
mQualEpsilon=0.0290235
mQualVolume=0.00283086
new_planned_energy=53.2567
