gpsEpsilon=93.6221
gpsVolume=19.0518
mQualEpsilon=0.0185661
mQualVolume=0.00229954
new_planned_energy=73.2929
