gpsEpsilon=98.7184
gpsVolume=32.3202
mQualEpsilon=0.00989341
mQualVolume=0.00162294
new_planned_energy=80.1798
