gpsEpsilon=99.1431
gpsVolume=19.3861
mQualEpsilon=0.0335893
mQualVolume=0.00694121
new_planned_energy=9.62074
