gpsEpsilon=99.1431
gpsVolume=19.3861
mQualEpsilon=1.83261
mQualVolume=58.5322
new_planned_energy=-1.83261
