gpsEpsilon=90.437
gpsVolume=23.9683
mQualEpsilon=0.0206126
mQualVolume=0.00323309
new_planned_energy=81.1851
