gpsEpsilon=80.8817
gpsVolume=15.0523
mQualEpsilon=0.0166851
mQualVolume=0.0045468
new_planned_energy=44.7886
