gpsEpsilon=80.8817
gpsVolume=23.5821
mQualEpsilon=0.0357651
mQualVolume=0.00306423
new_planned_energy=66.4138
