epsilon_quality=0.215408
volume_quality=0.446898
