epsilon_quality=0.0161369
volume_quality=0.0038126
