epsilon_quality=0.0768497
volume_quality=0.0308762
