epsilon_quality=0.0808533
volume_quality=0.125262
