epsilon_quality=0.0622191
volume_quality=0.350567
