epsilon_quality=0.101191
volume_quality=0.112747
