epsilon_quality=0.0207747
volume_quality=0.0318442
