epsilon_quality=0.034376
volume_quality=0.32915
