epsilon_quality=0.0503865
volume_quality=0.0260472
