epsilon_quality=0.145541
volume_quality=0.345848
