gpsEpsilon=123.033
gpsVolume=43.2217
mQualEpsilon=1.36604
mQualVolume=53.5669
new_planned_energy=-1.36604
