gpsEpsilon=123.033
gpsVolume=43.2217
mQualEpsilon=1.38794
mQualVolume=54.2804
new_planned_energy=-1.38794
