gpsEpsilon=112.765
gpsVolume=28.2865
mQualEpsilon=0.0102557
mQualVolume=0.00559685
new_planned_energy=36.9874
