gpsEpsilon=112.765
gpsVolume=28.2865
mQualEpsilon=1.55999
mQualVolume=53.7151
new_planned_energy=-1.55999
