gpsEpsilon=112.765
gpsVolume=28.2865
mQualEpsilon=1.60779
mQualVolume=53.4124
new_planned_energy=-1.60779
