gpsEpsilon=112.765
gpsVolume=28.2865
mQualEpsilon=1.62102
mQualVolume=53.4704
new_planned_energy=-1.62102
