gpsEpsilon=112.765
gpsVolume=28.2865
mQualEpsilon=1.65669
mQualVolume=53.7865
new_planned_energy=-1.65669
