gpsEpsilon=1.06107e-315
gpsVolume=0
mQualEpsilon=1.37902
mQualVolume=43.898
new_planned_energy=-1.37902
