gpsEpsilon=1.06107e-315
gpsVolume=0
mQualEpsilon=1.38252
mQualVolume=44.7301
new_planned_energy=-1.38252
