gpsEpsilon=1.54325e-315
gpsVolume=0
mQualEpsilon=-1
mQualVolume=0.00485059
new_planned_energy=19.8147
