gpsEpsilon=1.56816e-315
gpsVolume=0
mQualEpsilon=0.0602284
mQualVolume=0.00621552
new_planned_energy=44.8318
