gpsEpsilon=1.21356e-315
gpsVolume=6.95335e-310
mQualEpsilon=-1
mQualVolume=0.00108056
new_planned_energy=99.5261
