gpsEpsilon=3.77715e-312
gpsVolume=-nan
mQualEpsilon=-1
mQualVolume=0.00108056
new_planned_energy=100.432
