gpsEpsilon=130.034
gpsVolume=83.5939
mQualEpsilon=1.35866
mQualVolume=55.7087
new_planned_energy=-1.35866
