gpsEpsilon=130.034
gpsVolume=83.5939
mQualEpsilon=1.34729
mQualVolume=55.3694
new_planned_energy=-1.34729
