gpsEpsilon=133.301
gpsVolume=41.3548
mQualEpsilon=0.00419904
mQualVolume=0.00889085
new_planned_energy=14.5202
