gpsEpsilon=131.667
gpsVolume=60.2574
mQualEpsilon=0.0153842
mQualVolume=0.0244824
new_planned_energy=87.0276
