gpsEpsilon=121.399
gpsVolume=46.2554
mQualEpsilon=0.0734076
mQualVolume=0.00739634
new_planned_energy=21.4075
