gpsEpsilon=122.566
gpsVolume=39.4879
mQualEpsilon=1.66873
mQualVolume=49.172
new_planned_energy=-1.66873
