gpsEpsilon=122.566
gpsVolume=39.4879
mQualEpsilon=1.72048
mQualVolume=50.0388
new_planned_energy=-1.72048
