gpsEpsilon=122.566
gpsVolume=39.4879
mQualEpsilon=1.63871
mQualVolume=48.99
new_planned_energy=-1.63871
