gpsEpsilon=122.333
gpsVolume=39.9547
mQualEpsilon=1.26945
mQualVolume=41.284
new_planned_energy=-1.26945
