epsilon_quality=0.0677573
volume_quality=0.218813
