epsilon_quality=0.0871234
volume_quality=0.0349807
