epsilon_quality=0.0929375
volume_quality=0.233363
