epsilon_quality=0.127793
volume_quality=0.0867061
