epsilon_quality=0.0737371
volume_quality=0.127783
