epsilon_quality=0.0069596
volume_quality=0.00232664
