epsilon_quality=0.0927282
volume_quality=0.0556607
