epsilon_quality=0.0693836
volume_quality=0.126036
