epsilon_quality=0.0808202
volume_quality=0.0347493
