epsilon_quality=0.0382383
volume_quality=0.052004
