epsilon_quality=0.22892
volume_quality=0.418776
