epsilon_quality=0.0969124
volume_quality=0.371979
