epsilon_quality=0.0419191
volume_quality=0.0342684
