epsilon_quality=0.104167
volume_quality=0.365953
