epsilon_quality=0.0331879
volume_quality=0.130747
