gpsEpsilon=20.2886
gpsVolume=71.9313
mQualEpsilon=0.0380843
mQualVolume=0.0118108
new_planned_energy=79.6851
