gpsEpsilon=20.9488
gpsVolume=55.5633
mQualEpsilon=0.00944666
mQualVolume=0.00191814
new_planned_energy=49.7299
