gpsEpsilon=20.9499
gpsVolume=71.914
mQualEpsilon=0.00772172
mQualVolume=0.00237759
new_planned_energy=56.8498
