gpsEpsilon=28.0904
gpsVolume=52.1691
mQualEpsilon=0.00198913
mQualVolume=0.0048205
new_planned_energy=54.899
