gpsEpsilon=25.0735
gpsVolume=61.5655
mQualEpsilon=0.0249717
mQualVolume=0.00633093
new_planned_energy=82.7974
