gpsEpsilon=17.868
gpsVolume=72.4708
mQualEpsilon=0.0171383
mQualVolume=0.00354113
new_planned_energy=81.7946
