gpsEpsilon=1.18576e-321
gpsVolume=3.16202e-322
mQualEpsilon=-1
mQualVolume=0.000929589
new_planned_energy=66.9255
