gpsEpsilon=2.133e-316
gpsVolume=0
mQualEpsilon=0.0583297
mQualVolume=0.007504
new_planned_energy=59.9446
