gpsEpsilon=1.18576e-321
gpsVolume=3.16202e-322
mQualEpsilon=0.0506688
mQualVolume=0.010528
new_planned_energy=42.0931
