gpsEpsilon=21.2381
gpsVolume=34.7091
mQualEpsilon=0.0271069
mQualVolume=0.00420777
new_planned_energy=42.3864
