gpsEpsilon=31.1993
gpsVolume=69.7189
mQualEpsilon=0.000733835
mQualVolume=0.00942107
new_planned_energy=61.7535
