gpsEpsilon=9.99104
gpsVolume=108.653
mQualEpsilon=0.00102154
mQualVolume=0.0112141
new_planned_energy=20.2279
