gpsEpsilon=32.4914
gpsVolume=61.501
mQualEpsilon=0.00776811
mQualVolume=0.00174839
new_planned_energy=46.8557
