gpsEpsilon=10.0879
gpsVolume=45.2679
mQualEpsilon=0.00462831
mQualVolume=0.00273088
new_planned_energy=62.0687
