gpsEpsilon=21.773
gpsVolume=2.42092e-322
mQualEpsilon=0.0248142
mQualVolume=0.00923635
new_planned_energy=22.5588
