gpsEpsilon=1.18576e-321
gpsVolume=3.16202e-322
mQualEpsilon=0.0276885
mQualVolume=0.0170574
new_planned_energy=48.8646
