gpsEpsilon=8.31602e-316
gpsVolume=0
mQualEpsilon=0.0330551
mQualVolume=0.0108653
new_planned_energy=35.164
