gpsEpsilon=1.18348e-315
gpsVolume=0
mQualEpsilon=-1
mQualVolume=0.00840974
new_planned_energy=52.8778
