gpsEpsilon=1.18576e-321
gpsVolume=3.95253e-322
mQualEpsilon=0.0517653
mQualVolume=0.0028993
new_planned_energy=49.1899
