epsilon_quality=0.0978435
volume_quality=0.0539263
