epsilon_quality=0.0817432
volume_quality=0.0687006
