epsilon_quality=0.067725
volume_quality=0.0505815
