epsilon_quality=0.0995266
volume_quality=0.525551
