epsilon_quality=0.12371
volume_quality=0.22291
