epsilon_quality=0.188921
volume_quality=1.01676
