epsilon_quality=0.306445
volume_quality=3.21344
