epsilon_quality=0.0754974
volume_quality=0.301499
