epsilon_quality=0.0495192
volume_quality=0.0504454
