epsilon_quality=0.0716353
volume_quality=0.0565656
