epsilon_quality=0.0394166
volume_quality=0.150456
