epsilon_quality=0.0141963
volume_quality=0.0126533
