epsilon_quality=0.0461173
volume_quality=0.0796417
