gpsEpsilon=32.6476
gpsVolume=69.1579
mQualEpsilon=0.0251198
mQualVolume=0.00256289
new_planned_energy=91.7934
