gpsEpsilon=0
gpsVolume=2.42092e-322
mQualEpsilon=0.015901
mQualVolume=0.00278696
new_planned_energy=120.326
