gpsEpsilon=-0.169111
gpsVolume=0.512759
mQualEpsilon=0.0333648
mQualVolume=0.0161475
new_planned_energy=97.5121
