gpsEpsilon=20.633
gpsVolume=108.425
mQualEpsilon=0.0210546
mQualVolume=0.00856881
new_planned_energy=20.711
