gpsEpsilon=35.2605
gpsVolume=115.568
mQualEpsilon=0.0284587
mQualVolume=0.0080327
new_planned_energy=69.9549
