gpsEpsilon=9.09084
gpsVolume=160.07
mQualEpsilon=0.0337496
mQualVolume=0.00313975
new_planned_energy=66.2886
