gpsEpsilon=26.2044
gpsVolume=35.3845
mQualEpsilon=0.0201301
mQualVolume=0.00437764
new_planned_energy=34.2595
