gpsEpsilon=24.9059
gpsVolume=89.7156
mQualEpsilon=0.020207
mQualVolume=0.0060233
new_planned_energy=69.2801
