epsilon_quality=0.031892
volume_quality=0.150806
