epsilon_quality=0.0487383
volume_quality=0.0747155
