epsilon_quality=0.0204618
volume_quality=0.00721279
