epsilon_quality=0.0382716
volume_quality=0.0134944
