epsilon_quality=0.202909
volume_quality=0.409659
