epsilon_quality=0.132139
volume_quality=0.119758
