epsilon_quality=0.0947083
volume_quality=0.283747
