epsilon_quality=0.0926231
volume_quality=0.0891538
