epsilon_quality=0.087448
volume_quality=0.279237
