epsilon_quality=0.120581
volume_quality=0.0960395
