epsilon_quality=0.10125
volume_quality=0.0682451
