epsilon_quality=0.0168524
volume_quality=0.0967453
