epsilon_quality=0.0015145
volume_quality=0.0149117
