epsilon_quality=0.0640344
volume_quality=0.00941866
