epsilon_quality=0.0234258
volume_quality=0.0158579
