epsilon_quality=0.0534718
volume_quality=0.160816
