epsilon_quality=0.0290345
volume_quality=0.032442
