epsilon_quality=0.202557
volume_quality=0.890437
