epsilon_quality=0.15805
volume_quality=0.184783
