epsilon_quality=0.130824
volume_quality=0.179807
