epsilon_quality=0.0787729
volume_quality=0.0628261
