epsilon_quality=0.0265456
volume_quality=0.0169926
