epsilon_quality=0.0418852
volume_quality=0.0106462
