epsilon_quality=0.043781
volume_quality=0.011918
