epsilon_quality=0.0120098
volume_quality=0.00181516
