epsilon_quality=0.0576295
volume_quality=0.0831381
