epsilon_quality=0.0981386
volume_quality=0.0384133
