epsilon_quality=0.0567489
volume_quality=0.0190738
