epsilon_quality=0.0276714
volume_quality=0.0218819
