epsilon_quality=0.16366
volume_quality=0.262112
