epsilon_quality=0.128871
volume_quality=0.289336
