epsilon_quality=0.056285
volume_quality=0.0177238
