gpsEpsilon=232.436
gpsVolume=23.5655
mQualEpsilon=0.0356164
mQualVolume=0.00672447
new_planned_energy=39.0098
