gpsEpsilon=236.276
gpsVolume=22.7883
mQualEpsilon=0.11064
mQualVolume=0.0192546
new_planned_energy=56.7622
