gpsEpsilon=238.585
gpsVolume=23.0299
mQualEpsilon=0.0283851
mQualVolume=0.00550484
new_planned_energy=47.6342
