gpsEpsilon=238.542
gpsVolume=15.9802
mQualEpsilon=0.0390301
mQualVolume=0.00226913
new_planned_energy=40.0842
