gpsEpsilon=237.913
gpsVolume=16.3451
mQualEpsilon=0.0574263
mQualVolume=0.00345057
new_planned_energy=46.9177
