gpsEpsilon=227.299
gpsVolume=92.7204
mQualEpsilon=0.0783024
mQualVolume=0.00883786
new_planned_energy=30.6017
