gpsEpsilon=233.313
gpsVolume=17.7208
mQualEpsilon=0.0032283
mQualVolume=0.0060331
new_planned_energy=27.0258
