gpsEpsilon=220.508
gpsVolume=15.6458
mQualEpsilon=0.0245822
mQualVolume=0.0157887
new_planned_energy=47.1696
