gpsEpsilon=230.821
gpsVolume=18.0425
mQualEpsilon=0.0192994
mQualVolume=0.00732251
new_planned_energy=48.3394
