gpsEpsilon=237.731
gpsVolume=22.729
mQualEpsilon=0.000983638
mQualVolume=0.00578542
new_planned_energy=58.3122
