epsilon_quality=0.0299105
volume_quality=0.0163782
