epsilon_quality=0.30774
volume_quality=1.11963
