epsilon_quality=0.024691
volume_quality=0.0610327
