epsilon_quality=0.204116
volume_quality=1.05968
