epsilon_quality=0.0214193
volume_quality=0.00100258
