epsilon_quality=0.0513623
volume_quality=0.040864
