epsilon_quality=0.0559627
volume_quality=0.481942
