epsilon_quality=0.0717453
volume_quality=0.0553463
