epsilon_quality=0.0904157
volume_quality=0.0723185
