epsilon_quality=0.0570892
volume_quality=0.0255885
