epsilon_quality=0.0389298
volume_quality=0.00707579
