epsilon_quality=0.0931465
volume_quality=0.0326294
