epsilon_quality=0.087454
volume_quality=0.140252
