epsilon_quality=0.004194
volume_quality=0.0414531
