epsilon_quality=0.0942652
volume_quality=0.0445247
