epsilon_quality=0.102292
volume_quality=0.121594
