epsilon_quality=0.058792
volume_quality=0.0112933
