epsilon_quality=0.188782
volume_quality=0.588816
