epsilon_quality=0.241663
volume_quality=0.503749
