epsilon_quality=0.0296777
volume_quality=0.181751
