epsilon_quality=0.0542863
volume_quality=0.586113
