epsilon_quality=0.227727
volume_quality=0.554978
