epsilon_quality=0.0596136
volume_quality=0.0132044
