epsilon_quality=0.0642293
volume_quality=0.0446127
