epsilon_quality=0.111769
volume_quality=0.142128
