epsilon_quality=0.00693274
volume_quality=0.0165932
