epsilon_quality=0.24618
volume_quality=1.52773
