epsilon_quality=0.202802
volume_quality=0.914943
