epsilon_quality=0.0957453
volume_quality=0.163024
