epsilon_quality=0.14274
volume_quality=0.245486
