epsilon_quality=0.0785618
volume_quality=0.0168698
