epsilon_quality=0.0410378
volume_quality=0.023093
