epsilon_quality=0.0478346
volume_quality=0.149034
