epsilon_quality=0.0183746
volume_quality=0.0370365
