epsilon_quality=0.161023
volume_quality=0.373752
