epsilon_quality=0.0936917
volume_quality=0.0903443
