epsilon_quality=0.000795812
volume_quality=0.035363
