epsilon_quality=0.0562991
volume_quality=0.0224229
