epsilon_quality=0.107436
volume_quality=0.282419
