epsilon_quality=0.0470397
volume_quality=0.0695034
