epsilon_quality=0.0406786
volume_quality=0.0510437
