epsilon_quality=0.049521
volume_quality=0.00607564
