epsilon_quality=0.0378422
volume_quality=0.0212693
