epsilon_quality=0.0263069
volume_quality=0.0514488
