epsilon_quality=0.0212533
volume_quality=0.0449101
