epsilon_quality=0.0679208
volume_quality=0.134797
