epsilon_quality=0.0529355
volume_quality=0.0288561
