epsilon_quality=0.0187455
volume_quality=0.0615789
