epsilon_quality=0.18386
volume_quality=0.317507
