epsilon_quality=0.0603038
volume_quality=0.0818393
