epsilon_quality=0.0996546
volume_quality=0.425326
