epsilon_quality=0.0336492
volume_quality=0.0232125
