gpsEpsilon=2.37152e-322
gpsVolume=3.16202e-322
mQualEpsilon=0.00911928
mQualVolume=0.00211185
new_planned_energy=15.1502
