gpsEpsilon=2.37152e-322
gpsVolume=3.95253e-322
mQualEpsilon=0.0339933
mQualVolume=0.0113538
new_planned_energy=40.4421
