gpsEpsilon=1.19736e-315
gpsVolume=7.52361e-316
mQualEpsilon=1.60362
mQualVolume=51.6272
new_planned_energy=-1.60362
