gpsEpsilon=1.19736e-315
gpsVolume=7.52361e-316
mQualEpsilon=1.59588
mQualVolume=51.1148
new_planned_energy=-1.59588
