gpsEpsilon=1.19736e-315
gpsVolume=7.52361e-316
mQualEpsilon=1.54088
mQualVolume=50.4447
new_planned_energy=-1.54088
