gpsEpsilon=1.19736e-315
gpsVolume=7.52361e-316
mQualEpsilon=1.60291
mQualVolume=51.187
new_planned_energy=-1.60291
