gpsEpsilon=1.19736e-315
gpsVolume=7.52361e-316
mQualEpsilon=1.59821
mQualVolume=51.0551
new_planned_energy=11.37
