gpsEpsilon=8.9123e-316
gpsVolume=0
mQualEpsilon=1.76428
mQualVolume=49.2567
new_planned_energy=-1.76428
