gpsEpsilon=8.9123e-316
gpsVolume=0
mQualEpsilon=1.75586
mQualVolume=48.5608
new_planned_energy=-1.75586
