gpsEpsilon=8.9123e-316
gpsVolume=0
mQualEpsilon=1.74858
mQualVolume=49.0465
new_planned_energy=-1.74858
