gpsEpsilon=9.29859e-316
gpsVolume=0
mQualEpsilon=1.78193
mQualVolume=49.4367
new_planned_energy=-1.78193
