gpsEpsilon=9.29859e-316
gpsVolume=0
mQualEpsilon=1.81922
mQualVolume=51.8897
new_planned_energy=-1.81922
