gpsEpsilon=9.29859e-316
gpsVolume=0
mQualEpsilon=1.77674
mQualVolume=49.2338
new_planned_energy=-1.77674
