gpsEpsilon=9.29859e-316
gpsVolume=0
mQualEpsilon=1.82949
mQualVolume=51.7086
new_planned_energy=14.7236
