gpsEpsilon=1.19641e-315
gpsVolume=0
mQualEpsilon=1.63603
mQualVolume=57.7301
new_planned_energy=13.4392
