gpsEpsilon=1.19641e-315
gpsVolume=0
mQualEpsilon=1.62503
mQualVolume=57.5755
new_planned_energy=-1.62503
