gpsEpsilon=1.19641e-315
gpsVolume=0
mQualEpsilon=0.030716
mQualVolume=0.00658331
new_planned_energy=12.9277
