gpsEpsilon=1.19641e-315
gpsVolume=0
mQualEpsilon=1.59891
mQualVolume=57.3078
new_planned_energy=-1.59891
