gpsEpsilon=1.36318e-315
gpsVolume=0
mQualEpsilon=-1
mQualVolume=0.00728475
new_planned_energy=17.5586
