gpsEpsilon=1.36318e-315
gpsVolume=0
mQualEpsilon=1.71733
mQualVolume=56.7478
new_planned_energy=-1.71733
