gpsEpsilon=1.36318e-315
gpsVolume=0
mQualEpsilon=1.74434
mQualVolume=57.4772
new_planned_energy=-1.74434
