gpsEpsilon=1.36318e-315
gpsVolume=0
mQualEpsilon=1.72076
mQualVolume=56.3445
new_planned_energy=-1.72076
