gpsEpsilon=9.32834e-316
gpsVolume=0
mQualEpsilon=-1
mQualVolume=0.00601961
new_planned_energy=14.5387
