gpsEpsilon=1.3767e-315
gpsVolume=0
mQualEpsilon=1.65917
mQualVolume=51.075
new_planned_energy=-1.65917
