gpsEpsilon=1.3767e-315
gpsVolume=0
mQualEpsilon=1.66572
mQualVolume=51.29
new_planned_energy=-1.66572
