gpsEpsilon=1.3767e-315
gpsVolume=0
mQualEpsilon=1.67455
mQualVolume=51.5388
new_planned_energy=-1.67455
