gpsEpsilon=1.3767e-315
gpsVolume=0
mQualEpsilon=1.66933
mQualVolume=51.2618
new_planned_energy=-1.66933
