gpsEpsilon=5.54525e-316
gpsVolume=0
mQualEpsilon=-1
mQualVolume=0.000591356
new_planned_energy=87.1645
