gpsEpsilon=9.72998
gpsVolume=10.49
mQualEpsilon=1.77814
mQualVolume=51.0242
new_planned_energy=-1.77814
