epsilon_quality=0.031655
volume_quality=0.00884841
