epsilon_quality=0.075525
volume_quality=0.0801436
