epsilon_quality=0.151713
volume_quality=0.457746
