epsilon_quality=0.023075
volume_quality=0.367529
