epsilon_quality=0.226376
volume_quality=0.834188
