epsilon_quality=0.0367791
volume_quality=0.138187
