epsilon_quality=0.0965231
volume_quality=0.11162
