epsilon_quality=0.067432
volume_quality=0.0264431
