epsilon_quality=0.137688
volume_quality=0.204688
