epsilon_quality=0.120615
volume_quality=0.160666
