epsilon_quality=0.0205531
volume_quality=0.00156145
