epsilon_quality=0.0732031
volume_quality=0.0283839
