epsilon_quality=0.116961
volume_quality=0.144277
