epsilon_quality=0.0542412
volume_quality=0.166148
