epsilon_quality=0.0431224
volume_quality=0.0411975
