epsilon_quality=0.226011
volume_quality=0.363351
