epsilon_quality=0.092242
volume_quality=0.0414014
