epsilon_quality=0.0622426
volume_quality=0.110308
