epsilon_quality=0.097674
volume_quality=0.0850613
