epsilon_quality=0.0970258
volume_quality=0.056212
