epsilon_quality=0.170439
volume_quality=0.142663
