epsilon_quality=0.0859162
volume_quality=0.236201
