epsilon_quality=0.0897895
volume_quality=0.267307
