epsilon_quality=0.178586
volume_quality=0.463989
