epsilon_quality=0.0443887
volume_quality=0.050041
