epsilon_quality=0.289741
volume_quality=1.36263
