epsilon_quality=0.0388045
volume_quality=0.0697985
