epsilon_quality=0.132331
volume_quality=0.213015
