epsilon_quality=0.216412
volume_quality=0.841478
