epsilon_quality=0.0498375
volume_quality=0.07764
