gpsEpsilon=1.12622e-315
gpsVolume=0
mQualEpsilon=0.00988019
mQualVolume=0.0157281
new_planned_energy=72.1148
