gpsEpsilon=91.9638
gpsVolume=124.09
mQualEpsilon=0.0201955
mQualVolume=0.00549852
new_planned_energy=44.0463
