gpsEpsilon=91.5858
gpsVolume=198.392
mQualEpsilon=0.0644354
mQualVolume=0.00465535
new_planned_energy=58.6518
