gpsEpsilon=2.37152e-322
gpsVolume=3.16202e-322
mQualEpsilon=0.00182065
mQualVolume=0.00888112
new_planned_energy=81.8232
