gpsEpsilon=7.59908e-316
gpsVolume=0
mQualEpsilon=-1
mQualVolume=0.00807155
new_planned_energy=36.0142
