gpsEpsilon=67.7962
gpsVolume=83.2947
mQualEpsilon=0.0758341
mQualVolume=0.0106752
new_planned_energy=88.8806
