gpsEpsilon=79.8853
gpsVolume=73.9869
mQualEpsilon=0.0494113
mQualVolume=0.00888524
new_planned_energy=32.2179
