gpsEpsilon=80.2094
gpsVolume=127.354
mQualEpsilon=0.0219199
mQualVolume=0.00524386
new_planned_energy=25.2913
