gpsEpsilon=39.8722
gpsVolume=112.973
mQualEpsilon=0.0681944
mQualVolume=0.00691597
new_planned_energy=40.8199
