gpsEpsilon=1.27917e-315
gpsVolume=0
mQualEpsilon=0.010181
mQualVolume=0.000849887
new_planned_energy=43.6375
