gpsEpsilon=1.07634e-315
gpsVolume=0
mQualEpsilon=0.0140943
mQualVolume=0.00455629
new_planned_energy=45.1042
