gpsEpsilon=1.11978e-315
gpsVolume=0
mQualEpsilon=0.0779609
mQualVolume=0.00934794
new_planned_energy=40.808
