epsilon_quality=0.0526301
volume_quality=0.0154747
