epsilon_quality=0.158798
volume_quality=0.415399
