epsilon_quality=0.197387
volume_quality=0.426957
