epsilon_quality=0.0154087
volume_quality=0.0365344
