epsilon_quality=0.049409
volume_quality=0.0518163
