epsilon_quality=0.0810861
volume_quality=0.0799473
