epsilon_quality=0.0655739
volume_quality=0.411536
