epsilon_quality=0.175833
volume_quality=0.610416
