epsilon_quality=0.024578
volume_quality=0.00109823
