epsilon_quality=0.0317465
volume_quality=0.000974603
