epsilon_quality=0.0406496
volume_quality=0.00180001
