epsilon_quality=0.0202026
volume_quality=0.00206474
