epsilon_quality=0.016216
volume_quality=0.0036948
