epsilon_quality=0.0431889
volume_quality=0.0339908
