epsilon_quality=0.0746958
volume_quality=0.0371071
