epsilon_quality=0.0636916
volume_quality=0.0307722
