epsilon_quality=0.0953469
volume_quality=0.121909
