epsilon_quality=0.068964
volume_quality=0.0394101
