epsilon_quality=0.165809
volume_quality=0.207512
