epsilon_quality=0.00116968
volume_quality=0.0402359
