epsilon_quality=0.133381
volume_quality=0.397135
