epsilon_quality=0.0931609
volume_quality=0.21233
