epsilon_quality=0.22147
volume_quality=0.670328
