epsilon_quality=0.108882
volume_quality=0.114043
