epsilon_quality=0.177434
volume_quality=0.35109
