epsilon_quality=0.0604247
volume_quality=0.213141
