epsilon_quality=0.0223096
volume_quality=0.033292
