epsilon_quality=0.0381232
volume_quality=0.0541117
