epsilon_quality=0.016034
volume_quality=0.00869035
