epsilon_quality=0.205592
volume_quality=0.798438
