epsilon_quality=0.0710758
volume_quality=0.199756
