epsilon_quality=0.0741014
volume_quality=0.230152
