epsilon_quality=0.113414
volume_quality=0.111956
