epsilon_quality=0.165826
volume_quality=0.379485
