epsilon_quality=0.100122
volume_quality=0.835861
