epsilon_quality=0.060741
volume_quality=0.234373
