epsilon_quality=0.144865
volume_quality=0.499072
