epsilon_quality=0.142391
volume_quality=0.336872
