epsilon_quality=0.119809
volume_quality=0.205985
