gpsEpsilon=243.313
gpsVolume=30.514
mQualEpsilon=1.38792
mQualVolume=42.3646
new_planned_energy=-1.38792
