gpsEpsilon=243.313
gpsVolume=30.514
mQualEpsilon=0.0316059
mQualVolume=0.0116579
new_planned_energy=13.3734
