gpsEpsilon=243.313
gpsVolume=34.5336
mQualEpsilon=0.00888004
mQualVolume=0.0153808
new_planned_energy=38.1711
