gpsEpsilon=243.962
gpsVolume=48.9501
mQualEpsilon=1.90208
mQualVolume=56.1356
new_planned_energy=-1.90208
