gpsEpsilon=243.962
gpsVolume=48.9501
mQualEpsilon=1.84887
mQualVolume=58.4633
new_planned_energy=-1.84887
