gpsEpsilon=243.962
gpsVolume=48.9501
mQualEpsilon=1.70561
mQualVolume=51.3731
new_planned_energy=-1.70561
