gpsEpsilon=243.962
gpsVolume=32.1335
mQualEpsilon=0.0630933
mQualVolume=0.0240902
new_planned_energy=42.2456
