gpsEpsilon=244.612
gpsVolume=42.9463
mQualEpsilon=0.087761
mQualVolume=0.0463013
new_planned_energy=34.0637
