gpsEpsilon=247.65
gpsVolume=42.9463
mQualEpsilon=0.0489421
mQualVolume=0.0160764
new_planned_energy=11.1072
