gpsEpsilon=247.21
gpsVolume=40.164
mQualEpsilon=1.76132
mQualVolume=54.5025
new_planned_energy=-1.76132
