gpsEpsilon=247.21
gpsVolume=40.164
mQualEpsilon=1.83225
mQualVolume=57.5009
new_planned_energy=-1.83225
