gpsEpsilon=247.21
gpsVolume=40.164
mQualEpsilon=1.68539
mQualVolume=54.8402
new_planned_energy=-1.68539
