gpsEpsilon=247.21
gpsVolume=40.164
mQualEpsilon=1.79215
mQualVolume=54.2977
new_planned_energy=-1.79215
