gpsEpsilon=247.21
gpsVolume=40.164
mQualEpsilon=1.68993
mQualVolume=52.9812
new_planned_energy=-1.68993
