gpsEpsilon=247.65
gpsVolume=44.3499
mQualEpsilon=0.0551865
mQualVolume=0.0236158
new_planned_energy=38.1276
