gpsEpsilon=243.962
gpsVolume=35.3024
mQualEpsilon=0.0478408
mQualVolume=0.00698995
new_planned_energy=12.0445
