gpsEpsilon=242.663
gpsVolume=46.6148
mQualEpsilon=0.0595808
mQualVolume=0.017277
new_planned_energy=30.0738
