gpsEpsilon=247.21
gpsVolume=38.1782
mQualEpsilon=1.52084
mQualVolume=51.8043
new_planned_energy=-1.52084
