gpsEpsilon=243.313
gpsVolume=42.9463
mQualEpsilon=0.0158607
mQualVolume=0.0175926
new_planned_energy=47.0702
