epsilon_quality=0.259836
volume_quality=0.817904
