epsilon_quality=0.316554
volume_quality=1.22064
