epsilon_quality=0.0886946
volume_quality=0.0652628
