epsilon_quality=0.0814721
volume_quality=0.0900086
