epsilon_quality=0.213894
volume_quality=1.12173
