epsilon_quality=0.229447
volume_quality=0.386102
