epsilon_quality=0.225003
volume_quality=0.812997
