epsilon_quality=0.0521896
volume_quality=0.0401222
