epsilon_quality=0.106782
volume_quality=0.0750513
