epsilon_quality=0.0378411
volume_quality=0.0461348
