epsilon_quality=0.110635
volume_quality=0.0747515
