epsilon_quality=0.0366674
volume_quality=0.0112952
