epsilon_quality=0.035876
volume_quality=0.00258578
