epsilon_quality=0.0237757
volume_quality=0.0143385
