epsilon_quality=0.141697
volume_quality=0.0797591
