epsilon_quality=0.0134014
volume_quality=0.126495
