epsilon_quality=0.0371263
volume_quality=0.0765801
