epsilon_quality=0.130942
volume_quality=0.443976
