epsilon_quality=0.056529
volume_quality=0.0433089
