epsilon_quality=0.113725
volume_quality=0.0712532
