epsilon_quality=0.161789
volume_quality=0.276929
