epsilon_quality=0.235266
volume_quality=0.661308
