epsilon_quality=0.282263
volume_quality=0.945476
