epsilon_quality=0.0725796
volume_quality=0.0194054
