epsilon_quality=0.0749377
volume_quality=0.185609
