epsilon_quality=0.110254
volume_quality=0.0874511
