epsilon_quality=0.0328524
volume_quality=0.0364018
