epsilon_quality=0.0137502
volume_quality=0.0424457
