epsilon_quality=0.0727106
volume_quality=0.0931807
