epsilon_quality=0.0601291
volume_quality=0.0891501
