epsilon_quality=0.111023
volume_quality=0.34476
