epsilon_quality=0.051373
volume_quality=0.447769
