epsilon_quality=0.175471
volume_quality=0.343344
