epsilon_quality=0.0780433
volume_quality=0.0168276
