epsilon_quality=0.0752336
volume_quality=0.014127
