epsilon_quality=0.0708522
volume_quality=0.0283843
