epsilon_quality=0.0542817
volume_quality=0.0183077
