epsilon_quality=0.00561117
volume_quality=0.0913269
