epsilon_quality=0.0447488
volume_quality=0.0903458
