epsilon_quality=0.0882418
volume_quality=0.145558
