epsilon_quality=0.18051
volume_quality=0.157613
