epsilon_quality=0.0447035
volume_quality=0.0579034
