epsilon_quality=0.206415
volume_quality=0.364087
