epsilon_quality=0.304925
volume_quality=1.34889
