epsilon_quality=0.00299306
volume_quality=0.00125149
