epsilon_quality=0.237096
volume_quality=0.773581
