epsilon_quality=0.100799
volume_quality=0.341242
