epsilon_quality=0.00621229
volume_quality=0.0631075
