epsilon_quality=0.0630515
volume_quality=0.262699
