epsilon_quality=0.0230246
volume_quality=0.300154
