epsilon_quality=0.452938
volume_quality=6.13246
