epsilon_quality=0.0591202
volume_quality=0.0224541
