epsilon_quality=0.0761354
volume_quality=0.123905
