epsilon_quality=0.0565445
volume_quality=0.050137
