epsilon_quality=0.0873848
volume_quality=0.0824759
