epsilon_quality=0.0159533
volume_quality=0.00760486
