epsilon_quality=0.0459282
volume_quality=0.0852251
