epsilon_quality=5.20417e-18
volume_quality=0.0199479
