epsilon_quality=0.135653
volume_quality=0.103377
