epsilon_quality=0.0487227
volume_quality=0.0900666
