epsilon_quality=0.0408065
volume_quality=0.00888595
