epsilon_quality=0.0270782
volume_quality=0.202176
