epsilon_quality=0.0816304
volume_quality=0.226016
