epsilon_quality=0.238408
volume_quality=0.866391
