epsilon_quality=0.214606
volume_quality=0.877093
