epsilon_quality=0.149582
volume_quality=0.178238
