epsilon_quality=0.0821896
volume_quality=0.115191
