epsilon_quality=0.0166375
volume_quality=0.00219668
