epsilon_quality=0.0598287
volume_quality=0.0815126
