epsilon_quality=0.00322388
volume_quality=0.140166
