epsilon_quality=0.0487063
volume_quality=0.134859
