epsilon_quality=0.0274724
volume_quality=0.0951105
