epsilon_quality=0.283461
volume_quality=0.877365
