epsilon_quality=0.0381662
volume_quality=0.02124
