epsilon_quality=0.0155997
volume_quality=0.0026747
