epsilon_quality=0.0460928
volume_quality=0.00224871
