epsilon_quality=0.0415868
volume_quality=0.00182594
