epsilon_quality=0.0138643
volume_quality=0.00140088
