epsilon_quality=0.0244352
volume_quality=0.000990495
