epsilon_quality=0.0680956
volume_quality=0.0254715
