epsilon_quality=0.125559
volume_quality=0.0591915
