epsilon_quality=0.0578305
volume_quality=0.035202
