epsilon_quality=0.145471
volume_quality=0.281783
