epsilon_quality=0.0808594
volume_quality=0.0189651
