epsilon_quality=0.086336
volume_quality=0.0534587
