epsilon_quality=0.0343304
volume_quality=0.0466714
