epsilon_quality=0.0280838
volume_quality=0.0201972
