epsilon_quality=0.045256
volume_quality=0.0486402
