epsilon_quality=0.0365867
volume_quality=0.00486514
