epsilon_quality=0.0378081
volume_quality=0.0109225
