epsilon_quality=0.0498239
volume_quality=0.0251557
