epsilon_quality=0.0082816
volume_quality=0.000325831
