epsilon_quality=0.109717
volume_quality=0.343521
