epsilon_quality=0.0481543
volume_quality=0.0239065
