epsilon_quality=0.198045
volume_quality=0.448201
