epsilon_quality=0.0603492
volume_quality=0.0244969
