epsilon_quality=0.0264974
volume_quality=0.0216509
