epsilon_quality=0.0538526
volume_quality=0.0460471
