epsilon_quality=0.0375436
volume_quality=0.0318636
