epsilon_quality=0.189118
volume_quality=1.06824
