epsilon_quality=0.15974
volume_quality=0.568998
