epsilon_quality=0.0206132
volume_quality=0.292388
