epsilon_quality=0.133024
volume_quality=0.224417
