epsilon_quality=0.0925147
volume_quality=0.0675802
