epsilon_quality=0.114817
volume_quality=0.22461
