epsilon_quality=0.0178773
volume_quality=0.00346854
