epsilon_quality=0.030503
volume_quality=0.0368189
