epsilon_quality=0.152553
volume_quality=0.216907
