epsilon_quality=0.0354419
volume_quality=0.0035435
