epsilon_quality=0.0227751
volume_quality=0.055421
