epsilon_quality=0.0744816
volume_quality=0.0317563
