epsilon_quality=0.100577
volume_quality=0.0947347
