epsilon_quality=0.0875841
volume_quality=0.0504491
