epsilon_quality=0.0564208
volume_quality=0.0482483
