epsilon_quality=0.204615
volume_quality=0.434968
