epsilon_quality=0.212053
volume_quality=0.676093
