epsilon_quality=0.0486501
volume_quality=0.0672399
