epsilon_quality=0.0904362
volume_quality=0.0977715
