epsilon_quality=0.0220164
volume_quality=0.119297
