epsilon_quality=0.073028
volume_quality=0.0572193
