epsilon_quality=0.0983255
volume_quality=0.0603026
