epsilon_quality=0.0758499
volume_quality=0.0254835
