epsilon_quality=0.0337777
volume_quality=0.184749
