epsilon_quality=0.014016
volume_quality=0.281116
