epsilon_quality=0.0230547
volume_quality=0.0370479
