epsilon_quality=0.0261221
volume_quality=0.0078851
