epsilon_quality=0.0292043
volume_quality=0.00937912
