epsilon_quality=0.0458686
volume_quality=0.0283068
