epsilon_quality=0.0132423
volume_quality=0.0285105
