epsilon_quality=0.161886
volume_quality=0.563391
