epsilon_quality=0.0556275
volume_quality=0.293192
