epsilon_quality=0.0415241
volume_quality=0.0140206
