epsilon_quality=0.0904114
volume_quality=0.0563222
