epsilon_quality=0.149324
volume_quality=0.332188
