epsilon_quality=0.10576
volume_quality=0.14767
