epsilon_quality=0.0319405
volume_quality=0.00146281
