epsilon_quality=0.00792486
volume_quality=0.00135579
