epsilon_quality=0.132277
volume_quality=0.438943
