epsilon_quality=0.190802
volume_quality=0.637527
