epsilon_quality=0.0120152
volume_quality=0.0578264
