epsilon_quality=0.0704408
volume_quality=0.102618
