epsilon_quality=0.392465
volume_quality=2.12831
