epsilon_quality=0.144449
volume_quality=0.331008
