epsilon_quality=0.0569804
volume_quality=0.0234912
