epsilon_quality=0.125294
volume_quality=0.176366
