epsilon_quality=0.182161
volume_quality=0.511593
