epsilon_quality=0.114507
volume_quality=0.0853483
