epsilon_quality=0.119014
volume_quality=0.318087
