epsilon_quality=0.149977
volume_quality=0.357596
