epsilon_quality=0.14575
volume_quality=0.211126
