epsilon_quality=0.162189
volume_quality=0.229568
