epsilon_quality=0.091408
volume_quality=0.0720131
