epsilon_quality=0.172118
volume_quality=0.723732
