epsilon_quality=0.0581862
volume_quality=0.0712501
