epsilon_quality=0.190434
volume_quality=0.495418
