epsilon_quality=0.139461
volume_quality=0.156706
