epsilon_quality=0.058173
volume_quality=0.0797167
