epsilon_quality=0.112734
volume_quality=0.289497
