epsilon_quality=0.0815145
volume_quality=0.0252492
