epsilon_quality=0.115356
volume_quality=0.153642
