epsilon_quality=0.178031
volume_quality=0.533998
