epsilon_quality=0.111918
volume_quality=0.28563
