epsilon_quality=0.080468
volume_quality=0.128592
