epsilon_quality=0.0770727
volume_quality=0.299837
