epsilon_quality=0.27176
volume_quality=0.682188
