epsilon_quality=0.0498852
volume_quality=0.0438359
