epsilon_quality=0.123955
volume_quality=0.206692
