epsilon_quality=0.0720459
volume_quality=0.0997742
