epsilon_quality=0.187228
volume_quality=0.222679
