epsilon_quality=0.132451
volume_quality=0.242026
