epsilon_quality=0.014722
volume_quality=0.0299582
