epsilon_quality=0.00847124
volume_quality=0.0253827
