epsilon_quality=0.0817573
volume_quality=0.140884
