epsilon_quality=0.0931658
volume_quality=0.043178
