epsilon_quality=0.171441
volume_quality=0.118667
