epsilon_quality=0.0666361
volume_quality=0.0940686
