epsilon_quality=0.229324
volume_quality=1.58306
