epsilon_quality=0.0932832
volume_quality=0.250957
