epsilon_quality=0.190167
volume_quality=0.730357
