epsilon_quality=0.132104
volume_quality=0.144222
