epsilon_quality=0.00976368
volume_quality=0.0485132
