epsilon_quality=0.145168
volume_quality=0.0821547
