epsilon_quality=0.139056
volume_quality=0.143387
