epsilon_quality=0.075035
volume_quality=0.0399382
