epsilon_quality=0.147496
volume_quality=0.224557
