epsilon_quality=0.0258833
volume_quality=0.0285316
