epsilon_quality=0.160588
volume_quality=0.171632
