epsilon_quality=0.0588341
volume_quality=0.148289
