epsilon_quality=0.163579
volume_quality=0.793893
