epsilon_quality=0.0307258
volume_quality=0.00278723
