epsilon_quality=0.321938
volume_quality=2.15436
