epsilon_quality=0.0534437
volume_quality=0.24619
