epsilon_quality=0.14304
volume_quality=0.170879
