epsilon_quality=0.0584954
volume_quality=0.0108122
