epsilon_quality=0.093552
volume_quality=0.082968
