epsilon_quality=0.098094
volume_quality=0.0833628
