epsilon_quality=0.0242924
volume_quality=0.0467189
