epsilon_quality=0.0873658
volume_quality=0.118366
