epsilon_quality=0.163223
volume_quality=0.327591
