epsilon_quality=0.0326831
volume_quality=0.0224201
