epsilon_quality=0.0930638
volume_quality=0.0839191
