epsilon_quality=0.095326
volume_quality=0.295008
