epsilon_quality=0.0355554
volume_quality=0.0161918
