epsilon_quality=0.0325036
volume_quality=0.0207406
