epsilon_quality=1.38778e-17
volume_quality=0.000632802
