epsilon_quality=0.00804559
volume_quality=0.0045173
