epsilon_quality=0.0173599
volume_quality=0.00523068
