epsilon_quality=0.0419764
volume_quality=0.0627714
