epsilon_quality=0.156644
volume_quality=0.235009
