epsilon_quality=0.106526
volume_quality=0.049289
