epsilon_quality=0.105011
volume_quality=0.0896778
