epsilon_quality=0.273271
volume_quality=1.42291
