epsilon_quality=0.155541
volume_quality=0.598821
