epsilon_quality=0.110617
volume_quality=0.115835
