gpsEpsilon=10.8056
gpsVolume=129.224
mQualEpsilon=0.0202855
mQualVolume=0.00452286
new_planned_energy=16.7574
