gpsEpsilon=39.2372
gpsVolume=126.052
mQualEpsilon=0.020694
mQualVolume=0.0241075
new_planned_energy=72.1394
