gpsEpsilon=243.962
gpsVolume=46.1079
mQualEpsilon=0.108215
mQualVolume=0.0187511
new_planned_energy=63.9016
