gpsEpsilon=128.118
gpsVolume=51.4457
mQualEpsilon=0.0501362
mQualVolume=0.00341571
new_planned_energy=50.4081
