gpsEpsilon=0.533499
gpsVolume=0.37136
mQualEpsilon=0.0419043
mQualVolume=0.0045609
new_planned_energy=53.4767
