gpsEpsilon=40.1853
gpsVolume=247.65
mQualEpsilon=0.00192527
mQualVolume=0.0050803
new_planned_energy=52.1015
