gpsEpsilon=66.2963
gpsVolume=125.704
mQualEpsilon=0.0447124
mQualVolume=0.0148132
new_planned_energy=20.7182
