gpsEpsilon=66.2963
gpsVolume=125.704
mQualEpsilon=1.65163
mQualVolume=48.7301
new_planned_energy=-1.65163
