gpsEpsilon=47.3453
gpsVolume=128.517
mQualEpsilon=0.0181609
mQualVolume=0.00672025
new_planned_energy=81.9913
