gpsEpsilon=28.6535
gpsVolume=128.517
mQualEpsilon=0.0520981
mQualVolume=0.0166006
new_planned_energy=55.8859
