epsilon_quality=0.037746
volume_quality=0.227832
