epsilon_quality=0.145564
volume_quality=0.471542
