epsilon_quality=0.225915
volume_quality=0.355496
