epsilon_quality=0.0374061
volume_quality=0.0473568
