epsilon_quality=0.0969543
volume_quality=0.136636
