epsilon_quality=0.069089
volume_quality=0.0833208
