epsilon_quality=0.0255531
volume_quality=0.0580999
