epsilon_quality=0.0345589
volume_quality=0.0665372
