epsilon_quality=0.0123098
volume_quality=0.0615881
