epsilon_quality=0.0310142
volume_quality=0.0182435
