epsilon_quality=0.0840697
volume_quality=0.035798
