epsilon_quality=0.0749805
volume_quality=0.0402761
