epsilon_quality=0.0808996
volume_quality=0.0260007
