epsilon_quality=0.101763
volume_quality=0.199836
