epsilon_quality=0.278173
volume_quality=0.75551
