epsilon_quality=0.12603
volume_quality=0.0870408
