epsilon_quality=0.0813092
volume_quality=0.135496
