epsilon_quality=0.0363939
volume_quality=0.116421
