epsilon_quality=0.0879078
volume_quality=0.125668
