epsilon_quality=0.296492
volume_quality=0.628941
