epsilon_quality=0.012292
volume_quality=0.0764081
