epsilon_quality=0.24606
volume_quality=1.18995
