epsilon_quality=0.248564
volume_quality=1.73043
