epsilon_quality=0.0513043
volume_quality=0.0367077
