epsilon_quality=0.147154
volume_quality=0.0739596
