epsilon_quality=0.0189304
volume_quality=0.00871182
