epsilon_quality=0.087775
volume_quality=0.0445347
