epsilon_quality=0.04946
volume_quality=0.0767262
