epsilon_quality=0.0239843
volume_quality=0.0550344
