epsilon_quality=0.123924
volume_quality=0.135778
