epsilon_quality=0.0397873
volume_quality=0.00400834
