epsilon_quality=0.0427931
volume_quality=0.0496395
