epsilon_quality=0.032751
volume_quality=0.0800993
