epsilon_quality=0.0496996
volume_quality=0.00812793
