epsilon_quality=0.0310653
volume_quality=0.133835
