epsilon_quality=0.0258676
volume_quality=0.0112976
