epsilon_quality=0.0806674
volume_quality=0.0345736
