epsilon_quality=0.022524
volume_quality=0.0122148
