epsilon_quality=0.0569803
volume_quality=0.0127401
