epsilon_quality=0.0688545
volume_quality=0.0233514
