epsilon_quality=0.0749794
volume_quality=0.0139746
