epsilon_quality=0.0272098
volume_quality=0.00814154
