epsilon_quality=0.00224997
volume_quality=0.0290909
