epsilon_quality=0.00349013
volume_quality=0.00748197
