epsilon_quality=0.0284574
volume_quality=0.0278547
