epsilon_quality=0.0436967
volume_quality=0.0695188
