epsilon_quality=0.115579
volume_quality=0.0922868
