epsilon_quality=0.0820675
volume_quality=0.287612
