epsilon_quality=0.0488095
volume_quality=0.154902
