epsilon_quality=0.00623704
volume_quality=0.038373
