epsilon_quality=0.0608002
volume_quality=0.0572789
