epsilon_quality=0.0364828
volume_quality=0.026677
