epsilon_quality=0.108272
volume_quality=0.118929
