epsilon_quality=0.0157899
volume_quality=0.0218874
