epsilon_quality=0.0111657
volume_quality=0.00429788
