epsilon_quality=0.0920874
volume_quality=0.125714
