epsilon_quality=0.306644
volume_quality=1.34082
