epsilon_quality=0.244002
volume_quality=0.771242
