epsilon_quality=0.307577
volume_quality=2.20814
