epsilon_quality=0.0843829
volume_quality=0.0644121
