epsilon_quality=0.197306
volume_quality=0.505014
