epsilon_quality=0.0950245
volume_quality=0.445234
