epsilon_quality=0.118255
volume_quality=0.0578378
