epsilon_quality=0.347897
volume_quality=1.08739
