epsilon_quality=0.109525
volume_quality=0.291606
