epsilon_quality=0.0627373
volume_quality=0.289071
