epsilon_quality=0.293354
volume_quality=0.971439
