epsilon_quality=0.0553233
volume_quality=0.00711611
