epsilon_quality=0.0677627
volume_quality=0.00711946
