epsilon_quality=0.0137921
volume_quality=0.0282933
