epsilon_quality=0.173099
volume_quality=0.551915
