epsilon_quality=0.20337
volume_quality=1.06542
