epsilon_quality=0.163983
volume_quality=0.375144
