epsilon_quality=0.0286669
volume_quality=0.0200989
