epsilon_quality=0.131094
volume_quality=0.425213
