epsilon_quality=0.087392
volume_quality=0.0526154
