epsilon_quality=0.0852609
volume_quality=0.0546201
