epsilon_quality=0.0395349
volume_quality=0.0283465
