epsilon_quality=0.0416999
volume_quality=0.0371633
