epsilon_quality=0.0257477
volume_quality=0.00314858
