epsilon_quality=0.090073
volume_quality=0.0595308
