epsilon_quality=0.114888
volume_quality=0.123979
