epsilon_quality=0.214269
volume_quality=0.870513
