epsilon_quality=0.104775
volume_quality=0.215946
