epsilon_quality=0.35126
volume_quality=1.52981
