epsilon_quality=0.0367453
volume_quality=0.130232
