epsilon_quality=0.113811
volume_quality=0.206402
