epsilon_quality=0.032825
volume_quality=0.00590714
