epsilon_quality=0.167932
volume_quality=0.242207
