epsilon_quality=0.0505062
volume_quality=0.012387
