epsilon_quality=0.112428
volume_quality=0.294883
