epsilon_quality=0.0287917
volume_quality=0.0463177
