epsilon_quality=0.227736
volume_quality=0.835821
