epsilon_quality=0.139762
volume_quality=0.136144
