epsilon_quality=0.126263
volume_quality=0.148503
