epsilon_quality=0.0271321
volume_quality=0.00584476
