epsilon_quality=0.057956
volume_quality=0.0844831
