epsilon_quality=0.121995
volume_quality=0.697458
