epsilon_quality=0.0169112
volume_quality=0.0104378
