epsilon_quality=0.11148
volume_quality=0.155176
