epsilon_quality=0.118771
volume_quality=0.248061
