epsilon_quality=0.184555
volume_quality=0.423182
