epsilon_quality=0.0273851
volume_quality=0.0369152
