epsilon_quality=0.18741
volume_quality=0.437204
