epsilon_quality=0.0614394
volume_quality=0.0532035
