epsilon_quality=0.0721156
volume_quality=0.353634
