epsilon_quality=0.113092
volume_quality=0.464889
