epsilon_quality=0.197223
volume_quality=1.20466
