epsilon_quality=0.109986
volume_quality=0.308214
