epsilon_quality=0.126868
volume_quality=0.18054
