gpsEpsilon=96.3661
gpsVolume=23.261
mQualEpsilon=0.00371899
mQualVolume=0.000367364
new_planned_energy=54.9788
