gpsEpsilon=4.74004e-316
gpsVolume=-0.161689
mQualEpsilon=0.0145353
mQualVolume=0.00044572
new_planned_energy=20.6301
