gpsEpsilon=3.40731e-316
gpsVolume=0.0365301
mQualEpsilon=0.00617552
mQualVolume=0.000234797
new_planned_energy=77.546
