gpsEpsilon=0
gpsVolume=9.88131e-323
mQualEpsilon=-1
mQualVolume=0.000275408
new_planned_energy=76.527
