gpsEpsilon=97.2358
gpsVolume=38.7175
mQualEpsilon=1.71179
mQualVolume=45.823
new_planned_energy=-1.71179
