gpsEpsilon=200.476
gpsVolume=95.0821
mQualEpsilon=0.02106
mQualVolume=0.00110406
new_planned_energy=67.8676
