gpsEpsilon=51.6039
gpsVolume=95.1939
mQualEpsilon=0.0145254
mQualVolume=0.00138617
new_planned_energy=51.9536
