gpsEpsilon=231.574
gpsVolume=51.8709
mQualEpsilon=0.0159963
mQualVolume=0.00100976
new_planned_energy=50.9049
