gpsEpsilon=13.5612
gpsVolume=9.3501
mQualEpsilon=1.34737
mQualVolume=53.2435
new_planned_energy=8.13283
