gpsEpsilon=13.5612
gpsVolume=9.3501
mQualEpsilon=1.63935
mQualVolume=55.8148
new_planned_energy=-1.63935
