gpsEpsilon=13.5612
gpsVolume=9.3501
mQualEpsilon=1.49752
mQualVolume=54.5762
new_planned_energy=-1.49752
