gpsEpsilon=38.9352
gpsVolume=108.167
mQualEpsilon=0.0172294
mQualVolume=0.000555275
new_planned_energy=24.4629
