gpsEpsilon=40.1338
gpsVolume=6.48868
mQualEpsilon=0.00655851
mQualVolume=0.00032278
new_planned_energy=38.1452
