gpsEpsilon=28.0032
gpsVolume=12.2611
mQualEpsilon=0.0101511
mQualVolume=0.000316739
new_planned_energy=15.0754
