epsilon_quality=0.170743
volume_quality=0.334793
