epsilon_quality=0.722991
volume_quality=8.38209
