epsilon_quality=0.517022
volume_quality=4.96081
