epsilon_quality=0.281843
volume_quality=2.48128
