epsilon_quality=0.0312817
volume_quality=0.00276032
