epsilon_quality=0.0182872
volume_quality=0.000258058
