epsilon_quality=0.10933
volume_quality=0.161642
