epsilon_quality=0.0985761
volume_quality=0.137395
