epsilon_quality=0.102773
volume_quality=0.088735
