epsilon_quality=0.151112
volume_quality=0.55248
