epsilon_quality=0.228937
volume_quality=0.724054
