epsilon_quality=0.00977566
volume_quality=0.113265
