epsilon_quality=0.0545068
volume_quality=0.0695157
