epsilon_quality=0.0447209
volume_quality=0.0469455
