epsilon_quality=0.0254314
volume_quality=0.00268054
