gpsEpsilon=15.8319
gpsVolume=29.2895
mQualEpsilon=0.082866
mQualVolume=0.0125543
new_planned_energy=74.0344
