gpsEpsilon=180.993
gpsVolume=90.5101
mQualEpsilon=0.0614043
mQualVolume=0.020868
new_planned_energy=84.6835
