gpsEpsilon=1.37478e-315
gpsVolume=0
mQualEpsilon=0.00550477
mQualVolume=0.0103518
new_planned_energy=77.5865
