gpsEpsilon=7.32385e-316
gpsVolume=0
mQualEpsilon=0.0985279
mQualVolume=0.0155488
new_planned_energy=51.6054
