gpsEpsilon=164.798
gpsVolume=87.5657
mQualEpsilon=0.0509204
mQualVolume=0.00285927
new_planned_energy=56.5392
