gpsEpsilon=22.9168
gpsVolume=45.8475
mQualEpsilon=0.0453026
mQualVolume=0.014437
new_planned_energy=51.8722
