gpsEpsilon=15.4934
gpsVolume=37.5684
mQualEpsilon=0.0621543
mQualVolume=0.0219776
new_planned_energy=58.6075
