epsilon_quality=0.0960557
volume_quality=0.0524104
