epsilon_quality=0.0126653
volume_quality=0.0550033
