epsilon_quality=0.140658
volume_quality=0.0943837
