epsilon_quality=0.0179979
volume_quality=0.164584
