epsilon_quality=0.36322
volume_quality=1.74584
