epsilon_quality=0.0217034
volume_quality=0.0390864
