epsilon_quality=0.0553152
volume_quality=0.0862072
