epsilon_quality=0.068919
volume_quality=0.058661
