epsilon_quality=0.0475735
volume_quality=0.0091297
