epsilon_quality=0.0373129
volume_quality=0.00912101
