epsilon_quality=0.157118
volume_quality=0.229066
