epsilon_quality=0.0624857
volume_quality=0.229407
