epsilon_quality=0.126856
volume_quality=0.139788
