epsilon_quality=0.0858985
volume_quality=0.47765
