epsilon_quality=0.0126617
volume_quality=0.00127602
