epsilon_quality=0.140393
volume_quality=0.215832
