epsilon_quality=0.0275155
volume_quality=0.0164055
