epsilon_quality=0.17175
volume_quality=0.954841
