epsilon_quality=0.155481
volume_quality=0.198997
