epsilon_quality=0.0688065
volume_quality=0.0431967
