epsilon_quality=0.014596
volume_quality=0.00206801
