epsilon_quality=0.0403362
volume_quality=0.00250984
