epsilon_quality=0.182192
volume_quality=0.730834
