epsilon_quality=0.170898
volume_quality=0.734754
