epsilon_quality=0.139596
volume_quality=0.295301
