epsilon_quality=0.252874
volume_quality=0.963118
