epsilon_quality=0.0140413
volume_quality=0.0324441
