epsilon_quality=0.0178812
volume_quality=0.00851302
