epsilon_quality=0.0360902
volume_quality=0.0242005
