epsilon_quality=0.141911
volume_quality=0.106968
