epsilon_quality=0.0854995
volume_quality=0.0297837
