epsilon_quality=0.0765183
volume_quality=0.0867357
