epsilon_quality=0.169181
volume_quality=0.203531
