epsilon_quality=0.0501946
volume_quality=0.0456214
