epsilon_quality=0.0295565
volume_quality=0.0501947
