epsilon_quality=0.207423
volume_quality=0.733087
