epsilon_quality=0.0580549
volume_quality=0.0226571
