epsilon_quality=0.0486251
volume_quality=0.163383
