epsilon_quality=0.116739
volume_quality=0.277916
