epsilon_quality=0.0279701
volume_quality=0.0975661
