gpsEpsilon=3.63628e-316
gpsVolume=0
mQualEpsilon=-1
mQualVolume=0.0105852
new_planned_energy=43.428
