gpsEpsilon=0.815628
gpsVolume=0.307458
mQualEpsilon=0.0207055
mQualVolume=0.0286864
new_planned_energy=44.9177
