gpsEpsilon=0.731924
gpsVolume=0.531438
mQualEpsilon=0.104609
mQualVolume=0.0149993
new_planned_energy=36.1092
