gpsEpsilon=0
gpsVolume=2.42092e-322
mQualEpsilon=0.099563
mQualVolume=0.0242588
new_planned_energy=52.3719
