gpsEpsilon=2.28293e-316
gpsVolume=2.28293e-316
mQualEpsilon=0.0177845
mQualVolume=0.0034812
new_planned_energy=76.9836
