gpsEpsilon=107.873
gpsVolume=135.9
mQualEpsilon=0.0649874
mQualVolume=0.0303436
new_planned_energy=54.3562
