gpsEpsilon=0.660633
gpsVolume=2.42092e-322
mQualEpsilon=0.0670385
mQualVolume=0.0194434
new_planned_energy=56.4764
