gpsEpsilon=2.56218e-316
gpsVolume=0
mQualEpsilon=0.0236655
mQualVolume=0.0131336
new_planned_energy=64.0532
