gpsEpsilon=2.56202e-316
gpsVolume=6.95335e-310
mQualEpsilon=-1
mQualVolume=0.00170537
new_planned_energy=71.5558
