gpsEpsilon=3.14739e-316
gpsVolume=3.1474e-316
mQualEpsilon=0.0620765
mQualVolume=0.0075479
new_planned_energy=60.584
