gpsEpsilon=3.28909e-312
gpsVolume=-nan
mQualEpsilon=0.098151
mQualVolume=0.0369902
new_planned_energy=38.105
