gpsEpsilon=0.672791
gpsVolume=-0.471618
mQualEpsilon=0.0697398
mQualVolume=0.0306217
new_planned_energy=49.7046
