gpsEpsilon=0.824918
gpsVolume=0.433295
mQualEpsilon=0.00678924
mQualVolume=0.00409554
new_planned_energy=65.9143
