gpsEpsilon=0.801928
gpsVolume=0.479774
mQualEpsilon=0.0395202
mQualVolume=0.0252879
new_planned_energy=47.0372
