gpsEpsilon=0.829237
gpsVolume=0.36646
mQualEpsilon=0.0916172
mQualVolume=0.0640534
new_planned_energy=45.4157
