epsilon_quality=0.0358249
volume_quality=0.0159071
