epsilon_quality=0.0271582
volume_quality=0.00454306
