epsilon_quality=0.0651349
volume_quality=0.00489338
