epsilon_quality=0.127214
volume_quality=0.0529219
