epsilon_quality=0.161936
volume_quality=0.371113
