epsilon_quality=0.171862
volume_quality=0.318233
