epsilon_quality=0.138565
volume_quality=0.108787
