epsilon_quality=0.175553
volume_quality=0.222069
