epsilon_quality=0.193094
volume_quality=0.24653
