epsilon_quality=0.0235306
volume_quality=0.225699
