epsilon_quality=0.0638665
volume_quality=0.0260885
