epsilon_quality=0.0875957
volume_quality=0.0883562
