epsilon_quality=0.0357159
volume_quality=0.0838189
