epsilon_quality=0.151648
volume_quality=0.219314
