epsilon_quality=0.0220875
volume_quality=0.00336092
