epsilon_quality=0.259847
volume_quality=0.889372
