epsilon_quality=0.087412
volume_quality=0.128345
