epsilon_quality=0.163508
volume_quality=0.321761
