epsilon_quality=0.360215
volume_quality=1.61645
