epsilon_quality=0.000153352
volume_quality=0.0167862
