epsilon_quality=0.174366
volume_quality=0.711221
