epsilon_quality=0.0569863
volume_quality=0.101843
