epsilon_quality=0.0881001
volume_quality=0.0427298
