epsilon_quality=0.100971
volume_quality=0.0397513
