gpsEpsilon=90.4672
gpsVolume=140.692
mQualEpsilon=1.91688
mQualVolume=48.8331
new_planned_energy=-1.91688
