gpsEpsilon=90.4672
gpsVolume=140.692
mQualEpsilon=1.91782
mQualVolume=49.2781
new_planned_energy=-1.91782
