gpsEpsilon=90.4672
gpsVolume=140.692
mQualEpsilon=1.88471
mQualVolume=47.8113
new_planned_energy=-1.88471
