gpsEpsilon=90.4672
gpsVolume=140.692
mQualEpsilon=1.90993
mQualVolume=50.0019
new_planned_energy=-1.90993
