gpsEpsilon=90.4672
gpsVolume=140.692
mQualEpsilon=1.84474
mQualVolume=48.5894
new_planned_energy=-1.84474
