gpsEpsilon=90.7128
gpsVolume=131.359
mQualEpsilon=0.000378157
mQualVolume=0.0115502
new_planned_energy=42.2447
