gpsEpsilon=131.114
gpsVolume=95.9932
mQualEpsilon=0.0428076
mQualVolume=0.0110473
new_planned_energy=18.7554
