gpsEpsilon=10.73
gpsVolume=-11.51
mQualEpsilon=0.00495898
mQualVolume=0.00973847
new_planned_energy=18.5294
