gpsEpsilon=122.272
gpsVolume=78.8015
mQualEpsilon=0.0378886
mQualVolume=0.0116982
new_planned_energy=33.5283
