gpsEpsilon=90.7128
gpsVolume=131.359
mQualEpsilon=0.0231302
mQualVolume=0.00994159
new_planned_energy=19.2573
