gpsEpsilon=76.7138
gpsVolume=139.464
mQualEpsilon=1.50342
mQualVolume=46.8931
new_planned_energy=-1.50342
