gpsEpsilon=76.7138
gpsVolume=139.464
mQualEpsilon=1.57355
mQualVolume=47.7918
new_planned_energy=-1.57355
