gpsEpsilon=1.30833e-315
gpsVolume=0
mQualEpsilon=-1
mQualVolume=0.0101207
new_planned_energy=16.7584
