gpsEpsilon=1.30833e-315
gpsVolume=0
mQualEpsilon=1.71277
mQualVolume=55.9271
new_planned_energy=-1.71277
