gpsEpsilon=122.641
gpsVolume=136.517
mQualEpsilon=1.60496
mQualVolume=47.438
new_planned_energy=-1.60496
