gpsEpsilon=122.641
gpsVolume=136.517
mQualEpsilon=1.56027
mQualVolume=46.7758
new_planned_energy=-1.56027
