gpsEpsilon=122.641
gpsVolume=138.973
mQualEpsilon=0.0366755
mQualVolume=0.00467119
new_planned_energy=78.21
