gpsEpsilon=5.46485e-316
gpsVolume=0
mQualEpsilon=-1
mQualVolume=0.00339723
new_planned_energy=35.2481
