epsilon_quality=0.0253028
volume_quality=0.000771562
