epsilon_quality=0.00916389
volume_quality=0.00612906
