epsilon_quality=0.0567924
volume_quality=0.0170352
