epsilon_quality=0.0368446
volume_quality=0.217525
