epsilon_quality=0.0606948
volume_quality=0.155823
