epsilon_quality=0.0637738
volume_quality=0.069765
