epsilon_quality=0.0773812
volume_quality=0.0551524
