epsilon_quality=0.157373
volume_quality=0.120104
