epsilon_quality=0.214308
volume_quality=0.632678
