epsilon_quality=0.0308605
volume_quality=0.0104568
