epsilon_quality=0.235437
volume_quality=0.577131
