epsilon_quality=0.0352979
volume_quality=0.0241809
