epsilon_quality=0.066358
volume_quality=0.0555654
