epsilon_quality=0.158196
volume_quality=0.207774
