epsilon_quality=0.108191
volume_quality=0.0723138
