epsilon_quality=0.098162
volume_quality=0.0353895
