epsilon_quality=0.144328
volume_quality=0.155302
