epsilon_quality=0.159669
volume_quality=0.284722
