epsilon_quality=0.0166816
volume_quality=0.00672513
