epsilon_quality=0.00365953
volume_quality=0.225692
