epsilon_quality=0.106123
volume_quality=0.106977
