epsilon_quality=0.184399
volume_quality=0.543972
