epsilon_quality=0.0908489
volume_quality=0.386751
