epsilon_quality=0.0880592
volume_quality=1.65997
