epsilon_quality=0.197046
volume_quality=0.651825
