epsilon_quality=0.196955
volume_quality=0.332326
