epsilon_quality=0.135057
volume_quality=0.17798
