epsilon_quality=0.0849766
volume_quality=0.111437
