epsilon_quality=0.174529
volume_quality=0.555583
