epsilon_quality=0.146764
volume_quality=0.196863
