epsilon_quality=0.118411
volume_quality=0.18436
