epsilon_quality=0.0658937
volume_quality=0.0785304
