epsilon_quality=0.0730177
volume_quality=0.0736237
