epsilon_quality=0.160805
volume_quality=0.141075
