epsilon_quality=0.00546844
volume_quality=0.104853
