epsilon_quality=0.0151511
volume_quality=0.0134096
