epsilon_quality=0.152416
volume_quality=0.419264
