epsilon_quality=0.0793521
volume_quality=0.0249664
