epsilon_quality=0.0607422
volume_quality=0.0442796
