epsilon_quality=0.0270496
volume_quality=0.00714384
