epsilon_quality=0.0703508
volume_quality=0.0556887
