gpsEpsilon=146.429
gpsVolume=63.1965
mQualEpsilon=0.0520415
mQualVolume=0.00637478
new_planned_energy=38.8751
