gpsEpsilon=146.388
gpsVolume=61.5376
mQualEpsilon=0.0547636
mQualVolume=0.010135
new_planned_energy=23.8402
