gpsEpsilon=146.437
gpsVolume=63.5592
mQualEpsilon=0.0416278
mQualVolume=0.01097
new_planned_energy=37.3331
