gpsEpsilon=146.403
gpsVolume=63.1782
mQualEpsilon=1.90226
mQualVolume=58.8679
new_planned_energy=-1.90226
