gpsEpsilon=146.403
gpsVolume=63.1782
mQualEpsilon=1.93286
mQualVolume=60.6709
new_planned_energy=-1.93286
