gpsEpsilon=146.403
gpsVolume=63.1782
mQualEpsilon=1.74307
mQualVolume=55.2449
new_planned_energy=-1.74307
