gpsEpsilon=146.403
gpsVolume=63.1782
mQualEpsilon=1.89813
mQualVolume=57.9669
new_planned_energy=-1.89813
