gpsEpsilon=146.385
gpsVolume=63.9064
mQualEpsilon=1.93143
mQualVolume=58.8694
new_planned_energy=-1.93143
