gpsEpsilon=146.385
gpsVolume=63.9064
mQualEpsilon=1.93519
mQualVolume=59.7831
new_planned_energy=-1.93519
