gpsEpsilon=99.6391
gpsVolume=62.4497
mQualEpsilon=0.0513388
mQualVolume=0.0164815
new_planned_energy=18.6809
