gpsEpsilon=158.608
gpsVolume=54.4695
mQualEpsilon=0.054001
mQualVolume=0.0112061
new_planned_energy=20.6342
