gpsEpsilon=92.9536
gpsVolume=159.199
mQualEpsilon=0.074188
mQualVolume=0.0127398
new_planned_energy=60.1618
