gpsEpsilon=158.608
gpsVolume=53.9306
mQualEpsilon=0.0669627
mQualVolume=0.0107494
new_planned_energy=29.2548
