gpsEpsilon=158.608
gpsVolume=52.8165
mQualEpsilon=1.45043
mQualVolume=41.7308
new_planned_energy=-1.45043
