gpsEpsilon=158.608
gpsVolume=52.8165
mQualEpsilon=0.0571428
mQualVolume=0.0179691
new_planned_energy=45.0147
