gpsEpsilon=189.418
gpsVolume=107.256
mQualEpsilon=1.84891
mQualVolume=55.3692
new_planned_energy=-1.84891
