gpsEpsilon=189.418
gpsVolume=107.256
mQualEpsilon=1.84499
mQualVolume=55.679
new_planned_energy=-1.84499
