gpsEpsilon=189.418
gpsVolume=107.256
mQualEpsilon=1.85331
mQualVolume=54.9539
new_planned_energy=-1.85331
