gpsEpsilon=189.418
gpsVolume=107.256
mQualEpsilon=0.0388113
mQualVolume=0.00496009
new_planned_energy=16.8507
