gpsEpsilon=208.099
gpsVolume=109.854
mQualEpsilon=0.045491
mQualVolume=0.009233
new_planned_energy=59.2241
