gpsEpsilon=197.773
gpsVolume=108.46
mQualEpsilon=0.0390351
mQualVolume=0.0101375
new_planned_energy=46.6608
