gpsEpsilon=146.443
gpsVolume=62.3644
mQualEpsilon=1.69829
mQualVolume=49.0082
new_planned_energy=-1.69829
