gpsEpsilon=146.443
gpsVolume=62.3644
mQualEpsilon=1.89092
mQualVolume=55.5515
new_planned_energy=-1.89092
