gpsEpsilon=146.443
gpsVolume=62.3644
mQualEpsilon=1.78549
mQualVolume=55.866
new_planned_energy=-1.78549
