gpsEpsilon=146.443
gpsVolume=62.3644
mQualEpsilon=0.839746
mQualVolume=31.3849
new_planned_energy=-0.839746
