gpsEpsilon=146.443
gpsVolume=62.3644
mQualEpsilon=1.66059
mQualVolume=55.7375
new_planned_energy=-1.66059
