gpsEpsilon=1.31932e-315
gpsVolume=0
mQualEpsilon=0.0633939
mQualVolume=0.00444574
new_planned_energy=75.9769
