gpsEpsilon=12.9876
gpsVolume=36.2461
mQualEpsilon=1.38778e-17
mQualVolume=0.00413041
new_planned_energy=87.9356
