gpsEpsilon=1.32574e-315
gpsVolume=0.000507146
mQualEpsilon=-1
mQualVolume=0.00123517
new_planned_energy=57.0838
