gpsEpsilon=8.03479e-316
gpsVolume=-0.105459
mQualEpsilon=0.0712427
mQualVolume=0.0119135
new_planned_energy=56.5579
