gpsEpsilon=-0.0760813
gpsVolume=-0.766606
mQualEpsilon=0.00477799
mQualVolume=0.00542315
new_planned_energy=65.0309
