gpsEpsilon=24.3933
gpsVolume=111.013
mQualEpsilon=0.0274315
mQualVolume=0.0151051
new_planned_energy=66.9354
