gpsEpsilon=1.20183e-315
gpsVolume=1.40814e-315
mQualEpsilon=0.0032176
mQualVolume=0.00638365
new_planned_energy=53.7706
