gpsEpsilon=31.3583
gpsVolume=70.1517
mQualEpsilon=0.00574859
mQualVolume=0.00499089
new_planned_energy=80.3283
