gpsEpsilon=28.9187
gpsVolume=57.3425
mQualEpsilon=0.0743241
mQualVolume=0.011396
new_planned_energy=69.5851
