epsilon_quality=0.0922002
volume_quality=0.0244552
