epsilon_quality=0.0326298
volume_quality=0.00802082
