epsilon_quality=0.0619116
volume_quality=0.0199841
