epsilon_quality=0.0646929
volume_quality=0.0704486
