epsilon_quality=0.11623
volume_quality=0.0955223
