epsilon_quality=0.208907
volume_quality=1.38205
