epsilon_quality=0.148127
volume_quality=0.741443
