epsilon_quality=0.217577
volume_quality=1.13003
