epsilon_quality=0.0813399
volume_quality=0.226283
