epsilon_quality=0.0688824
volume_quality=0.0575455
