epsilon_quality=0.287002
volume_quality=0.818265
