epsilon_quality=0.158422
volume_quality=0.138775
