epsilon_quality=0.0264659
volume_quality=0.00474666
