epsilon_quality=0.0162453
volume_quality=0.524481
