epsilon_quality=0.133401
volume_quality=0.303203
