epsilon_quality=0.172078
volume_quality=0.63354
