epsilon_quality=0.074793
volume_quality=0.154946
