epsilon_quality=0.176229
volume_quality=0.308023
