epsilon_quality=0.12008
volume_quality=0.317232
