epsilon_quality=0.153798
volume_quality=0.451743
