epsilon_quality=0.0792646
volume_quality=0.519661
