epsilon_quality=0.185264
volume_quality=0.275462
