epsilon_quality=0.0936019
volume_quality=0.411961
