epsilon_quality=0.122082
volume_quality=0.216375
