gpsEpsilon=81.8954
gpsVolume=88.2175
mQualEpsilon=0.0416096
mQualVolume=0.0174516
new_planned_energy=79.4484
