gpsEpsilon=81.8954
gpsVolume=86.6724
mQualEpsilon=0.0635676
mQualVolume=0.00625752
new_planned_energy=61.1815
