gpsEpsilon=81.1238
gpsVolume=85.9711
mQualEpsilon=0.0194343
mQualVolume=0.00101168
new_planned_energy=53.7507
