gpsEpsilon=80.6907
gpsVolume=86.3796
mQualEpsilon=0.0140833
mQualVolume=0.00438524
new_planned_energy=41.8424
