gpsEpsilon=0
gpsVolume=2.42092e-322
mQualEpsilon=0.00648053
mQualVolume=0.0060028
new_planned_energy=57.1305
