gpsEpsilon=102.937
gpsVolume=55.7284
mQualEpsilon=0.0458866
mQualVolume=0.00263525
new_planned_energy=75.2349
