gpsEpsilon=106.687
gpsVolume=52.3649
mQualEpsilon=0.072254
mQualVolume=0.0105954
new_planned_energy=68.5202
