gpsEpsilon=109.43
gpsVolume=52.6931
mQualEpsilon=0.029214
mQualVolume=0.00796661
new_planned_energy=51.9577
