epsilon_quality=0.144702
volume_quality=0.515361
