epsilon_quality=0.32967
volume_quality=3.23205
