epsilon_quality=0.0854761
volume_quality=0.174029
