epsilon_quality=0.142967
volume_quality=0.485436
