epsilon_quality=0.125023
volume_quality=0.48273
