epsilon_quality=0.315399
volume_quality=2.36402
