epsilon_quality=0.314359
volume_quality=2.46533
