epsilon_quality=0.16791
volume_quality=0.849476
