epsilon_quality=0.162164
volume_quality=0.783498
