epsilon_quality=0.0744594
volume_quality=0.0266827
