epsilon_quality=0.0199575
volume_quality=0.00567493
