epsilon_quality=0.0599092
volume_quality=0.0827474
