epsilon_quality=0.288184
volume_quality=1.23987
