epsilon_quality=0.140843
volume_quality=0.503088
