epsilon_quality=0.264918
volume_quality=0.785849
