epsilon_quality=0.189657
volume_quality=0.298103
