epsilon_quality=0.134705
volume_quality=0.174287
