epsilon_quality=0.0103542
volume_quality=0.0013489
