epsilon_quality=0.00731264
volume_quality=0.00182268
