epsilon_quality=0.0368847
volume_quality=0.277819
