epsilon_quality=0.0705949
volume_quality=0.0699187
