epsilon_quality=0.0355869
volume_quality=0.0100749
