epsilon_quality=0.0474436
volume_quality=0.00298273
