epsilon_quality=0.0132665
volume_quality=0.000539777
