epsilon_quality=0.0240502
volume_quality=0.00143299
