epsilon_quality=0.0327213
volume_quality=0.00418043
