epsilon_quality=0.0426746
volume_quality=0.0497416
