epsilon_quality=0.115404
volume_quality=0.0606068
