epsilon_quality=0.0441532
volume_quality=0.0138521
