epsilon_quality=0.107143
volume_quality=0.079039
