epsilon_quality=0.01927
volume_quality=0.00270275
