epsilon_quality=0.0694789
volume_quality=0.0503382
