epsilon_quality=0.160493
volume_quality=0.259473
