epsilon_quality=0.0845243
volume_quality=0.0819066
