epsilon_quality=0.0355557
volume_quality=0.00749719
