gpsEpsilon=21.7182
gpsVolume=56.914
mQualEpsilon=0.0249136
mQualVolume=0.00826735
new_planned_energy=30.6274
