gpsEpsilon=1.3827e-315
gpsVolume=0
mQualEpsilon=0.0359992
mQualVolume=0.00250189
new_planned_energy=85.776
