gpsEpsilon=8.92376e-316
gpsVolume=0
mQualEpsilon=0.00611226
mQualVolume=0.00143634
new_planned_energy=33.0183
