gpsEpsilon=6.16829e-316
gpsVolume=0
mQualEpsilon=-1
mQualVolume=0.000326729
new_planned_energy=13.396
