gpsEpsilon=1.27697e-315
gpsVolume=0.0659039
mQualEpsilon=0.0405516
mQualVolume=0.0019708
new_planned_energy=26.2541
