gpsEpsilon=0.944807
gpsVolume=10.49
mQualEpsilon=0.028993
mQualVolume=0.00160223
new_planned_energy=73.4177
