gpsEpsilon=174.966
gpsVolume=88.6457
mQualEpsilon=0.00719885
mQualVolume=0.00239046
new_planned_energy=24.6555
