gpsEpsilon=174.966
gpsVolume=88.6457
mQualEpsilon=1.81254
mQualVolume=48.1825
new_planned_energy=-1.81254
