gpsEpsilon=1.37688e-315
gpsVolume=0
mQualEpsilon=-1
mQualVolume=0.0028707
new_planned_energy=62.3144
