gpsEpsilon=29.8061
gpsVolume=66.8249
mQualEpsilon=0.0303329
mQualVolume=0.00304806
new_planned_energy=10.0262
