gpsEpsilon=33.9354
gpsVolume=61.5231
mQualEpsilon=0.0388269
mQualVolume=0.00270765
new_planned_energy=87.2202
