epsilon_quality=0.159537
volume_quality=0.23749
