epsilon_quality=0.0329806
volume_quality=0.159826
