epsilon_quality=0.142043
volume_quality=0.183338
