gpsEpsilon=179.77
gpsVolume=22.2897
mQualEpsilon=1.78072
mQualVolume=54.6956
new_planned_energy=-1.78072
