gpsEpsilon=179.77
gpsVolume=22.2897
mQualEpsilon=0.0383558
mQualVolume=0.00710502
new_planned_energy=14.2505
