gpsEpsilon=179.77
gpsVolume=22.2897
mQualEpsilon=1.80553
mQualVolume=54.1503
new_planned_energy=-1.80553
