gpsEpsilon=179.77
gpsVolume=22.2897
mQualEpsilon=1.74131
mQualVolume=53.7921
new_planned_energy=-1.74131
