gpsEpsilon=159.738
gpsVolume=23.9141
mQualEpsilon=0.0674664
mQualVolume=0.00588913
new_planned_energy=25.872
