gpsEpsilon=141.287
gpsVolume=70.4052
mQualEpsilon=0.0470694
mQualVolume=0.00407149
new_planned_energy=73.2905
