gpsEpsilon=159.326
gpsVolume=70.4101
mQualEpsilon=0.0499207
mQualVolume=0.00447235
new_planned_energy=17.3522
