gpsEpsilon=159.326
gpsVolume=70.4101
mQualEpsilon=1.59433
mQualVolume=44.9204
new_planned_energy=-1.59433
