gpsEpsilon=147.983
gpsVolume=43.3436
mQualEpsilon=1.62323
mQualVolume=41.3524
new_planned_energy=-1.62323
