gpsEpsilon=147.983
gpsVolume=43.3436
mQualEpsilon=1.56605
mQualVolume=45.6453
new_planned_energy=-1.56605
