gpsEpsilon=186.602
gpsVolume=7.41718
mQualEpsilon=0.00852018
mQualVolume=0.00509353
new_planned_energy=15.4371
