gpsEpsilon=179.77
gpsVolume=22.2895
mQualEpsilon=0.0125279
mQualVolume=0.0103723
new_planned_energy=34.9863
