gpsEpsilon=177.885
gpsVolume=19.4101
mQualEpsilon=0.0168043
mQualVolume=0.00139726
new_planned_energy=45.6622
