gpsEpsilon=171.697
gpsVolume=14.6643
mQualEpsilon=0.0326752
mQualVolume=0.012684
new_planned_energy=17.0516
