gpsEpsilon=169.574
gpsVolume=16.5627
mQualEpsilon=0.0662134
mQualVolume=0.0100154
new_planned_energy=16.6338
