gpsEpsilon=158.913
gpsVolume=69.4172
mQualEpsilon=0.0668163
mQualVolume=0.0117672
new_planned_energy=12.5049
