gpsEpsilon=157.539
gpsVolume=39.8221
mQualEpsilon=0.0570815
mQualVolume=0.0093324
new_planned_energy=43.6491
