gpsEpsilon=201.777
gpsVolume=45.8274
mQualEpsilon=0.0719093
mQualVolume=0.00822682
new_planned_energy=33.0771
