gpsEpsilon=172.601
gpsVolume=6.3503
mQualEpsilon=0.0555762
mQualVolume=0.00765157
new_planned_energy=29.5584
