epsilon_quality=0.0793787
volume_quality=0.0520778
