epsilon_quality=0.0446147
volume_quality=0.172409
