epsilon_quality=0.150729
volume_quality=0.117667
