epsilon_quality=0.0806477
volume_quality=0.0859979
