epsilon_quality=0.0590761
volume_quality=0.0597657
