epsilon_quality=0.0835905
volume_quality=0.030603
