epsilon_quality=0.035885
volume_quality=0.0296458
