gpsEpsilon=130.896
gpsVolume=33.5582
mQualEpsilon=0.0184777
mQualVolume=0.00937236
new_planned_energy=71.9508
