gpsEpsilon=152.095
gpsVolume=22.3588
mQualEpsilon=0.0324629
mQualVolume=0.014457
new_planned_energy=49.4859
