gpsEpsilon=156.933
gpsVolume=14.8491
mQualEpsilon=0.02102
mQualVolume=0.000434415
new_planned_energy=112.533
