gpsEpsilon=160.902
gpsVolume=16.7024
mQualEpsilon=0.036221
mQualVolume=0.00835288
new_planned_energy=69.9434
