gpsEpsilon=165.423
gpsVolume=48.5584
mQualEpsilon=0.0159478
mQualVolume=0.00262498
new_planned_energy=59.0092
