gpsEpsilon=164.672
gpsVolume=28.2748
mQualEpsilon=0.000584523
mQualVolume=0.000852068
new_planned_energy=50.8216
