gpsEpsilon=0.572351
gpsVolume=0.304003
mQualEpsilon=-1
mQualVolume=0.000331523
new_planned_energy=67.3931
