gpsEpsilon=0.381266
gpsVolume=0.420586
mQualEpsilon=0.0527712
mQualVolume=0.0125655
new_planned_energy=49.6897
