gpsEpsilon=23.431
gpsVolume=2.42092e-322
mQualEpsilon=-1
mQualVolume=0.00532694
new_planned_energy=67.4118
