gpsEpsilon=7.06715e-316
gpsVolume=0
mQualEpsilon=0.0142097
mQualVolume=0.00423397
new_planned_energy=47.2452
