gpsEpsilon=242.395
gpsVolume=29.557
mQualEpsilon=0.00794724
mQualVolume=0.00319041
new_planned_energy=45.8628
