gpsEpsilon=131.448
gpsVolume=56.6336
mQualEpsilon=0.0713705
mQualVolume=0.0114828
new_planned_energy=56.8373
