gpsEpsilon=228.893
gpsVolume=28.2766
mQualEpsilon=0.0769701
mQualVolume=0.0173905
new_planned_energy=68.0408
