gpsEpsilon=152.513
gpsVolume=8.06861
mQualEpsilon=0.0424727
mQualVolume=0.0111502
new_planned_energy=34.478
