epsilon_quality=0.179547
volume_quality=0.392267
