epsilon_quality=0.330422
volume_quality=1.25023
