epsilon_quality=0.290146
volume_quality=1.14013
