epsilon_quality=0.0626906
volume_quality=0.438611
