epsilon_quality=0.234235
volume_quality=0.468094
