epsilon_quality=0.104257
volume_quality=0.114059
