epsilon_quality=0.234609
volume_quality=0.563399
