epsilon_quality=0.202183
volume_quality=0.283809
