epsilon_quality=0.199294
volume_quality=1.02334
