epsilon_quality=0.0697949
volume_quality=0.0922877
