epsilon_quality=0.038414
volume_quality=0.0231585
