epsilon_quality=0.081888
volume_quality=0.0603206
