epsilon_quality=0.220871
volume_quality=0.574413
