epsilon_quality=0.246549
volume_quality=2.45806
