gpsEpsilon=2.57408e-321
gpsVolume=2.57902e-321
mQualEpsilon=-1
mQualVolume=7.00317e-05
new_planned_energy=19.8013
