gpsEpsilon=-1
gpsVolume=1
mQualEpsilon=0.0199611
mQualVolume=0.000162381
new_planned_energy=13.3912
