gpsEpsilon=2.57408e-321
gpsVolume=2.57902e-321
mQualEpsilon=-1
mQualVolume=0.000109295
new_planned_energy=50.5612
