gpsEpsilon=-26.5
gpsVolume=0
mQualEpsilon=0.0186695
mQualVolume=0.00191714
new_planned_energy=28.6985
