gpsEpsilon=8.03002e-316
gpsVolume=4.7997e-316
mQualEpsilon=-1
mQualVolume=0.000396641
new_planned_energy=29.5151
