gpsEpsilon=5.33346e-316
gpsVolume=0
mQualEpsilon=-1
mQualVolume=0.000245184
new_planned_energy=85.5532
