gpsEpsilon=5.85617e-316
gpsVolume=0
mQualEpsilon=0.0221698
mQualVolume=0.00101102
new_planned_energy=109.135
