epsilon_quality=0.131912
volume_quality=0.0835963
