epsilon_quality=0.0875432
volume_quality=0.467129
