epsilon_quality=0.092771
volume_quality=0.149165
