epsilon_quality=0.0960946
volume_quality=0.0469527
