epsilon_quality=0.170423
volume_quality=0.193238
