epsilon_quality=0.189852
volume_quality=0.272117
