epsilon_quality=0.0757344
volume_quality=0.111714
