epsilon_quality=0.0407404
volume_quality=0.0753519
