epsilon_quality=0.425688
volume_quality=2.33275
