epsilon_quality=0.167023
volume_quality=0.34844
