epsilon_quality=0.0970034
volume_quality=0.146499
