epsilon_quality=0.0552936
volume_quality=0.0846469
