epsilon_quality=0.169632
volume_quality=0.57574
