epsilon_quality=0.0148697
volume_quality=0.302771
