epsilon_quality=0.19546
volume_quality=0.332849
