epsilon_quality=0.0915312
volume_quality=0.0547946
