epsilon_quality=0.150684
volume_quality=0.296118
