epsilon_quality=0.199094
volume_quality=0.230969
