epsilon_quality=0.13404
volume_quality=0.0452162
