epsilon_quality=0.0286231
volume_quality=0.0340886
