epsilon_quality=0.160669
volume_quality=0.229563
