epsilon_quality=0.0624413
volume_quality=0.109951
