epsilon_quality=0.136494
volume_quality=0.408454
