epsilon_quality=0.0252831
volume_quality=0.180681
