gpsEpsilon=137.95
gpsVolume=94.8604
mQualEpsilon=0.0222349
mQualVolume=0.00693352
new_planned_energy=102.446
