gpsEpsilon=85.2406
gpsVolume=102.893
mQualEpsilon=0.0559644
mQualVolume=0.00365744
new_planned_energy=13.4711
