gpsEpsilon=199.387
gpsVolume=112.05
mQualEpsilon=0.0183021
mQualVolume=0.00468991
new_planned_energy=49.481
