gpsEpsilon=35.6715
gpsVolume=115.554
mQualEpsilon=0.0185457
mQualVolume=0.00323334
new_planned_energy=17.7718
