gpsEpsilon=-0.689961
gpsVolume=11.999
mQualEpsilon=0.0513757
mQualVolume=0.010785
new_planned_energy=43.4421
