gpsEpsilon=219.068
gpsVolume=1.97626e-323
mQualEpsilon=0.0012665
mQualVolume=0.000228678
new_planned_energy=36.6894
