gpsEpsilon=145.239
gpsVolume=215.998
mQualEpsilon=0.0183021
mQualVolume=0.00468991
new_planned_energy=51.8327
