epsilon_quality=0.162645
volume_quality=0.231465
