epsilon_quality=0.0193657
volume_quality=0.141836
