epsilon_quality=0.0492655
volume_quality=0.016984
