epsilon_quality=0.0822446
volume_quality=0.025309
