epsilon_quality=0.0469094
volume_quality=0.0132255
