epsilon_quality=2.86229e-17
volume_quality=0.00890744
