epsilon_quality=0.137103
volume_quality=0.0678334
