epsilon_quality=0.133954
volume_quality=0.0843957
