epsilon_quality=0.0691795
volume_quality=0.0936068
