epsilon_quality=0.113732
volume_quality=0.239719
