epsilon_quality=0.0797676
volume_quality=0.022731
