epsilon_quality=0.115576
volume_quality=0.0855684
