epsilon_quality=0.0685255
volume_quality=0.0257233
