epsilon_quality=0.0521773
volume_quality=0.00529897
