epsilon_quality=0.0650234
volume_quality=0.018073
