epsilon_quality=0.462351
volume_quality=5.11336
