epsilon_quality=0.0442189
volume_quality=0.997458
