epsilon_quality=0.167335
volume_quality=0.610126
