epsilon_quality=0.104532
volume_quality=0.267571
