epsilon_quality=0.246547
volume_quality=0.741531
