epsilon_quality=0.136757
volume_quality=0.125032
