epsilon_quality=0.0931409
volume_quality=0.228971
