epsilon_quality=0.0733688
volume_quality=0.0551984
