epsilon_quality=0.0119838
volume_quality=0.00479676
