epsilon_quality=0.00294128
volume_quality=0.0233109
