epsilon_quality=0.0472387
volume_quality=0.0109354
