epsilon_quality=0.0476418
volume_quality=0.0295153
