epsilon_quality=0.0832221
volume_quality=0.0271469
