epsilon_quality=0.0258418
volume_quality=0.0488673
