epsilon_quality=0.0362001
volume_quality=0.0365759
