gpsEpsilon=68.2305
gpsVolume=89.9325
mQualEpsilon=0.821379
mQualVolume=43.8651
new_planned_energy=-0.821379
