gpsEpsilon=67.4959
gpsVolume=90.0689
mQualEpsilon=0.0634708
mQualVolume=0.0304604
new_planned_energy=17.8242
