gpsEpsilon=88.8009
gpsVolume=86.3371
mQualEpsilon=0.118518
mQualVolume=0.0313406
new_planned_energy=21.4646
