gpsEpsilon=86.3044
gpsVolume=92.4613
mQualEpsilon=0.0086727
mQualVolume=0.0221086
new_planned_energy=22.6935
