gpsEpsilon=5.01569e-316
gpsVolume=6.95335e-310
mQualEpsilon=0.78588
mQualVolume=44.1929
new_planned_energy=15.8955
