gpsEpsilon=5.01569e-316
gpsVolume=6.95335e-310
mQualEpsilon=0.659589
mQualVolume=42.7955
new_planned_energy=-0.659589
