gpsEpsilon=5.01569e-316
gpsVolume=6.95335e-310
mQualEpsilon=0.766872
mQualVolume=43.3873
new_planned_energy=-0.766872
