gpsEpsilon=5.01569e-316
gpsVolume=6.95335e-310
mQualEpsilon=0.0258524
mQualVolume=0.0305084
new_planned_energy=15.7304
