gpsEpsilon=1.62075e-315
gpsVolume=6.95335e-310
mQualEpsilon=0.0218863
mQualVolume=0.0163153
new_planned_energy=29.0569
