gpsEpsilon=6.95335e-310
gpsVolume=6.95335e-310
mQualEpsilon=0.127623
mQualVolume=0.0273514
new_planned_energy=11.8144
