gpsEpsilon=6.95335e-310
gpsVolume=6.95335e-310
mQualEpsilon=0.824567
mQualVolume=45.8957
new_planned_energy=-0.824567
