gpsEpsilon=117.264
gpsVolume=147.288
mQualEpsilon=0.103859
mQualVolume=0.0325153
new_planned_energy=31.1289
