gpsEpsilon=101.583
gpsVolume=150.448
mQualEpsilon=0.0476178
mQualVolume=0.0452044
new_planned_energy=39.2807
