gpsEpsilon=69.531
gpsVolume=94.8929
mQualEpsilon=0.0729621
mQualVolume=0.0241513
new_planned_energy=22.5586
