gpsEpsilon=71.4616
gpsVolume=93.2937
mQualEpsilon=0.0056276
mQualVolume=0.0170386
new_planned_energy=18.115
