epsilon_quality=0.112189
volume_quality=0.253994
