epsilon_quality=0.0911909
volume_quality=0.105402
