epsilon_quality=0.0238974
volume_quality=0.00629614
