epsilon_quality=0.0802233
volume_quality=0.583072
