epsilon_quality=0.134956
volume_quality=0.296941
