epsilon_quality=0.0688858
volume_quality=0.297336
