epsilon_quality=0.0202892
volume_quality=0.009888
