epsilon_quality=0.0470032
volume_quality=0.0684671
