epsilon_quality=0.0871308
volume_quality=0.117059
