epsilon_quality=0.049192
volume_quality=0.198643
