epsilon_quality=0.192983
volume_quality=0.95201
