epsilon_quality=0.0688747
volume_quality=0.0719103
