epsilon_quality=0.122571
volume_quality=0.0757438
