epsilon_quality=0.270376
volume_quality=0.576683
