epsilon_quality=0.0344818
volume_quality=0.0470974
