epsilon_quality=0.0585797
volume_quality=0.136358
