epsilon_quality=0.0749811
volume_quality=0.0659678
