epsilon_quality=0.0295573
volume_quality=0.0227604
