epsilon_quality=0.0169576
volume_quality=0.00563401
