epsilon_quality=0.0160131
volume_quality=0.014655
