epsilon_quality=0.193862
volume_quality=0.572452
