epsilon_quality=0.121651
volume_quality=0.553786
