epsilon_quality=0.0838377
volume_quality=0.0714508
