epsilon_quality=0.0911809
volume_quality=0.342549
