epsilon_quality=0.0814328
volume_quality=0.0450444
