epsilon_quality=0.0331945
volume_quality=0.205549
