epsilon_quality=0.0460504
volume_quality=0.0521263
