epsilon_quality=0.120472
volume_quality=0.279595
