epsilon_quality=0.12832
volume_quality=0.888981
