epsilon_quality=0.148361
volume_quality=0.509828
