epsilon_quality=0.0556268
volume_quality=0.243622
