epsilon_quality=0.151048
volume_quality=0.109611
