epsilon_quality=0.180172
volume_quality=0.568135
