epsilon_quality=0.086004
volume_quality=0.0761097
