epsilon_quality=0.100531
volume_quality=0.0594754
