epsilon_quality=0.180182
volume_quality=0.157502
