epsilon_quality=0.0732085
volume_quality=0.0607082
