epsilon_quality=0.0580305
volume_quality=0.0517423
