epsilon_quality=0.032722
volume_quality=0.0138681
