epsilon_quality=0.204684
volume_quality=0.409148
