epsilon_quality=0.0286772
volume_quality=0.0249056
