epsilon_quality=0.240481
volume_quality=0.410287
