epsilon_quality=0.166336
volume_quality=0.255307
