epsilon_quality=0.116407
volume_quality=0.0916298
