epsilon_quality=0.0241209
volume_quality=0.00226257
