epsilon_quality=0.117104
volume_quality=0.296974
