epsilon_quality=0.190048
volume_quality=0.41261
