epsilon_quality=0.196885
volume_quality=0.293049
