epsilon_quality=0.0932124
volume_quality=0.057402
