epsilon_quality=0.0504644
volume_quality=0.0145907
