epsilon_quality=0.0519639
volume_quality=0.0190038
