epsilon_quality=0.00420014
volume_quality=0.00122739
