epsilon_quality=0.0486922
volume_quality=0.00722447
