epsilon_quality=0.107371
volume_quality=0.084873
