epsilon_quality=0.024544
volume_quality=0.0460508
