epsilon_quality=0.0399527
volume_quality=0.0260905
