epsilon_quality=0.014915
volume_quality=0.203159
