epsilon_quality=0.0539807
volume_quality=0.085414
