epsilon_quality=0.0559222
volume_quality=0.11663
