epsilon_quality=0.0882001
volume_quality=0.241293
