epsilon_quality=0.153043
volume_quality=0.164178
