epsilon_quality=0.115879
volume_quality=0.35298
