epsilon_quality=0.0868895
volume_quality=0.229269
