epsilon_quality=0.0565004
volume_quality=0.0397604
