epsilon_quality=0.224818
volume_quality=0.460307
