epsilon_quality=0.267318
volume_quality=0.666373
