epsilon_quality=0.0646488
volume_quality=0.0114945
