epsilon_quality=0.0499399
volume_quality=0.0556345
