epsilon_quality=0.0110371
volume_quality=0.0782918
