epsilon_quality=0.0830882
volume_quality=0.023169
