epsilon_quality=0.327837
volume_quality=2.69506
