epsilon_quality=0.141296
volume_quality=0.774337
