epsilon_quality=0.157975
volume_quality=0.707021
