epsilon_quality=0.0782885
volume_quality=0.0132128
