epsilon_quality=0.0916502
volume_quality=0.0753974
