epsilon_quality=0.00240511
volume_quality=0.0988683
