epsilon_quality=0.0818686
volume_quality=0.150185
