epsilon_quality=0.0527433
volume_quality=0.0544173
