epsilon_quality=0.110343
volume_quality=0.460296
