epsilon_quality=0.0119356
volume_quality=0.0105086
