epsilon_quality=0.19666
volume_quality=0.801478
