epsilon_quality=0.0746956
volume_quality=0.107141
