epsilon_quality=0.00967097
volume_quality=0.122126
