epsilon_quality=0.136265
volume_quality=0.724117
