epsilon_quality=0.0556977
volume_quality=0.0628098
