epsilon_quality=0.11727
volume_quality=0.123421
