epsilon_quality=0.358379
volume_quality=5.87111
