epsilon_quality=0.529825
volume_quality=8.15378
