epsilon_quality=0.675457
volume_quality=8.99959
