epsilon_quality=0.267909
volume_quality=4.50081
