epsilon_quality=0.402299
volume_quality=6.05345
