epsilon_quality=0.0741955
volume_quality=0.17697
