epsilon_quality=0.0930438
volume_quality=0.0808761
