epsilon_quality=0.120992
volume_quality=0.13195
