epsilon_quality=0.018046
volume_quality=0.089264
