epsilon_quality=0.103183
volume_quality=0.0466913
