epsilon_quality=0.0293517
volume_quality=0.0163024
