epsilon_quality=0.0684908
volume_quality=0.0456174
