epsilon_quality=0.063174
volume_quality=0.0402373
