epsilon_quality=0.0344387
volume_quality=0.0783422
