epsilon_quality=0.0874065
volume_quality=0.0572297
