epsilon_quality=0.0711424
volume_quality=0.0614463
