epsilon_quality=0.0523768
volume_quality=0.0154922
