epsilon_quality=0.248725
volume_quality=0.849776
