epsilon_quality=0.184143
volume_quality=0.333027
