epsilon_quality=0.0774155
volume_quality=0.0986243
