epsilon_quality=0.0738549
volume_quality=0.0523871
