epsilon_quality=0.194658
volume_quality=0.876125
