epsilon_quality=0.166627
volume_quality=0.393009
