epsilon_quality=0.07731
volume_quality=0.0282367
