epsilon_quality=0.236628
volume_quality=0.582192
