epsilon_quality=0.12474
volume_quality=0.21746
