epsilon_quality=0.237647
volume_quality=0.232315
