epsilon_quality=0.0234489
volume_quality=0.0737613
