epsilon_quality=0.125825
volume_quality=0.140092
