epsilon_quality=0.0313627
volume_quality=0.0163706
