epsilon_quality=0.0634398
volume_quality=0.033918
