epsilon_quality=0.143964
volume_quality=0.171177
