epsilon_quality=0.158708
volume_quality=0.241848
