epsilon_quality=0.129943
volume_quality=0.159214
