epsilon_quality=0.176833
volume_quality=0.438918
