epsilon_quality=0.0976159
volume_quality=0.130313
