epsilon_quality=0.0865367
volume_quality=0.0560138
