epsilon_quality=0.0133575
volume_quality=0.00432874
