epsilon_quality=0.115806
volume_quality=0.155843
