epsilon_quality=0.0947824
volume_quality=0.12221
