epsilon_quality=0.0314084
volume_quality=0.00158279
