epsilon_quality=0.0649038
volume_quality=0.00557305
