epsilon_quality=0.160647
volume_quality=0.404828
