epsilon_quality=0.12815
volume_quality=0.614217
