epsilon_quality=0.038164
volume_quality=0.0192696
