epsilon_quality=0.00499893
volume_quality=0.00701008
