epsilon_quality=0.0201263
volume_quality=0.037731
