epsilon_quality=0.00824839
volume_quality=0.0302835
