epsilon_quality=0.146426
volume_quality=1.40281
