epsilon_quality=0.110606
volume_quality=0.208134
