epsilon_quality=0.00206245
volume_quality=0.0625578
