epsilon_quality=0.060162
volume_quality=0.131281
