epsilon_quality=0.0746233
volume_quality=0.0525736
