epsilon_quality=0.0562451
volume_quality=0.0768269
