epsilon_quality=0.10517
volume_quality=0.103281
