epsilon_quality=0.124464
volume_quality=0.120189
