epsilon_quality=0.0550559
volume_quality=0.173948
