epsilon_quality=0.0479533
volume_quality=0.0280792
