epsilon_quality=0.18657
volume_quality=0.323553
