epsilon_quality=0.0924856
volume_quality=0.548872
