epsilon_quality=0.111499
volume_quality=0.170094
