epsilon_quality=0.117441
volume_quality=0.0839258
