epsilon_quality=0.112997
volume_quality=0.235727
