epsilon_quality=0.305099
volume_quality=1.60819
