epsilon_quality=0.0156477
volume_quality=0.109296
