epsilon_quality=0.166048
volume_quality=0.0896489
