epsilon_quality=0.0414411
volume_quality=0.00833963
