epsilon_quality=0.244182
volume_quality=0.742042
