epsilon_quality=0.151356
volume_quality=0.373298
