epsilon_quality=0.0510478
volume_quality=0.0435818
