epsilon_quality=0.174064
volume_quality=0.243722
