epsilon_quality=0.0538467
volume_quality=0.0365081
