epsilon_quality=0.118587
volume_quality=0.118009
