epsilon_quality=0.0935281
volume_quality=0.0624204
