epsilon_quality=0.0773759
volume_quality=0.0438251
