epsilon_quality=0.0579366
volume_quality=0.00698014
