epsilon_quality=0.0148175
volume_quality=0.0102263
