epsilon_quality=0.0720425
volume_quality=0.133662
