epsilon_quality=0.143334
volume_quality=0.0794673
