epsilon_quality=0.0458519
volume_quality=0.108892
