epsilon_quality=0.0497213
volume_quality=0.18291
