epsilon_quality=0.279815
volume_quality=0.46278
