epsilon_quality=0.0165465
volume_quality=0.0150483
