epsilon_quality=0.100425
volume_quality=0.0690844
