epsilon_quality=0.0379085
volume_quality=0.0838631
