epsilon_quality=0.15201
volume_quality=0.450556
