epsilon_quality=0.194096
volume_quality=1.24308
