epsilon_quality=0.134994
volume_quality=0.173806
