epsilon_quality=0.168904
volume_quality=0.134301
