epsilon_quality=0.098358
volume_quality=0.144156
