epsilon_quality=0.0829899
volume_quality=0.188123
