epsilon_quality=0.113892
volume_quality=1.89409
