epsilon_quality=0.150447
volume_quality=0.332926
