epsilon_quality=0.0783188
volume_quality=0.15593
