epsilon_quality=0.133032
volume_quality=0.419165
