epsilon_quality=0.0814553
volume_quality=0.0216967
