epsilon_quality=0.137832
volume_quality=0.223608
