epsilon_quality=0.0195375
volume_quality=0.00378235
