epsilon_quality=0.00998712
volume_quality=0.0283032
