epsilon_quality=0.0967095
volume_quality=0.0841639
