epsilon_quality=0.0973868
volume_quality=0.118695
