epsilon_quality=0.115575
volume_quality=0.722417
