epsilon_quality=0.0566781
volume_quality=0.221423
