epsilon_quality=0.117798
volume_quality=0.181322
