epsilon_quality=0.0060984
volume_quality=0.321018
