epsilon_quality=0.0528699
volume_quality=0.056442
