epsilon_quality=0.150778
volume_quality=0.277935
