epsilon_quality=0.232261
volume_quality=0.667379
