epsilon_quality=0.195851
volume_quality=0.441312
