epsilon_quality=0.0182533
volume_quality=0.338093
