epsilon_quality=0.0597602
volume_quality=0.0347376
