epsilon_quality=0.0012317
volume_quality=0.106646
