epsilon_quality=0.0151551
volume_quality=0.00606975
