epsilon_quality=0.0980019
volume_quality=0.243642
