epsilon_quality=0.256506
volume_quality=0.912635
