epsilon_quality=0.307389
volume_quality=1.80384
