epsilon_quality=0.0200321
volume_quality=0.198014
