epsilon_quality=0.120055
volume_quality=0.0920381
