epsilon_quality=0.262342
volume_quality=0.848489
