gpsEpsilon=8.28772e-316
gpsVolume=8.28777e-316
mQualEpsilon=-1
mQualVolume=0.00396445
new_planned_energy=75.5165
