gpsEpsilon=-0.000156812
gpsVolume=1.58541e-314
mQualEpsilon=0.0747389
mQualVolume=0.00854819
new_planned_energy=57.2972
