gpsEpsilon=2.85629e-316
gpsVolume=2.19235e-316
mQualEpsilon=-1
mQualVolume=0.00156409
new_planned_energy=74.4962
