gpsEpsilon=17.8502
gpsVolume=246.719
mQualEpsilon=0.0194762
mQualVolume=0.00362406
new_planned_energy=58.9861
