gpsEpsilon=18.0959
gpsVolume=234.374
mQualEpsilon=0.00883468
mQualVolume=0.000732904
new_planned_energy=74.6464
