gpsEpsilon=3.99678e-316
gpsVolume=1.58101e-322
mQualEpsilon=0.0357755
mQualVolume=0.00304215
new_planned_energy=57.1274
