gpsEpsilon=0.236267
gpsVolume=-0.709453
mQualEpsilon=0.0343479
mQualVolume=0.00257989
new_planned_energy=49.407
