gpsEpsilon=0.451186
gpsVolume=0.761245
mQualEpsilon=0.00566065
mQualVolume=0.0021587
new_planned_energy=32.8689
