gpsEpsilon=6.36599e-314
gpsVolume=4.79663e-316
mQualEpsilon=-1
mQualVolume=0.000741343
new_planned_energy=63.3453
