gpsEpsilon=5.72914e-316
gpsVolume=6.95335e-310
mQualEpsilon=-1
mQualVolume=0.000641253
new_planned_energy=71.5702
