gpsEpsilon=0
gpsVolume=0
mQualEpsilon=0.0141299
mQualVolume=0.0123793
new_planned_energy=82.9167
