gpsEpsilon=0
gpsVolume=2.42092e-322
mQualEpsilon=0.0536555
mQualVolume=0.00233601
new_planned_energy=58.9167
