gpsEpsilon=0
gpsVolume=2.42092e-322
mQualEpsilon=0.035723
mQualVolume=0.00553205
new_planned_energy=27.5631
