epsilon_quality=0.313262
volume_quality=1.93469
