epsilon_quality=0.0517002
volume_quality=0.0747829
