epsilon_quality=0.243983
volume_quality=0.565342
