epsilon_quality=0.0915614
volume_quality=0.724608
