epsilon_quality=0.114173
volume_quality=0.534338
