epsilon_quality=0.162686
volume_quality=0.645205
