epsilon_quality=0.122876
volume_quality=0.437471
