epsilon_quality=0.0880647
volume_quality=0.0308949
