epsilon_quality=0.0659672
volume_quality=0.150187
