epsilon_quality=0.0327127
volume_quality=0.0809964
