epsilon_quality=0.0719251
volume_quality=0.0510295
