epsilon_quality=0.161611
volume_quality=0.214866
