epsilon_quality=0.053157
volume_quality=0.0397771
