epsilon_quality=0.105294
volume_quality=0.0301992
