epsilon_quality=0.110391
volume_quality=0.125809
