epsilon_quality=0.0524627
volume_quality=0.0302461
