epsilon_quality=0.0514322
volume_quality=0.0371104
