epsilon_quality=0.0495087
volume_quality=0.0160384
