epsilon_quality=0.0615903
volume_quality=0.159657
