epsilon_quality=0.179631
volume_quality=0.591918
