epsilon_quality=0.0930293
volume_quality=0.074062
