epsilon_quality=0.167229
volume_quality=0.195374
