epsilon_quality=0.153972
volume_quality=0.323336
