epsilon_quality=0.0306687
volume_quality=0.0166879
