epsilon_quality=0.0501987
volume_quality=0.0267949
