epsilon_quality=0.0474741
volume_quality=0.112615
