epsilon_quality=0.024651
volume_quality=0.134472
