epsilon_quality=0.0464027
volume_quality=0.0172704
