epsilon_quality=0.0919188
volume_quality=0.184892
