epsilon_quality=0.0870552
volume_quality=0.0943735
