epsilon_quality=0.116471
volume_quality=0.164201
