epsilon_quality=0.0176117
volume_quality=0.0255157
