epsilon_quality=0.0135396
volume_quality=0.0134669
