epsilon_quality=0.0152725
volume_quality=0.00467037
