epsilon_quality=0.054433
volume_quality=0.00949388
