epsilon_quality=0.0311427
volume_quality=0.0400477
