epsilon_quality=0.0520207
volume_quality=0.0777833
