epsilon_quality=0.0273072
volume_quality=0.0343141
