epsilon_quality=0.00853563
volume_quality=0.00483224
