epsilon_quality=0.065549
volume_quality=0.0198967
