epsilon_quality=0.0929724
volume_quality=0.364012
