epsilon_quality=0.269607
volume_quality=1.07446
