epsilon_quality=0.0486871
volume_quality=0.126961
