epsilon_quality=0.0262707
volume_quality=0.0129587
