epsilon_quality=0.143004
volume_quality=0.456998
