epsilon_quality=0.0507828
volume_quality=0.0111093
