epsilon_quality=0.138166
volume_quality=0.133726
