epsilon_quality=0.137557
volume_quality=0.217502
