epsilon_quality=0.093274
volume_quality=0.245093
