epsilon_quality=0.121059
volume_quality=0.234895
