epsilon_quality=0.120842
volume_quality=0.0843212
