epsilon_quality=0.112146
volume_quality=0.148435
