epsilon_quality=0.0136269
volume_quality=0.13812
