epsilon_quality=0.155098
volume_quality=0.343013
