epsilon_quality=0.234062
volume_quality=0.435479
