epsilon_quality=0.0296508
volume_quality=0.0166915
