epsilon_quality=0.0490758
volume_quality=0.0312904
