epsilon_quality=0.0331019
volume_quality=0.0489925
