epsilon_quality=0.0679136
volume_quality=0.0587585
