gpsEpsilon=32.7637
gpsVolume=156.323
mQualEpsilon=0.00357626
mQualVolume=0.0143523
new_planned_energy=37.042
