gpsEpsilon=10.7301
gpsVolume=-4.17531
mQualEpsilon=-1
mQualVolume=0.0317609
new_planned_energy=67.924
