gpsEpsilon=2.37152e-322
gpsVolume=3.16202e-322
mQualEpsilon=0.00606817
mQualVolume=0.00472886
new_planned_energy=62.9873
