gpsEpsilon=1.05797e-315
gpsVolume=0
mQualEpsilon=-1
mQualVolume=0.0146209
new_planned_energy=96.0326
