gpsEpsilon=1.14829e-316
gpsVolume=0
mQualEpsilon=-1
mQualVolume=0.0190723
new_planned_energy=88.5678
