gpsEpsilon=1.24755e-315
gpsVolume=0
mQualEpsilon=0.0260506
mQualVolume=0.00976581
new_planned_energy=77.0505
