gpsEpsilon=1.61062e-315
gpsVolume=0
mQualEpsilon=-1
mQualVolume=0.00188777
new_planned_energy=18.274
