gpsEpsilon=1.06189e-315
gpsVolume=0.0206953
mQualEpsilon=-1
mQualVolume=2.87853e-05
new_planned_energy=30.7767
