gpsEpsilon=1.57045e-315
gpsVolume=0
mQualEpsilon=-1
mQualVolume=0.0034692
new_planned_energy=52.1435
