gpsEpsilon=1.53775e-315
gpsVolume=0
mQualEpsilon=0.0639879
mQualVolume=0.00585307
new_planned_energy=49.3629
