epsilon_quality=0.00791122
volume_quality=0.00772098
