epsilon_quality=0.324942
volume_quality=1.94991
