epsilon_quality=0.30149
volume_quality=1.44183
