epsilon_quality=0.000178853
volume_quality=0.00780342
