epsilon_quality=0.116909
volume_quality=0.249122
