epsilon_quality=0.147015
volume_quality=0.151404
