epsilon_quality=0.199943
volume_quality=0.206024
