epsilon_quality=0.00145872
volume_quality=0.0128232
