epsilon_quality=0.0237253
volume_quality=0.00502667
