epsilon_quality=0.186606
volume_quality=0.173828
