epsilon_quality=0.109228
volume_quality=0.289754
