epsilon_quality=0.111065
volume_quality=0.133089
