epsilon_quality=0.125739
volume_quality=0.244715
