epsilon_quality=0.0291444
volume_quality=0.00526001
