epsilon_quality=0.0582359
volume_quality=0.0110479
