epsilon_quality=0.276769
volume_quality=0.887252
