epsilon_quality=0.0856091
volume_quality=0.192029
