epsilon_quality=0.109813
volume_quality=0.290007
