epsilon_quality=0.0454013
volume_quality=0.064276
