epsilon_quality=0.177062
volume_quality=0.352304
