epsilon_quality=0.0571302
volume_quality=0.0301378
