epsilon_quality=0.0648682
volume_quality=0.0620036
