epsilon_quality=0.00427318
volume_quality=0.110196
