epsilon_quality=0.05843
volume_quality=0.0193364
