epsilon_quality=0.0886681
volume_quality=0.042362
