epsilon_quality=0.0518993
volume_quality=0.0133859
