epsilon_quality=0.00192807
volume_quality=0.00421202
