epsilon_quality=0.0448016
volume_quality=0.00588637
