epsilon_quality=0.00235704
volume_quality=0.0251122
