epsilon_quality=0.0248895
volume_quality=0.0460633
