epsilon_quality=0.0654343
volume_quality=0.0259715
