epsilon_quality=0.0562277
volume_quality=0.0625005
