epsilon_quality=0.0267331
volume_quality=0.0803748
