epsilon_quality=0.110158
volume_quality=0.0917448
