epsilon_quality=0.0203577
volume_quality=0.386023
