epsilon_quality=0.107971
volume_quality=0.0892916
