epsilon_quality=0.00387428
volume_quality=0.00379881
