epsilon_quality=0.0349976
volume_quality=0.0351743
