epsilon_quality=0.0213797
volume_quality=0.00374235
