epsilon_quality=0.0842471
volume_quality=0.135037
