epsilon_quality=0.0134885
volume_quality=0.0114657
