epsilon_quality=0.0797589
volume_quality=0.157843
