epsilon_quality=0.228332
volume_quality=0.686807
