epsilon_quality=0.0780325
volume_quality=0.466467
