epsilon_quality=0.20381
volume_quality=0.646779
