epsilon_quality=0.103852
volume_quality=0.139373
