epsilon_quality=0.0310974
volume_quality=0.13614
