epsilon_quality=0.0658922
volume_quality=0.0237906
