epsilon_quality=0.033909
volume_quality=0.0160599
