epsilon_quality=0.0509973
volume_quality=0.0439132
