epsilon_quality=0.0739007
volume_quality=0.0467237
