epsilon_quality=0.336327
volume_quality=2.01382
