epsilon_quality=0.00408977
volume_quality=0.000276802
