epsilon_quality=0.0930663
volume_quality=0.114446
