epsilon_quality=0.206851
volume_quality=0.446993
