epsilon_quality=0.0528561
volume_quality=0.0975096
