epsilon_quality=0.113985
volume_quality=0.0840443
