epsilon_quality=0.0440513
volume_quality=0.00302234
