epsilon_quality=0.00347975
volume_quality=0.0383239
