epsilon_quality=0.162269
volume_quality=0.148277
