epsilon_quality=0.131881
volume_quality=0.511512
