epsilon_quality=0.154812
volume_quality=0.264466
