epsilon_quality=0.197709
volume_quality=0.347815
