epsilon_quality=0.0237189
volume_quality=0.0253095
