epsilon_quality=0.0518756
volume_quality=0.0185374
