epsilon_quality=0.157356
volume_quality=0.14838
