epsilon_quality=0.137857
volume_quality=0.12643
