epsilon_quality=0.167611
volume_quality=0.345609
