epsilon_quality=0.164636
volume_quality=0.195545
