epsilon_quality=0.016706
volume_quality=0.126689
