epsilon_quality=0.149389
volume_quality=0.431133
