epsilon_quality=0.0189802
volume_quality=0.02793
