epsilon_quality=0.09397
volume_quality=0.503509
