epsilon_quality=0.104275
volume_quality=0.0845058
