epsilon_quality=0.160262
volume_quality=0.562117
