epsilon_quality=0.245241
volume_quality=0.732583
