epsilon_quality=0.0545606
volume_quality=0.0367517
