epsilon_quality=0.0663023
volume_quality=0.0198181
