epsilon_quality=0.148391
volume_quality=0.373462
