epsilon_quality=0.132664
volume_quality=0.122725
