epsilon_quality=0.0148015
volume_quality=0.0186544
