epsilon_quality=0.18066
volume_quality=0.690559
