epsilon_quality=0.0376453
volume_quality=0.00330194
