epsilon_quality=0.0424619
volume_quality=0.0232764
