epsilon_quality=0.11259
volume_quality=0.227295
