epsilon_quality=0.0416078
volume_quality=0.107251
