epsilon_quality=0.00817037
volume_quality=0.304914
