epsilon_quality=0.24466
volume_quality=1.14066
