epsilon_quality=0.280935
volume_quality=1.31224
