epsilon_quality=0.0697958
volume_quality=0.133121
