epsilon_quality=0.225818
volume_quality=0.939083
