epsilon_quality=0.0369321
volume_quality=0.360799
