epsilon_quality=0.071955
volume_quality=0.312694
