epsilon_quality=0.00426231
volume_quality=0.0818241
