epsilon_quality=0.0180039
volume_quality=0.00805611
