gpsEpsilon=107.783
gpsVolume=2.42092e-322
mQualEpsilon=0.00530553
mQualVolume=0.000617928
new_planned_energy=49.1267
