gpsEpsilon=0.0078125
gpsVolume=0
mQualEpsilon=0.00207584
mQualVolume=0.000873607
new_planned_energy=73.2716
