gpsEpsilon=0.0078125
gpsVolume=0
mQualEpsilon=0.012882
mQualVolume=0.0118261
new_planned_energy=37.7461
