gpsEpsilon=0
gpsVolume=0
mQualEpsilon=0.0405722
mQualVolume=0.00586953
new_planned_energy=93.3893
