gpsEpsilon=6.2867e-316
gpsVolume=1.91479e-316
mQualEpsilon=0.0103067
mQualVolume=0.000250648
new_planned_energy=53.0073
