gpsEpsilon=3.74799e-316
gpsVolume=8.38092e-316
mQualEpsilon=-1
mQualVolume=0.00158399
new_planned_energy=41.4298
