gpsEpsilon=103.869
gpsVolume=2.42092e-322
mQualEpsilon=0.0102335
mQualVolume=0.000192364
new_planned_energy=62.6055
