gpsEpsilon=95.8566
gpsVolume=2.42092e-322
mQualEpsilon=-1
mQualVolume=0.000435031
new_planned_energy=72.0833
