gpsEpsilon=103.337
gpsVolume=2.42092e-322
mQualEpsilon=0.0245457
mQualVolume=0.00175745
new_planned_energy=33.6547
