gpsEpsilon=103.455
gpsVolume=2.42092e-322
mQualEpsilon=0.0102335
mQualVolume=0.000192364
new_planned_energy=50.8721
