gpsEpsilon=98.3442
gpsVolume=2.42092e-322
mQualEpsilon=0.00715912
mQualVolume=0.00169841
new_planned_energy=49.7807
