gpsEpsilon=104.447
gpsVolume=2.42092e-322
mQualEpsilon=-1
mQualVolume=0.00143283
new_planned_energy=62.7728
