epsilon_quality=0.0383421
volume_quality=0.0126789
