epsilon_quality=0.109487
volume_quality=0.18757
