epsilon_quality=0.105518
volume_quality=0.166612
