epsilon_quality=0.0389319
volume_quality=0.0324592
