epsilon_quality=0.0456865
volume_quality=0.11475
