epsilon_quality=0.0644077
volume_quality=0.0208849
