epsilon_quality=0.122138
volume_quality=0.0721116
