epsilon_quality=0.221828
volume_quality=1.34253
