epsilon_quality=0.10582
volume_quality=0.0493865
