epsilon_quality=0.135146
volume_quality=0.104571
