epsilon_quality=0.047258
volume_quality=0.0361942
