epsilon_quality=0.0979964
volume_quality=0.225673
