epsilon_quality=0.124382
volume_quality=0.211408
