epsilon_quality=0.00953604
volume_quality=0.037282
