epsilon_quality=0.0905913
volume_quality=0.123897
