epsilon_quality=0.015094
volume_quality=0.00446611
