epsilon_quality=0.0939155
volume_quality=0.558564
