epsilon_quality=0.0654087
volume_quality=0.0561135
