epsilon_quality=0.149576
volume_quality=0.15754
