epsilon_quality=0.155861
volume_quality=0.345079
