gpsEpsilon=1.72804e-315
gpsVolume=0
mQualEpsilon=0.0408774
mQualVolume=0.0101515
new_planned_energy=46.1135
