gpsEpsilon=1.61073e-315
gpsVolume=8.23128e-316
mQualEpsilon=0.0509533
mQualVolume=0.0260327
new_planned_energy=46.445
