gpsEpsilon=104.48
gpsVolume=9.28825
mQualEpsilon=-1
mQualVolume=0.0377633
new_planned_energy=55.8109
