gpsEpsilon=118.452
gpsVolume=38.4434
mQualEpsilon=0.0956177
mQualVolume=0.0133797
new_planned_energy=98.1313
