gpsEpsilon=114.273
gpsVolume=47.7172
mQualEpsilon=0.0461078
mQualVolume=0.0091532
new_planned_energy=41.2402
