gpsEpsilon=1.27328e-315
gpsVolume=1.27328e-315
mQualEpsilon=0.0277659
mQualVolume=0.0137539
new_planned_energy=82.5632
