gpsEpsilon=129.843
gpsVolume=113.959
mQualEpsilon=0.108868
mQualVolume=0.0451785
new_planned_energy=64.5625
