gpsEpsilon=125.94
gpsVolume=120.561
mQualEpsilon=0.0301019
mQualVolume=0.00836476
new_planned_energy=41.8168
