gpsEpsilon=5.84091e-316
gpsVolume=0
mQualEpsilon=0.026227
mQualVolume=0.0112904
new_planned_energy=48.3013
