gpsEpsilon=153.613
gpsVolume=93.3221
mQualEpsilon=0.0116309
mQualVolume=0.0152866
new_planned_energy=28.0368
