gpsEpsilon=143.729
gpsVolume=116.765
mQualEpsilon=0.0565835
mQualVolume=0.0150174
new_planned_energy=41.8974
