gpsEpsilon=1.3575e-315
gpsVolume=0
mQualEpsilon=0.0115674
mQualVolume=0.000820308
new_planned_energy=94.6753
