gpsEpsilon=-0.452617
gpsVolume=3.21143e-322
mQualEpsilon=0.0736855
mQualVolume=0.0285345
new_planned_energy=72.6765
