epsilon_quality=0.171228
volume_quality=0.695826
