epsilon_quality=0.0542588
volume_quality=0.113678
