epsilon_quality=0.0125835
volume_quality=0.0356674
