epsilon_quality=0.172497
volume_quality=0.297736
