epsilon_quality=0.208197
volume_quality=0.418565
