epsilon_quality=0.0954663
volume_quality=0.0451242
