epsilon_quality=0.0474027
volume_quality=0.0149335
