epsilon_quality=0.347421
volume_quality=1.56968
