epsilon_quality=0.12141
volume_quality=0.203553
