epsilon_quality=0.0166991
volume_quality=0.131318
