epsilon_quality=0.0856784
volume_quality=0.124174
