epsilon_quality=0.183659
volume_quality=0.187278
