epsilon_quality=0.0221513
volume_quality=0.0351169
