epsilon_quality=0.0771455
volume_quality=0.0760372
