epsilon_quality=0.0582984
volume_quality=0.0399614
