epsilon_quality=0.199588
volume_quality=0.623071
