epsilon_quality=0.111592
volume_quality=0.0550755
