epsilon_quality=0.0693313
volume_quality=0.0477659
