epsilon_quality=0.0354368
volume_quality=0.0342436
