epsilon_quality=0.0339814
volume_quality=0.0369804
