epsilon_quality=0.0423255
volume_quality=0.0261745
