epsilon_quality=0.12268
volume_quality=0.376033
