epsilon_quality=0.0624116
volume_quality=0.0258248
