epsilon_quality=0.0296762
volume_quality=0.0024452
