epsilon_quality=0.188555
volume_quality=0.36329
