epsilon_quality=0.210317
volume_quality=0.483056
