epsilon_quality=0.149148
volume_quality=0.207591
