epsilon_quality=0.0224277
volume_quality=0.00873796
