epsilon_quality=0.114703
volume_quality=0.106939
