epsilon_quality=0.0496049
volume_quality=0.0256712
