epsilon_quality=0.0478358
volume_quality=0.0218833
