epsilon_quality=0.0155911
volume_quality=0.0287116
