epsilon_quality=0.0283034
volume_quality=0.399565
