epsilon_quality=0.00904431
volume_quality=0.000134818
