epsilon_quality=0.0297141
volume_quality=0.0543454
