epsilon_quality=0.0576102
volume_quality=0.0225821
