epsilon_quality=0.0258018
volume_quality=0.019557
