epsilon_quality=0.0530229
volume_quality=0.00426567
