epsilon_quality=0.0251159
volume_quality=0.122625
