epsilon_quality=0.0399749
volume_quality=0.057197
