epsilon_quality=0.0589822
volume_quality=0.0122023
