epsilon_quality=0.133139
volume_quality=0.130741
