epsilon_quality=0.011517
volume_quality=0.0200505
