epsilon_quality=0.0602432
volume_quality=0.0530201
