epsilon_quality=0.128153
volume_quality=0.0754262
