epsilon_quality=0.161637
volume_quality=0.254261
