epsilon_quality=0.0936068
volume_quality=0.0979389
