epsilon_quality=0.195846
volume_quality=0.439002
