epsilon_quality=0.107542
volume_quality=0.14381
