epsilon_quality=0.115706
volume_quality=0.201403
