gpsEpsilon=26.8293
gpsVolume=74.0575
mQualEpsilon=0.0580546
mQualVolume=0.00429624
new_planned_energy=83.0619
