gpsEpsilon=1.01437e-315
gpsVolume=-0.217168
mQualEpsilon=-1
mQualVolume=0.00158634
new_planned_energy=68.8851
