gpsEpsilon=38.0058
gpsVolume=94.7811
mQualEpsilon=0.0125126
mQualVolume=0.000570473
new_planned_energy=76.8128
