gpsEpsilon=51.8325
gpsVolume=66.406
mQualEpsilon=0.0286944
mQualVolume=0.00407504
new_planned_energy=63.3726
