gpsEpsilon=44.292
gpsVolume=65.6692
mQualEpsilon=0.0180423
mQualVolume=0.00103133
new_planned_energy=46.8874
