epsilon_quality=0.0705344
volume_quality=0.0619868
