epsilon_quality=0.0146244
volume_quality=0.00118024
