epsilon_quality=0.116618
volume_quality=0.171498
