epsilon_quality=0.0703532
volume_quality=0.0604643
