epsilon_quality=0.064982
volume_quality=0.0595774
