epsilon_quality=0.166367
volume_quality=0.314051
