epsilon_quality=0.119034
volume_quality=0.386186
