epsilon_quality=0.105735
volume_quality=0.291405
