epsilon_quality=0.0872503
volume_quality=0.190758
