epsilon_quality=0.134976
volume_quality=0.622798
