gpsEpsilon=119.61
gpsVolume=114.459
mQualEpsilon=0.0892281
mQualVolume=0.0555202
new_planned_energy=23.7376
