gpsEpsilon=88.0577
gpsVolume=82.5726
mQualEpsilon=1.00255
mQualVolume=42.5388
new_planned_energy=-1.00255
