gpsEpsilon=88.0577
gpsVolume=82.5726
mQualEpsilon=0.143777
mQualVolume=0.0508075
new_planned_energy=53.3489
