gpsEpsilon=27.6878
gpsVolume=88.5548
mQualEpsilon=0.0175917
mQualVolume=0.00142471
new_planned_energy=35.7108
