gpsEpsilon=27.7122
gpsVolume=88.5175
mQualEpsilon=0.117914
mQualVolume=0.0784215
new_planned_energy=62.8758
