gpsEpsilon=39.4193
gpsVolume=99.0882
mQualEpsilon=0.0470935
mQualVolume=0.01783
new_planned_energy=51.0443
