gpsEpsilon=143.208
gpsVolume=130.141
mQualEpsilon=0.0199576
mQualVolume=0.0173589
new_planned_energy=97.5221
