gpsEpsilon=108.704
gpsVolume=71.7829
mQualEpsilon=0.0646834
mQualVolume=0.0121567
new_planned_energy=48.2776
