gpsEpsilon=88.7738
gpsVolume=46.2435
mQualEpsilon=0.082435
mQualVolume=0.0171697
new_planned_energy=55.6988
