gpsEpsilon=88.3107
gpsVolume=59.9981
mQualEpsilon=0.0213938
mQualVolume=0.0102528
new_planned_energy=54.4775
