gpsEpsilon=64.0964
gpsVolume=65.6234
mQualEpsilon=0.11253
mQualVolume=0.0436666
new_planned_energy=43.4259
