gpsEpsilon=104.355
gpsVolume=109.258
mQualEpsilon=0.085664
mQualVolume=0.0445834
new_planned_energy=26.6519
