epsilon_quality=0.09378
volume_quality=0.0638406
