epsilon_quality=0.0680619
volume_quality=0.0571332
