epsilon_quality=0.129343
volume_quality=0.559686
