epsilon_quality=0.119792
volume_quality=0.763178
