epsilon_quality=0.126882
volume_quality=0.255262
