epsilon_quality=0.0756315
volume_quality=0.704431
