epsilon_quality=0.143095
volume_quality=0.68764
