epsilon_quality=0.0321755
volume_quality=0.0520932
