epsilon_quality=0.042199
volume_quality=0.142221
