epsilon_quality=0.214334
volume_quality=0.291392
