epsilon_quality=0.161781
volume_quality=0.163367
