epsilon_quality=0.102719
volume_quality=0.0374277
