epsilon_quality=0.00369218
volume_quality=0.0946813
