epsilon_quality=0.0585361
volume_quality=0.159428
