epsilon_quality=0.118341
volume_quality=0.0496065
