epsilon_quality=0.0710718
volume_quality=0.184936
