epsilon_quality=0.0939808
volume_quality=0.36851
