epsilon_quality=0.0364712
volume_quality=0.01164
