epsilon_quality=0.224138
volume_quality=0.475246
