epsilon_quality=0.155245
volume_quality=0.326334
