epsilon_quality=0.166307
volume_quality=0.682753
