epsilon_quality=0.0688673
volume_quality=0.0549867
