epsilon_quality=0.017959
volume_quality=0.0209438
