epsilon_quality=0.121065
volume_quality=0.186723
