epsilon_quality=0.0652112
volume_quality=0.0276436
