gpsEpsilon=140.283
gpsVolume=97.5294
mQualEpsilon=0.0358272
mQualVolume=0.00478159
new_planned_energy=24.2461
