gpsEpsilon=186.356
gpsVolume=107.768
mQualEpsilon=0.0163432
mQualVolume=0.00227792
new_planned_energy=86.5902
