gpsEpsilon=1.12016e-315
gpsVolume=9.88131e-324
mQualEpsilon=-1
mQualVolume=0.0015846
new_planned_energy=21.5712
