gpsEpsilon=1.12016e-315
gpsVolume=9.88131e-324
mQualEpsilon=1.67457
mQualVolume=48.9772
new_planned_energy=-1.67457
