gpsEpsilon=-0.200486
gpsVolume=-0.808738
mQualEpsilon=0.0367784
mQualVolume=0.0195617
new_planned_energy=22.805
