gpsEpsilon=10.3578
gpsVolume=85.4014
mQualEpsilon=0.0200039
mQualVolume=0.0188678
new_planned_energy=39.0894
