gpsEpsilon=16.8533
gpsVolume=126.309
mQualEpsilon=0.00527421
mQualVolume=0.00525221
new_planned_energy=32.2585
