gpsEpsilon=1.4216e-316
gpsVolume=1.40691e-315
mQualEpsilon=0.028581
mQualVolume=0.00598459
new_planned_energy=64.5112
