gpsEpsilon=1.4216e-316
gpsVolume=1.40691e-315
mQualEpsilon=-1
mQualVolume=7.54677
new_planned_energy=17.162
