gpsEpsilon=141.113
gpsVolume=151.767
mQualEpsilon=0.0543341
mQualVolume=0.00424793
new_planned_energy=12.8303
