gpsEpsilon=8.94227
gpsVolume=46.707
mQualEpsilon=0.0469525
mQualVolume=0.0143977
new_planned_energy=34.5785
