gpsEpsilon=0.366105
gpsVolume=6.26759
mQualEpsilon=-1
mQualVolume=0.00152112
new_planned_energy=63.2672
