gpsEpsilon=1.49087e-315
gpsVolume=6.95335e-310
mQualEpsilon=-1
mQualVolume=0.00018781
new_planned_energy=85.1096
