gpsEpsilon=15.217
gpsVolume=58.6717
mQualEpsilon=0.0283459
mQualVolume=0.00554213
new_planned_energy=20.6555
