gpsEpsilon=0.0078125
gpsVolume=1.04678e+07
mQualEpsilon=0.047423
mQualVolume=0.00503405
new_planned_energy=64.6947
