gpsEpsilon=0
gpsVolume=0.0078125
mQualEpsilon=0.0299813
mQualVolume=0.0138156
new_planned_energy=49.6208
