gpsEpsilon=230.457
gpsVolume=80.694
mQualEpsilon=0.113769
mQualVolume=31.7491
new_planned_energy=-0.113769
