gpsEpsilon=0
gpsVolume=0.0078125
mQualEpsilon=-1
mQualVolume=0.0136653
new_planned_energy=40.8594
