gpsEpsilon=57.5475
gpsVolume=31.8364
mQualEpsilon=0.0618225
mQualVolume=0.0221539
new_planned_energy=37.6062
