gpsEpsilon=-0.549582
gpsVolume=2.61939
mQualEpsilon=-1
mQualVolume=0.00132879
new_planned_energy=47.3659
