gpsEpsilon=1.68039e-315
gpsVolume=1.73793e-315
mQualEpsilon=0.0269871
mQualVolume=0.0026283
new_planned_energy=78.4213
