epsilon_quality=0.0156859
volume_quality=0.0657058
