epsilon_quality=0.0630243
volume_quality=0.00615157
