epsilon_quality=0.00869418
volume_quality=0.00355471
