epsilon_quality=0.0303974
volume_quality=0.00245934
