epsilon_quality=0.0331115
volume_quality=0.00542478
