epsilon_quality=0.047266
volume_quality=0.0132207
