epsilon_quality=0.0151929
volume_quality=0.00329939
