epsilon_quality=0.0423981
volume_quality=0.0124512
