epsilon_quality=0.131673
volume_quality=0.142771
