epsilon_quality=0.00926184
volume_quality=0.0123245
