epsilon_quality=0.124397
volume_quality=0.131139
