epsilon_quality=0.123966
volume_quality=0.0809797
