epsilon_quality=0.0334883
volume_quality=0.0432195
