epsilon_quality=0.0342751
volume_quality=0.0190103
