epsilon_quality=0.0902772
volume_quality=0.0352094
