epsilon_quality=0.130917
volume_quality=0.141169
