epsilon_quality=0.0359504
volume_quality=0.14115
