epsilon_quality=0.00674895
volume_quality=0.000158283
