epsilon_quality=0.0654815
volume_quality=0.0133977
