epsilon_quality=0.0191366
volume_quality=0.00301133
