epsilon_quality=0.0220087
volume_quality=0.000966714
