epsilon_quality=0.0410569
volume_quality=0.00163195
