epsilon_quality=0.185491
volume_quality=0.333121
