epsilon_quality=0.0632796
volume_quality=0.0520376
