epsilon_quality=0.0763113
volume_quality=0.198931
