epsilon_quality=0.0276001
volume_quality=0.0390395
