epsilon_quality=0.0753685
volume_quality=0.019132
