epsilon_quality=0.04274
volume_quality=0.0348593
