epsilon_quality=0.107716
volume_quality=0.029339
