epsilon_quality=0.0620217
volume_quality=0.0209621
