epsilon_quality=0.101915
volume_quality=0.12607
