epsilon_quality=0.0534099
volume_quality=0.0503738
