epsilon_quality=0.105835
volume_quality=0.0401313
