epsilon_quality=0.0931113
volume_quality=0.0861055
