epsilon_quality=0.0319043
volume_quality=0.0470007
