epsilon_quality=0.0416201
volume_quality=0.0296521
