epsilon_quality=0.0425475
volume_quality=0.0152429
