epsilon_quality=0.0319187
volume_quality=0.00863117
