epsilon_quality=0.0443657
volume_quality=0.0188123
