epsilon_quality=0.132626
volume_quality=0.213432
