epsilon_quality=0.0780329
volume_quality=0.70351
