epsilon_quality=0.211923
volume_quality=0.637575
