epsilon_quality=0.0688872
volume_quality=0.0944734
