epsilon_quality=0.0686773
volume_quality=0.375948
