epsilon_quality=0.0866215
volume_quality=0.114348
