epsilon_quality=0.104037
volume_quality=0.41966
