epsilon_quality=0.247504
volume_quality=0.714457
