epsilon_quality=0.0366858
volume_quality=0.20559
