epsilon_quality=0.0494737
volume_quality=0.0703712
