epsilon_quality=0.0696539
volume_quality=0.0827191
