epsilon_quality=0.11606
volume_quality=0.662797
