epsilon_quality=0.161332
volume_quality=0.218033
