epsilon_quality=0.146256
volume_quality=0.314848
