epsilon_quality=0.100181
volume_quality=0.0707214
