epsilon_quality=0.12697
volume_quality=0.193424
