epsilon_quality=0.0726238
volume_quality=0.0883999
