epsilon_quality=0.0698448
volume_quality=0.0861214
