epsilon_quality=0.0521015
volume_quality=0.0693345
