epsilon_quality=0.0573008
volume_quality=0.00737746
