epsilon_quality=0.000456306
volume_quality=0.0231937
