epsilon_quality=0.0646563
volume_quality=0.0231619
