epsilon_quality=0.101701
volume_quality=0.0342117
