epsilon_quality=0.123038
volume_quality=0.171572
