epsilon_quality=0.0910372
volume_quality=0.541261
