epsilon_quality=0.0840123
volume_quality=0.312348
