epsilon_quality=0.0800418
volume_quality=0.039082
