epsilon_quality=0.116723
volume_quality=0.179028
