epsilon_quality=0.0389804
volume_quality=0.00665877
