epsilon_quality=0.156281
volume_quality=0.486421
