epsilon_quality=0.253352
volume_quality=0.874296
