epsilon_quality=0.183385
volume_quality=0.468165
