epsilon_quality=0.18841
volume_quality=0.350062
