epsilon_quality=0.0590105
volume_quality=0.170485
