epsilon_quality=0.136242
volume_quality=0.159852
