epsilon_quality=0.0597409
volume_quality=0.193671
