epsilon_quality=0.065572
volume_quality=0.0695879
