epsilon_quality=0.0114804
volume_quality=0.0868723
