epsilon_quality=0.23614
volume_quality=0.965314
