epsilon_quality=0.0912482
volume_quality=0.85187
