epsilon_quality=0.0792867
volume_quality=0.839115
