epsilon_quality=0.0794052
volume_quality=0.298067
