epsilon_quality=0.232583
volume_quality=1.16241
