epsilon_quality=0.00461771
volume_quality=0.00267271
