epsilon_quality=0.0281081
volume_quality=0.00231918
