epsilon_quality=0.152015
volume_quality=0.272809
