epsilon_quality=0.105368
volume_quality=0.112729
