epsilon_quality=0.0601599
volume_quality=0.103234
