epsilon_quality=0.0452028
volume_quality=0.207922
