epsilon_quality=0.0610482
volume_quality=0.0292262
