epsilon_quality=0.0627129
volume_quality=0.0136307
