epsilon_quality=0.0442641
volume_quality=0.0500962
