epsilon_quality=0.0681698
volume_quality=0.0355021
