epsilon_quality=0.0354179
volume_quality=0.0709932
