epsilon_quality=0.110007
volume_quality=0.0828174
