epsilon_quality=0.137184
volume_quality=0.349323
