epsilon_quality=0.113322
volume_quality=0.901169
