epsilon_quality=0.0825903
volume_quality=0.795972
