epsilon_quality=0.150411
volume_quality=0.391109
