epsilon_quality=0.181316
volume_quality=0.572792
