epsilon_quality=0.170811
volume_quality=0.547074
