epsilon_quality=0.290807
volume_quality=0.88893
