epsilon_quality=0.102085
volume_quality=0.104113
