epsilon_quality=0.0575598
volume_quality=0.0480499
