epsilon_quality=0.0416692
volume_quality=0.486797
