epsilon_quality=0.0203942
volume_quality=0.129572
