epsilon_quality=0.195982
volume_quality=0.302484
