epsilon_quality=0.00698613
volume_quality=0.00335153
