epsilon_quality=0.270305
volume_quality=2.49751
