epsilon_quality=0.109472
volume_quality=0.091052
