epsilon_quality=0.115725
volume_quality=0.19283
