epsilon_quality=0.0248133
volume_quality=0.0884316
