epsilon_quality=0.0216965
volume_quality=0.0204973
