epsilon_quality=0.0276914
volume_quality=0.278543
