epsilon_quality=0.102167
volume_quality=0.20634
