epsilon_quality=0.086139
volume_quality=0.194154
