epsilon_quality=0.0210733
volume_quality=0.309598
