epsilon_quality=0.189629
volume_quality=0.340341
