gpsEpsilon=155.632
gpsVolume=185.052
mQualEpsilon=1.63543
mQualVolume=46.5523
new_planned_energy=-1.63543
