gpsEpsilon=155.632
gpsVolume=185.052
mQualEpsilon=1.67628
mQualVolume=46.9838
new_planned_energy=-1.67628
