gpsEpsilon=109.378
gpsVolume=199.685
mQualEpsilon=1.43501
mQualVolume=44.6351
new_planned_energy=-1.43501
