gpsEpsilon=109.378
gpsVolume=199.685
mQualEpsilon=0.0566028
mQualVolume=0.0149177
new_planned_energy=14.5951
