gpsEpsilon=109.378
gpsVolume=169.504
mQualEpsilon=1.76269
mQualVolume=50.4093
new_planned_energy=-1.76269
