gpsEpsilon=109.378
gpsVolume=169.504
mQualEpsilon=1.78466
mQualVolume=50.8754
new_planned_energy=-1.78466
