gpsEpsilon=109.378
gpsVolume=169.504
mQualEpsilon=1.79536
mQualVolume=51.0392
new_planned_energy=-1.79536
