gpsEpsilon=109.378
gpsVolume=187.937
mQualEpsilon=1.40965
mQualVolume=48.849
new_planned_energy=-1.40965
