gpsEpsilon=109.378
gpsVolume=187.937
mQualEpsilon=1.71565
mQualVolume=54.2906
new_planned_energy=-1.71565
