gpsEpsilon=109.378
gpsVolume=187.937
mQualEpsilon=0.0216879
mQualVolume=0.00880454
new_planned_energy=26.619
