gpsEpsilon=109.378
gpsVolume=187.937
mQualEpsilon=1.45888
mQualVolume=49.3223
new_planned_energy=-1.45888
