gpsEpsilon=155.632
gpsVolume=170.079
mQualEpsilon=0.0023085
mQualVolume=0.0154231
new_planned_energy=39.1076
