gpsEpsilon=52.6044
gpsVolume=199.997
mQualEpsilon=1.71209
mQualVolume=44.7742
new_planned_energy=-1.71209
