gpsEpsilon=52.6044
gpsVolume=199.997
mQualEpsilon=1.83065
mQualVolume=48.8635
new_planned_energy=-1.83065
