gpsEpsilon=52.6044
gpsVolume=199.997
mQualEpsilon=1.89742
mQualVolume=52.6284
new_planned_energy=-1.89742
