gpsEpsilon=6.35
gpsVolume=199.553
mQualEpsilon=1.84691
mQualVolume=49.5464
new_planned_energy=-1.84691
