gpsEpsilon=6.35
gpsVolume=199.553
mQualEpsilon=0.0595087
mQualVolume=0.0240278
new_planned_energy=19.7971
