gpsEpsilon=109.378
gpsVolume=131.281
mQualEpsilon=1.61172
mQualVolume=55.2386
new_planned_energy=-1.61172
