gpsEpsilon=109.378
gpsVolume=131.281
mQualEpsilon=1.56445
mQualVolume=58.2544
new_planned_energy=-1.56445
