gpsEpsilon=109.378
gpsVolume=131.281
mQualEpsilon=1.69491
mQualVolume=58.4837
new_planned_energy=-1.69491
