gpsEpsilon=109.378
gpsVolume=131.86
mQualEpsilon=0.0350897
mQualVolume=0.00456602
new_planned_energy=24.7773
