gpsEpsilon=109.378
gpsVolume=167.129
mQualEpsilon=0.0241048
mQualVolume=0.0100891
new_planned_energy=34.5105
