epsilon_quality=0.102704
volume_quality=0.0504375
