epsilon_quality=0.0569704
volume_quality=0.0128861
