epsilon_quality=0.0523541
volume_quality=0.0209847
