epsilon_quality=0.138234
volume_quality=0.104219
