epsilon_quality=0.111238
volume_quality=0.163781
