epsilon_quality=0.0416551
volume_quality=0.0188761
