epsilon_quality=0.0571497
volume_quality=0.16734
