epsilon_quality=0.105769
volume_quality=0.265579
