epsilon_quality=0.13229
volume_quality=0.449047
