epsilon_quality=0.0955168
volume_quality=0.108401
