epsilon_quality=0.076633
volume_quality=0.350753
