epsilon_quality=0.101849
volume_quality=0.176611
