epsilon_quality=0.0805677
volume_quality=0.0600415
