epsilon_quality=0.0909747
volume_quality=0.0502535
