epsilon_quality=0.0291694
volume_quality=0.0227527
