epsilon_quality=0.0453386
volume_quality=0.0334745
