epsilon_quality=0.193049
volume_quality=0.498242
