epsilon_quality=0.000329219
volume_quality=0.51543
