epsilon_quality=0.14345
volume_quality=0.14988
