epsilon_quality=0.0220357
volume_quality=0.0404507
