epsilon_quality=0.00388135
volume_quality=0.00914423
