epsilon_quality=0.0603116
volume_quality=0.0766725
