epsilon_quality=0.07241
volume_quality=0.02311
