epsilon_quality=0.148371
volume_quality=0.119877
