epsilon_quality=0.0353855
volume_quality=0.0717134
