epsilon_quality=0.134134
volume_quality=0.119672
