epsilon_quality=0.101157
volume_quality=0.0510233
