epsilon_quality=0.0793942
volume_quality=0.00531508
