epsilon_quality=0.278529
volume_quality=2.00668
