epsilon_quality=0.0261562
volume_quality=0.0458206
