gpsEpsilon=127.267
gpsVolume=50.9097
mQualEpsilon=0.000910868
mQualVolume=0.0035708
new_planned_energy=13.5275
