gpsEpsilon=126.848
gpsVolume=50.8254
mQualEpsilon=0.0349626
mQualVolume=0.00344726
new_planned_energy=26.408
