gpsEpsilon=125.997
gpsVolume=8.93105
mQualEpsilon=0.0139641
mQualVolume=0.0134207
new_planned_energy=20.4984
