gpsEpsilon=127.27
gpsVolume=8.7709
mQualEpsilon=1.62957
mQualVolume=49.5557
new_planned_energy=-1.62957
