gpsEpsilon=127.26
gpsVolume=50.6268
mQualEpsilon=0.572725
mQualVolume=41.7746
new_planned_energy=-0.572725
