gpsEpsilon=127.26
gpsVolume=50.6268
mQualEpsilon=0.671072
mQualVolume=42.5937
new_planned_energy=-0.671072
