gpsEpsilon=127.26
gpsVolume=50.6268
mQualEpsilon=0.684465
mQualVolume=42.3376
new_planned_energy=-0.684465
