gpsEpsilon=127.26
gpsVolume=50.6268
mQualEpsilon=0.610578
mQualVolume=41.9391
new_planned_energy=-0.610578
