gpsEpsilon=127.26
gpsVolume=50.6268
mQualEpsilon=0.579672
mQualVolume=41.8329
new_planned_energy=-0.579672
