gpsEpsilon=126.94
gpsVolume=50.3248
mQualEpsilon=0.0298514
mQualVolume=0.00248905
new_planned_energy=76.7221
