gpsEpsilon=230.29
gpsVolume=37.6093
mQualEpsilon=0.000643217
mQualVolume=0.00601548
new_planned_energy=34.1777
