gpsEpsilon=238.271
gpsVolume=34.0652
mQualEpsilon=0.0392336
mQualVolume=0.016561
new_planned_energy=77.7733
