gpsEpsilon=230.29
gpsVolume=39.0525
mQualEpsilon=0.0484344
mQualVolume=0.0025595
new_planned_energy=34.7324
