gpsEpsilon=127.258
gpsVolume=51.068
mQualEpsilon=0.0422442
mQualVolume=0.0110144
new_planned_energy=23.9901
