gpsEpsilon=127.183
gpsVolume=51.0192
mQualEpsilon=0.0534877
mQualVolume=0.00539761
new_planned_energy=39.2646
