gpsEpsilon=127.232
gpsVolume=50.8937
mQualEpsilon=0.0518372
mQualVolume=0.00710836
new_planned_energy=73.8994
