gpsEpsilon=126.517
gpsVolume=51.453
mQualEpsilon=0.0502288
mQualVolume=0.00105717
new_planned_energy=72.5111
