gpsEpsilon=127.275
gpsVolume=51.0413
mQualEpsilon=0.040854
mQualVolume=0.00366742
new_planned_energy=26.9219
