epsilon_quality=0.27436
volume_quality=1.15081
