epsilon_quality=0.0587951
volume_quality=0.030282
