epsilon_quality=0.161963
volume_quality=0.141309
