epsilon_quality=0.144245
volume_quality=0.32724
