epsilon_quality=0.103742
volume_quality=0.104578
