epsilon_quality=0.0399138
volume_quality=0.021997
