epsilon_quality=0.0694613
volume_quality=0.0951628
