gpsEpsilon=0
gpsVolume=0.0078125
mQualEpsilon=-1
mQualVolume=0.0172564
new_planned_energy=20.6195
