gpsEpsilon=0
gpsVolume=0.0078125
mQualEpsilon=-1
mQualVolume=2.40929
new_planned_energy=0.702254
