gpsEpsilon=2.36171e-315
gpsVolume=2.37687e-315
mQualEpsilon=-1
mQualVolume=0.0153971
new_planned_energy=59.3055
