gpsEpsilon=-0.18703
gpsVolume=2.42092e-322
mQualEpsilon=0.0610513
mQualVolume=0.0181864
new_planned_energy=43.772
