gpsEpsilon=0
gpsVolume=2.42092e-322
mQualEpsilon=1.84735
mQualVolume=50.8509
new_planned_energy=-1.84735
