gpsEpsilon=0
gpsVolume=2.42092e-322
mQualEpsilon=1.85209
mQualVolume=51.1288
new_planned_energy=-1.85209
