gpsEpsilon=0
gpsVolume=2.42092e-322
mQualEpsilon=1.84292
mQualVolume=51.8421
new_planned_energy=-1.84292
