gpsEpsilon=0
gpsVolume=2.42092e-322
mQualEpsilon=1.86708
mQualVolume=51.2243
new_planned_energy=-1.86708
