gpsEpsilon=-0.18703
gpsVolume=2.42092e-322
mQualEpsilon=1.75348
mQualVolume=47.2986
new_planned_energy=13.2144
