gpsEpsilon=-0.18703
gpsVolume=2.42092e-322
mQualEpsilon=1.50896
mQualVolume=46.4372
new_planned_energy=15.554
