gpsEpsilon=-0.150586
gpsVolume=0.459889
mQualEpsilon=1.48922
mQualVolume=46.2216
new_planned_energy=-1.48922
