gpsEpsilon=-0.150586
gpsVolume=0.459889
mQualEpsilon=1.63959
mQualVolume=45.5023
new_planned_energy=-1.63959
