gpsEpsilon=-0.150586
gpsVolume=0.459889
mQualEpsilon=1.64541
mQualVolume=45.4855
new_planned_energy=-1.64541
