gpsEpsilon=-0.150586
gpsVolume=0.459889
mQualEpsilon=1.64159
mQualVolume=45.8591
new_planned_energy=-1.64159
