gpsEpsilon=-0.150586
gpsVolume=0.459889
mQualEpsilon=0.0449293
mQualVolume=0.00968698
new_planned_energy=40.1051
