gpsEpsilon=-0.150586
gpsVolume=0.459889
mQualEpsilon=-1
mQualVolume=0.0354127
new_planned_energy=16.4669
