gpsEpsilon=-0.150586
gpsVolume=0.459889
mQualEpsilon=0.09912
mQualVolume=0.0463002
new_planned_energy=30.2674
