gpsEpsilon=-0.150586
gpsVolume=0.459889
mQualEpsilon=1.6099
mQualVolume=48.4702
new_planned_energy=-1.6099
