gpsEpsilon=-0.150586
gpsVolume=0.459889
mQualEpsilon=1.66305
mQualVolume=49.1552
new_planned_energy=-1.66305
