gpsEpsilon=-0.150586
gpsVolume=0.459889
mQualEpsilon=1.71953
mQualVolume=49.0453
new_planned_energy=-1.71953
