gpsEpsilon=-0.150586
gpsVolume=0.459889
mQualEpsilon=1.68026
mQualVolume=48.9336
new_planned_energy=-1.68026
