gpsEpsilon=-0.150586
gpsVolume=0.459889
mQualEpsilon=1.79042
mQualVolume=50.021
new_planned_energy=-1.79042
