gpsEpsilon=-0.150586
gpsVolume=0.459889
mQualEpsilon=1.62004
mQualVolume=48.6164
new_planned_energy=-1.62004
