gpsEpsilon=-0.18703
gpsVolume=0.443491
mQualEpsilon=-1
mQualVolume=0.0110815
new_planned_energy=52.7623
