epsilon_quality=0.157341
volume_quality=0.144313
