epsilon_quality=0.153818
volume_quality=0.278327
