epsilon_quality=0.181016
volume_quality=0.219877
