epsilon_quality=0.122815
volume_quality=0.195823
