epsilon_quality=0.00959331
volume_quality=0.00427082
