epsilon_quality=0.0728298
volume_quality=0.111043
