epsilon_quality=0.138163
volume_quality=0.0934473
