epsilon_quality=0.0540199
volume_quality=0.0833798
