epsilon_quality=0.0479204
volume_quality=0.0314786
