epsilon_quality=0.0110202
volume_quality=0.015812
