epsilon_quality=0.122395
volume_quality=0.104187
