epsilon_quality=0.0872733
volume_quality=0.263111
