epsilon_quality=0.370458
volume_quality=1.49112
