epsilon_quality=0.20346
volume_quality=0.310876
