epsilon_quality=0.0740119
volume_quality=0.220256
