epsilon_quality=0.16084
volume_quality=0.160333
