epsilon_quality=0.0711684
volume_quality=0.072972
