epsilon_quality=0.0361347
volume_quality=0.00203617
