epsilon_quality=0.0159845
volume_quality=0.0116947
