epsilon_quality=0.0410551
volume_quality=0.0909578
