epsilon_quality=0.0408002
volume_quality=0.0775912
