epsilon_quality=0.0956374
volume_quality=0.112475
