gpsEpsilon=25.4549
gpsVolume=28.3317
mQualEpsilon=0.0189746
mQualVolume=0.00133124
new_planned_energy=37.8723
