gpsEpsilon=3.02305e-316
gpsVolume=0
mQualEpsilon=-1
mQualVolume=0.00157876
new_planned_energy=63.5759
