gpsEpsilon=20.1233
gpsVolume=26.5361
mQualEpsilon=0.0314536
mQualVolume=0.0012041
new_planned_energy=66.6509
