gpsEpsilon=26.6162
gpsVolume=27.192
mQualEpsilon=0.0422508
mQualVolume=0.00505214
new_planned_energy=73.6698
