gpsEpsilon=28.0822
gpsVolume=27.6631
mQualEpsilon=0.0305558
mQualVolume=0.00954045
new_planned_energy=50.0599
