gpsEpsilon=147.984
gpsVolume=39.1673
mQualEpsilon=0.0175711
mQualVolume=0.000392194
new_planned_energy=70.7463
