gpsEpsilon=14.6202
gpsVolume=18.5456
mQualEpsilon=0.0152633
mQualVolume=0.0017097
new_planned_energy=56.3954
