gpsEpsilon=12.4986
gpsVolume=19.1243
mQualEpsilon=0.0299422
mQualVolume=0.000708226
new_planned_energy=33.1861
