gpsEpsilon=14.5228
gpsVolume=19.0837
mQualEpsilon=0.0300953
mQualVolume=0.00539562
new_planned_energy=77.4959
