gpsEpsilon=13.1577
gpsVolume=20.6524
mQualEpsilon=0.0100114
mQualVolume=0.00104142
new_planned_energy=43.9761
