epsilon_quality=0.113326
volume_quality=0.0749008
