epsilon_quality=0.00927293
volume_quality=0.0550566
