epsilon_quality=0.119503
volume_quality=0.870716
