epsilon_quality=0.119385
volume_quality=0.149534
