epsilon_quality=0.204892
volume_quality=0.302412
