epsilon_quality=0.0395823
volume_quality=0.0283767
