epsilon_quality=0.131355
volume_quality=0.345463
