epsilon_quality=0.0043506
volume_quality=0.215688
