epsilon_quality=0.0469588
volume_quality=0.248026
