epsilon_quality=0.00420467
volume_quality=0.0127457
