epsilon_quality=0.0651945
volume_quality=0.0670271
