epsilon_quality=0.125202
volume_quality=0.138565
