epsilon_quality=0.121568
volume_quality=0.0779849
