epsilon_quality=0.0955292
volume_quality=0.336251
