epsilon_quality=0.111859
volume_quality=0.0417398
