epsilon_quality=0.0188874
volume_quality=0.005801
