epsilon_quality=0.0177192
volume_quality=0.0012546
