epsilon_quality=0.0637836
volume_quality=0.0361902
