epsilon_quality=0.043855
volume_quality=0.0168979
