epsilon_quality=0.108814
volume_quality=0.114069
