epsilon_quality=0.272315
volume_quality=0.930517
