epsilon_quality=0.296814
volume_quality=1.25454
