epsilon_quality=0.0827689
volume_quality=0.101941
