epsilon_quality=0.0826915
volume_quality=0.151795
