epsilon_quality=0.207662
volume_quality=0.186382
