epsilon_quality=0.088779
volume_quality=0.0869628
