epsilon_quality=0.137916
volume_quality=0.603217
