epsilon_quality=0.141087
volume_quality=0.745452
