epsilon_quality=0.00125979
volume_quality=0.0631126
