epsilon_quality=0.0858799
volume_quality=0.0327466
