epsilon_quality=0.106012
volume_quality=0.0726461
