epsilon_quality=0.0773721
volume_quality=0.111501
