epsilon_quality=0.046095
volume_quality=0.0245537
