epsilon_quality=0.110225
volume_quality=0.0834089
