epsilon_quality=0.0572771
volume_quality=0.195543
