epsilon_quality=0.00739088
volume_quality=0.19465
