epsilon_quality=0.042466
volume_quality=0.0142979
