epsilon_quality=0.138577
volume_quality=0.106305
