epsilon_quality=0.279034
volume_quality=1.37917
