epsilon_quality=0.132444
volume_quality=0.202906
