epsilon_quality=0.252326
volume_quality=1.22121
