epsilon_quality=0.0261728
volume_quality=0.246097
