epsilon_quality=0.0261361
volume_quality=0.00922014
