epsilon_quality=0.084434
volume_quality=0.0641842
