epsilon_quality=0.0881833
volume_quality=0.0908218
