epsilon_quality=0.0578312
volume_quality=0.113365
