epsilon_quality=0.105797
volume_quality=0.126161
