epsilon_quality=0.125563
volume_quality=0.320951
