epsilon_quality=0.150445
volume_quality=0.23222
