epsilon_quality=0.070314
volume_quality=0.226345
