epsilon_quality=0.116858
volume_quality=0.230595
