epsilon_quality=0.108469
volume_quality=0.144506
