epsilon_quality=0.106589
volume_quality=0.121412
