epsilon_quality=0.0371309
volume_quality=0.0105418
