epsilon_quality=0.120398
volume_quality=0.244535
