epsilon_quality=0.0439694
volume_quality=0.0462502
