epsilon_quality=0.0261593
volume_quality=0.0762849
