epsilon_quality=0.0368357
volume_quality=0.098423
