epsilon_quality=0.110445
volume_quality=0.0719675
