epsilon_quality=0.150534
volume_quality=0.448437
