epsilon_quality=0.101102
volume_quality=0.20183
