epsilon_quality=0.0442898
volume_quality=0.0329929
