epsilon_quality=0.0432211
volume_quality=0.0446563
