epsilon_quality=0.0597795
volume_quality=0.301074
