epsilon_quality=0.0595941
volume_quality=0.0387545
