epsilon_quality=0.0740735
volume_quality=0.0820248
