epsilon_quality=0.0480947
volume_quality=0.0878993
