epsilon_quality=0.062405
volume_quality=0.0140883
