epsilon_quality=0.0814249
volume_quality=0.0223184
