epsilon_quality=0.0651903
volume_quality=0.01095
