epsilon_quality=0.0654538
volume_quality=0.0103266
