epsilon_quality=0.0701421
volume_quality=0.0180061
