epsilon_quality=0.0673967
volume_quality=0.594497
