epsilon_quality=0.0300916
volume_quality=0.0269042
