epsilon_quality=0.158473
volume_quality=0.209325
