epsilon_quality=0.271412
volume_quality=0.954191
