epsilon_quality=0.237963
volume_quality=0.391964
