epsilon_quality=0.0680204
volume_quality=0.146228
