epsilon_quality=0.077288
volume_quality=0.0541079
