epsilon_quality=0.076695
volume_quality=0.143178
