epsilon_quality=0.0137774
volume_quality=0.210153
