epsilon_quality=0.152211
volume_quality=0.177833
