epsilon_quality=0.257111
volume_quality=0.471209
