epsilon_quality=0.0212906
volume_quality=0.00106407
