epsilon_quality=0.00996994
volume_quality=0.0415123
