epsilon_quality=0.0551793
volume_quality=0.019458
