epsilon_quality=0.0231636
volume_quality=0.00154157
