epsilon_quality=0.0795627
volume_quality=0.130167
