epsilon_quality=0.000935434
volume_quality=0.0328273
