epsilon_quality=0.139425
volume_quality=0.267161
