epsilon_quality=0.196267
volume_quality=0.896586
