epsilon_quality=0.0601277
volume_quality=0.199786
