epsilon_quality=0.138778
volume_quality=0.341263
