epsilon_quality=0.0715871
volume_quality=0.104664
