epsilon_quality=0.0565515
volume_quality=0.308205
