epsilon_quality=0.00811266
volume_quality=0.00980508
