epsilon_quality=0.141062
volume_quality=0.18849
