epsilon_quality=0.0922303
volume_quality=0.145979
