epsilon_quality=0.139851
volume_quality=0.184848
