gpsEpsilon=8.53887
gpsVolume=41.6344
mQualEpsilon=0.0424673
mQualVolume=0.0057867
new_planned_energy=74.9815
