gpsEpsilon=6.61266
gpsVolume=120.871
mQualEpsilon=0.0149933
mQualVolume=0.000876459
new_planned_energy=52.0438
