gpsEpsilon=28.1511
gpsVolume=77.4441
mQualEpsilon=0.0387794
mQualVolume=0.00254546
new_planned_energy=22.0102
