gpsEpsilon=18.345
gpsVolume=138.995
mQualEpsilon=0.0279236
mQualVolume=0.0143009
new_planned_energy=84.8394
