gpsEpsilon=21.5845
gpsVolume=183.91
mQualEpsilon=0.031082
mQualVolume=0.00111778
new_planned_energy=69.0937
