gpsEpsilon=20.0085
gpsVolume=135.055
mQualEpsilon=0.0175067
mQualVolume=0.00100454
new_planned_energy=59.3314
