gpsEpsilon=19.7458
gpsVolume=221.033
mQualEpsilon=0.0296797
mQualVolume=0.00188684
new_planned_energy=48.3279
