gpsEpsilon=30.3398
gpsVolume=166.575
mQualEpsilon=0.0165546
mQualVolume=0.00211593
new_planned_energy=81.412
