epsilon_quality=0.0849419
volume_quality=0.0398452
