epsilon_quality=0.125315
volume_quality=0.221052
