epsilon_quality=0.139535
volume_quality=0.103228
