epsilon_quality=0.00193904
volume_quality=3.90466e-06
