epsilon_quality=0.151846
volume_quality=0.222181
