epsilon_quality=0.0502382
volume_quality=0.080211
