gpsEpsilon=14.8018
gpsVolume=55.1947
mQualEpsilon=0.00944411
mQualVolume=0.00193333
new_planned_energy=83.088
