gpsEpsilon=33.6713
gpsVolume=201.484
mQualEpsilon=0.0326489
mQualVolume=0.0114866
new_planned_energy=66.0092
