gpsEpsilon=14.6509
gpsVolume=63.0258
mQualEpsilon=0.0679402
mQualVolume=0.0174632
new_planned_energy=26.2888
