gpsEpsilon=143.267
gpsVolume=9.67273
mQualEpsilon=0.0136986
mQualVolume=0.0107089
new_planned_energy=55.905
