gpsEpsilon=33.6784
gpsVolume=201.323
mQualEpsilon=0.0329916
mQualVolume=0.00208173
new_planned_energy=63.0707
