gpsEpsilon=46.7944
gpsVolume=107.273
mQualEpsilon=0.0212519
mQualVolume=0.00239333
new_planned_energy=67.9404
