gpsEpsilon=38.1089
gpsVolume=201.323
mQualEpsilon=0.0547401
mQualVolume=0.0147145
new_planned_energy=57.9103
