gpsEpsilon=34.1356
gpsVolume=197.614
mQualEpsilon=0.0206869
mQualVolume=0.000589916
new_planned_energy=102.81
