gpsEpsilon=70.3397
gpsVolume=70.231
mQualEpsilon=0.0200259
mQualVolume=0.00142231
new_planned_energy=22.4409
