epsilon_quality=0.267127
volume_quality=1.40843
