epsilon_quality=0.134792
volume_quality=0.695538
