epsilon_quality=0.0645198
volume_quality=0.0246509
