epsilon_quality=0.107572
volume_quality=0.0713949
