gpsEpsilon=18.1533
gpsVolume=198.532
mQualEpsilon=0.00977561
mQualVolume=0.021162
new_planned_energy=50.2074
