gpsEpsilon=8.76467e-316
gpsVolume=0
mQualEpsilon=-1
mQualVolume=0.00487947
new_planned_energy=61.5572
