gpsEpsilon=19.102
gpsVolume=201.119
mQualEpsilon=0.00184247
mQualVolume=0.000227998
new_planned_energy=115.597
