gpsEpsilon=-0.106975
gpsVolume=3.21143e-322
mQualEpsilon=0.00903214
mQualVolume=0.00558182
new_planned_energy=19.7457
