gpsEpsilon=2.37152e-322
gpsVolume=3.16202e-322
mQualEpsilon=0.0846754
mQualVolume=0.0244987
new_planned_energy=100.927
