gpsEpsilon=12.5179
gpsVolume=175.154
mQualEpsilon=0.0405329
mQualVolume=0.0089794
new_planned_energy=58.329
