gpsEpsilon=25.2855
gpsVolume=175.154
mQualEpsilon=0.00687127
mQualVolume=0.00133437
new_planned_energy=66.0563
