gpsEpsilon=1.40642e-315
gpsVolume=0
mQualEpsilon=-1
mQualVolume=0.0144699
new_planned_energy=59.0491
