gpsEpsilon=1.61075e-315
gpsVolume=0
mQualEpsilon=-1
mQualVolume=0.00141716
new_planned_energy=60.0081
