gpsEpsilon=1.25443e-315
gpsVolume=0
mQualEpsilon=-1
mQualVolume=0.00411491
new_planned_energy=108.659
