gpsEpsilon=9.33743e-316
gpsVolume=2.47033e-323
mQualEpsilon=0.00120147
mQualVolume=0.00593225
new_planned_energy=67.8712
