epsilon_quality=0.0936791
volume_quality=0.0468026
