epsilon_quality=0.0402844
volume_quality=0.00351806
