epsilon_quality=0.0300621
volume_quality=0.00102482
