epsilon_quality=0.128533
volume_quality=0.675091
