epsilon_quality=0.151644
volume_quality=0.597486
