gpsEpsilon=75.3674
gpsVolume=42.0969
mQualEpsilon=0.0276336
mQualVolume=0.00462611
new_planned_energy=71.0419
