gpsEpsilon=26.1661
gpsVolume=122.43
mQualEpsilon=0.0254799
mQualVolume=0.00284853
new_planned_energy=30.7281
