gpsEpsilon=0.606783
gpsVolume=2.42092e-322
mQualEpsilon=-1
mQualVolume=0.000516508
new_planned_energy=48.3894
