gpsEpsilon=94.7547
gpsVolume=128.423
mQualEpsilon=0.00957841
mQualVolume=0.000667695
new_planned_energy=78.0073
