gpsEpsilon=0.63511
gpsVolume=2.42092e-322
mQualEpsilon=0.0517314
mQualVolume=0.00275323
new_planned_energy=35.816
