gpsEpsilon=80.01
gpsVolume=127.651
mQualEpsilon=0.020109
mQualVolume=0.00119609
new_planned_energy=42.5565
