gpsEpsilon=0.617379
gpsVolume=2.42092e-322
mQualEpsilon=0.0355531
mQualVolume=0.00202015
new_planned_energy=56.05
