gpsEpsilon=0
gpsVolume=2.42092e-322
mQualEpsilon=0.0134844
mQualVolume=0.00130347
new_planned_energy=58.4488
