gpsEpsilon=0
gpsVolume=2.42092e-322
mQualEpsilon=0.0117076
mQualVolume=0.000426135
new_planned_energy=74.3067
