gpsEpsilon=78.788
gpsVolume=31.2783
mQualEpsilon=0.0335002
mQualVolume=0.00535525
new_planned_energy=47.2571
