gpsEpsilon=79.3773
gpsVolume=9.09439
mQualEpsilon=-1
mQualVolume=0.000186427
new_planned_energy=30.542
