gpsEpsilon=78.4885
gpsVolume=19.1876
mQualEpsilon=0.0310046
mQualVolume=0.00412055
new_planned_energy=18.168
