gpsEpsilon=78.8596
gpsVolume=6.35
mQualEpsilon=0.0293617
mQualVolume=0.00449564
new_planned_energy=45.0116
