epsilon_quality=0.0545131
volume_quality=0.0292112
