epsilon_quality=0.0596774
volume_quality=0.101982
