epsilon_quality=0.124135
volume_quality=0.250735
