epsilon_quality=0.139584
volume_quality=0.350974
