epsilon_quality=0.0134017
volume_quality=0.0105817
