epsilon_quality=0.090178
volume_quality=0.0848032
