epsilon_quality=0.0813362
volume_quality=0.0943054
