epsilon_quality=0.0468686
volume_quality=0.0453115
