epsilon_quality=0.0930004
volume_quality=0.0679237
