epsilon_quality=0.120051
volume_quality=0.0539119
