epsilon_quality=0.0783968
volume_quality=0.0996315
