epsilon_quality=0.0184504
volume_quality=0.042857
