epsilon_quality=0.131126
volume_quality=0.110764
