epsilon_quality=0.0811832
volume_quality=0.0744646
