epsilon_quality=0.0651045
volume_quality=0.0783618
