epsilon_quality=0.0109731
volume_quality=0.0159165
