epsilon_quality=0.0985554
volume_quality=0.209621
