epsilon_quality=0.0592369
volume_quality=0.0274078
