epsilon_quality=0.0942989
volume_quality=0.22897
