epsilon_quality=0.0291772
volume_quality=0.0439772
