epsilon_quality=0.400042
volume_quality=1.58896
