epsilon_quality=0.277623
volume_quality=0.764245
