epsilon_quality=0.341333
volume_quality=1.32221
