epsilon_quality=0.28256
volume_quality=1.62783
