epsilon_quality=0.0409789
volume_quality=0.038315
