epsilon_quality=0.178401
volume_quality=0.35498
