epsilon_quality=0.0660919
volume_quality=0.084992
