epsilon_quality=0.027827
volume_quality=0.0117415
