epsilon_quality=0.0781927
volume_quality=0.581769
