epsilon_quality=0.149966
volume_quality=0.452078
