epsilon_quality=0.0564079
volume_quality=0.0340621
