epsilon_quality=0.11217
volume_quality=0.110955
