epsilon_quality=0.139688
volume_quality=0.450894
