epsilon_quality=0.0440843
volume_quality=0.0675834
