epsilon_quality=0.193767
volume_quality=0.40015
