epsilon_quality=0.0179984
volume_quality=0.000962536
