epsilon_quality=0.114723
volume_quality=0.627607
