epsilon_quality=0.0491883
volume_quality=0.0377739
