epsilon_quality=0.106173
volume_quality=0.188727
