epsilon_quality=0.166541
volume_quality=0.549591
