epsilon_quality=0.327727
volume_quality=2.06172
