epsilon_quality=0.0719485
volume_quality=0.301073
