epsilon_quality=0.11871
volume_quality=0.118886
