gpsEpsilon=49.8716
gpsVolume=86.9886
mQualEpsilon=0.00952022
mQualVolume=0.000243409
new_planned_energy=82.2032
