gpsEpsilon=82.5122
gpsVolume=33.2024
mQualEpsilon=0.0215273
mQualVolume=0.00030377
new_planned_energy=75.2655
