gpsEpsilon=90.7679
gpsVolume=49.8711
mQualEpsilon=0.0184022
mQualVolume=0.000371611
new_planned_energy=94.4362
