gpsEpsilon=58.0169
gpsVolume=64.2559
mQualEpsilon=0.0266053
mQualVolume=0.00409621
new_planned_energy=17.8472
