gpsEpsilon=41.7251
gpsVolume=33.3037
mQualEpsilon=0.0658496
mQualVolume=0.00561707
new_planned_energy=40.4276
