gpsEpsilon=39.1117
gpsVolume=26.0353
mQualEpsilon=0.0549668
mQualVolume=0.00532382
new_planned_energy=33.931
