gpsEpsilon=5.84287e-316
gpsVolume=1.20604e-315
mQualEpsilon=0.0678615
mQualVolume=0.0060045
new_planned_energy=64.2565
