gpsEpsilon=-0.389419
gpsVolume=-0.770954
mQualEpsilon=-1
mQualVolume=0.000289097
new_planned_energy=62.8085
