gpsEpsilon=0.162517
gpsVolume=-0.731064
mQualEpsilon=0.0416471
mQualVolume=0.00180503
new_planned_energy=35.9699
