gpsEpsilon=0.301555
gpsVolume=0.873557
mQualEpsilon=0.0464963
mQualVolume=0.0059863
new_planned_energy=55.2837
