gpsEpsilon=0.519029
gpsVolume=-0.793939
mQualEpsilon=0.00618823
mQualVolume=0.000508696
new_planned_energy=92.3385
