gpsEpsilon=41.6999
gpsVolume=31.4897
mQualEpsilon=0.066424
mQualVolume=0.00438114
new_planned_energy=31.8184
