gpsEpsilon=0
gpsVolume=0
mQualEpsilon=0.035191
mQualVolume=0.000800916
new_planned_energy=67.5415
