gpsEpsilon=0.557685
gpsVolume=2.42092e-322
mQualEpsilon=0.0413072
mQualVolume=0.00145681
new_planned_energy=38.7133
