gpsEpsilon=-0.0840808
gpsVolume=-0.650986
mQualEpsilon=0.0658276
mQualVolume=0.00292335
new_planned_energy=17.7826
