epsilon_quality=0.111916
volume_quality=0.163269
