epsilon_quality=0.119386
volume_quality=0.171751
