epsilon_quality=0.168991
volume_quality=0.894318
