epsilon_quality=0.0645265
volume_quality=0.0241294
