epsilon_quality=0.0645267
volume_quality=0.0241289
