epsilon_quality=0.125104
volume_quality=0.158403
