epsilon_quality=0.0906921
volume_quality=0.326924
