epsilon_quality=0.0409378
volume_quality=0.0175038
