epsilon_quality=0.0771013
volume_quality=0.0659559
