epsilon_quality=0.0839795
volume_quality=0.183888
