epsilon_quality=0.128283
volume_quality=0.0826286
