epsilon_quality=0.133828
volume_quality=0.0837238
