epsilon_quality=0.112999
volume_quality=0.181795
