epsilon_quality=0.107091
volume_quality=0.363155
