epsilon_quality=0.120184
volume_quality=0.142438
