epsilon_quality=0.0874556
volume_quality=0.229468
