epsilon_quality=0.0764131
volume_quality=0.367493
