epsilon_quality=0.188573
volume_quality=0.305764
