epsilon_quality=0.0351632
volume_quality=0.0969267
