epsilon_quality=0.104279
volume_quality=0.0841643
