epsilon_quality=0.0277362
volume_quality=0.00899845
