epsilon_quality=0.084335
volume_quality=0.0289249
