epsilon_quality=0.058594
volume_quality=0.179145
