epsilon_quality=0.199108
volume_quality=0.230849
