epsilon_quality=0.0550289
volume_quality=0.112538
