epsilon_quality=0.0276016
volume_quality=0.00975274
