epsilon_quality=0.0191056
volume_quality=0.0313962
