epsilon_quality=0.032341
volume_quality=0.00456478
