epsilon_quality=0.106451
volume_quality=0.0829551
