epsilon_quality=0.0228487
volume_quality=0.0115939
