epsilon_quality=0.150596
volume_quality=0.163433
