epsilon_quality=0.157909
volume_quality=0.231796
