epsilon_quality=0.0760216
volume_quality=0.0973926
