epsilon_quality=0.0246574
volume_quality=0.0205771
