epsilon_quality=0.28932
volume_quality=1.22266
