epsilon_quality=0.218679
volume_quality=0.274901
