epsilon_quality=0.00144551
volume_quality=0.0202726
