epsilon_quality=0.0692537
volume_quality=0.0546129
