epsilon_quality=0.156672
volume_quality=0.439175
