epsilon_quality=0.00819365
volume_quality=0.0445205
