epsilon_quality=0.0483068
volume_quality=0.00296793
