epsilon_quality=0.210605
volume_quality=0.544482
