epsilon_quality=0.369881
volume_quality=2.08825
