epsilon_quality=0.231572
volume_quality=0.743127
