epsilon_quality=0.0880447
volume_quality=0.105521
