epsilon_quality=0.0199637
volume_quality=0.0265221
