epsilon_quality=0.0530502
volume_quality=0.0727454
