epsilon_quality=0.199283
volume_quality=0.33013
