epsilon_quality=0.0270699
volume_quality=0.0205429
