epsilon_quality=0.163182
volume_quality=0.527803
