epsilon_quality=0.00949727
volume_quality=0.0428095
