epsilon_quality=0.0524979
volume_quality=0.214972
