epsilon_quality=0.144366
volume_quality=0.251872
