epsilon_quality=0.0252687
volume_quality=0.0413191
