epsilon_quality=0.130775
volume_quality=0.103907
