epsilon_quality=0.0955363
volume_quality=0.0518036
