epsilon_quality=0.0687198
volume_quality=0.184681
