epsilon_quality=0.157945
volume_quality=1.96979
