epsilon_quality=0.165998
volume_quality=0.154709
