epsilon_quality=0.0727457
volume_quality=0.144531
