epsilon_quality=0.133474
volume_quality=0.286056
