epsilon_quality=0.164898
volume_quality=0.150636
