epsilon_quality=0.133089
volume_quality=0.121565
