epsilon_quality=0.0737008
volume_quality=0.0453582
