epsilon_quality=0.0317084
volume_quality=0.0174581
