epsilon_quality=0.11721
volume_quality=0.165482
