epsilon_quality=0.0180877
volume_quality=0.112031
