epsilon_quality=0.056281
volume_quality=0.102725
