epsilon_quality=0.145555
volume_quality=0.393721
