epsilon_quality=0.0756444
volume_quality=0.136425
