epsilon_quality=0.0607447
volume_quality=0.113468
