epsilon_quality=0.0603641
volume_quality=0.0632074
