epsilon_quality=0.113639
volume_quality=0.803841
