epsilon_quality=0.0813728
volume_quality=0.297141
