epsilon_quality=0.0782243
volume_quality=0.0728969
