epsilon_quality=0.0105221
volume_quality=0.0770393
