epsilon_quality=0.100465
volume_quality=0.155843
