epsilon_quality=0.0266448
volume_quality=0.0331639
