epsilon_quality=0.262928
volume_quality=0.89395
