epsilon_quality=0.0414108
volume_quality=0.252506
