epsilon_quality=0.0141849
volume_quality=0.119884
