epsilon_quality=0.010087
volume_quality=0.0323138
