epsilon_quality=0.234769
volume_quality=0.602077
