epsilon_quality=0.0230096
volume_quality=0.0655903
