epsilon_quality=0.075992
volume_quality=0.114234
