epsilon_quality=0.12036
volume_quality=0.123077
