epsilon_quality=0.181713
volume_quality=0.417236
