epsilon_quality=0.21417
volume_quality=0.422712
