gpsEpsilon=15.853
gpsVolume=29.0236
mQualEpsilon=0.00407185
mQualVolume=0.000205713
new_planned_energy=97.2212
