gpsEpsilon=7.83511
gpsVolume=30.6215
mQualEpsilon=-1
mQualVolume=0.00481761
new_planned_energy=71.6046
