gpsEpsilon=9.67915
gpsVolume=30.6215
mQualEpsilon=1.81774
mQualVolume=49.0732
new_planned_energy=-1.81774
