gpsEpsilon=9.67915
gpsVolume=30.6215
mQualEpsilon=1.78589
mQualVolume=47.1097
new_planned_energy=17.6072
