gpsEpsilon=1.3089e-315
gpsVolume=0
mQualEpsilon=0.0785127
mQualVolume=0.00797102
new_planned_energy=59.0327
