gpsEpsilon=24.69
gpsVolume=48.4866
mQualEpsilon=0.138839
mQualVolume=0.105503
new_planned_energy=106.186
