gpsEpsilon=35.0566
gpsVolume=178.53
mQualEpsilon=0.0364412
mQualVolume=0.0244057
new_planned_energy=69.1436
