gpsEpsilon=11.7259
gpsVolume=34.0175
mQualEpsilon=0.0515836
mQualVolume=0.00646896
new_planned_energy=17.0075
