gpsEpsilon=29.8475
gpsVolume=75.0814
mQualEpsilon=0.00992711
mQualVolume=0.0103144
new_planned_energy=54.867
