gpsEpsilon=36.4241
gpsVolume=101.334
mQualEpsilon=0.117624
mQualVolume=0.0468155
new_planned_energy=90.858
