gpsEpsilon=7.02582
gpsVolume=29.0236
mQualEpsilon=-1
mQualVolume=0.0326554
new_planned_energy=89.7836
