epsilon_quality=0.083844
volume_quality=0.119897
