epsilon_quality=0.152372
volume_quality=0.391672
