epsilon_quality=0.220897
volume_quality=0.297321
