gpsEpsilon=93.8787
gpsVolume=61.4726
mQualEpsilon=0.0184033
mQualVolume=0.0026278
new_planned_energy=64.7626
