gpsEpsilon=96.8972
gpsVolume=56.2722
mQualEpsilon=0.0183805
mQualVolume=0.00344457
new_planned_energy=98.8569
