gpsEpsilon=0
gpsVolume=2.42092e-322
mQualEpsilon=0.0620647
mQualVolume=0.00631451
new_planned_energy=38.1259
