gpsEpsilon=100.111
gpsVolume=71.6717
mQualEpsilon=0.0261092
mQualVolume=0.00320385
new_planned_energy=67.5044
