gpsEpsilon=100.602
gpsVolume=77.7387
mQualEpsilon=0.0330826
mQualVolume=0.00877146
new_planned_energy=71.2132
