gpsEpsilon=82.4507
gpsVolume=70.8784
mQualEpsilon=0.0531504
mQualVolume=0.00650928
new_planned_energy=81.3449
