epsilon_quality=0.0660785
volume_quality=0.331093
