epsilon_quality=0.215131
volume_quality=0.598799
