epsilon_quality=0.173797
volume_quality=0.506005
