epsilon_quality=0.0486371
volume_quality=0.28172
