epsilon_quality=0.115646
volume_quality=0.326059
