epsilon_quality=0.12606
volume_quality=0.28994
