epsilon_quality=0.00997385
volume_quality=0.00470191
