epsilon_quality=0.0517617
volume_quality=0.231456
