epsilon_quality=0.0523179
volume_quality=0.0949439
