epsilon_quality=0.169328
volume_quality=0.178786
