epsilon_quality=0.0498227
volume_quality=0.0374757
