epsilon_quality=0.108529
volume_quality=0.165171
