epsilon_quality=0.100728
volume_quality=0.11074
