epsilon_quality=0.0736961
volume_quality=0.0247393
