epsilon_quality=0.0398221
volume_quality=0.0568914
