epsilon_quality=0.00927414
volume_quality=0.067863
