epsilon_quality=0.0825778
volume_quality=0.130365
