epsilon_quality=0.206857
volume_quality=0.554079
