epsilon_quality=0.156405
volume_quality=0.28134
