epsilon_quality=0.0740576
volume_quality=0.0463446
