epsilon_quality=0.0871552
volume_quality=0.0684121
