epsilon_quality=0.0584675
volume_quality=0.032111
