epsilon_quality=0.123859
volume_quality=0.202777
