epsilon_quality=0.236606
volume_quality=0.334806
