epsilon_quality=0.145856
volume_quality=0.277229
