epsilon_quality=0.19535
volume_quality=0.256876
