epsilon_quality=0.0803273
volume_quality=0.0281487
