epsilon_quality=0.200603
volume_quality=0.467695
