epsilon_quality=0.0535819
volume_quality=0.0159381
