epsilon_quality=0.435081
volume_quality=2.04855
