epsilon_quality=0.0850237
volume_quality=0.00989613
