epsilon_quality=0.0785297
volume_quality=0.00717337
