epsilon_quality=0.0319185
volume_quality=0.00182336
