epsilon_quality=0.0217105
volume_quality=0.00197097
