epsilon_quality=0.0986316
volume_quality=0.0355666
