epsilon_quality=0.0185853
volume_quality=0.0376529
