epsilon_quality=0.131472
volume_quality=0.489333
