epsilon_quality=0.0331761
volume_quality=0.080391
