epsilon_quality=0.0380767
volume_quality=0.00447086
