epsilon_quality=0.26399
volume_quality=1.06165
