epsilon_quality=0.0942956
volume_quality=0.0483928
