epsilon_quality=0.00114309
volume_quality=0.0280452
