epsilon_quality=0.0232453
volume_quality=0.0022098
