epsilon_quality=0.0514593
volume_quality=0.0450811
