epsilon_quality=0.120369
volume_quality=0.0978948
