epsilon_quality=0.0707863
volume_quality=0.046332
