epsilon_quality=0.332986
volume_quality=1.37651
