epsilon_quality=0.0537857
volume_quality=0.0384694
