epsilon_quality=0.000387477
volume_quality=0.0740741
