epsilon_quality=0.221101
volume_quality=0.489034
