epsilon_quality=0.0422092
volume_quality=0.0292556
