epsilon_quality=0.259492
volume_quality=0.827132
