epsilon_quality=0.194077
volume_quality=0.505923
