gpsEpsilon=156.439
gpsVolume=67.8398
mQualEpsilon=0.0546392
mQualVolume=0.0102465
new_planned_energy=39.8866
