gpsEpsilon=98.0488
gpsVolume=21.1592
mQualEpsilon=0.00289005
mQualVolume=0.00875292
new_planned_energy=64.1866
