gpsEpsilon=116.256
gpsVolume=27.9464
mQualEpsilon=0.000480762
mQualVolume=0.00905705
new_planned_energy=50.3849
