gpsEpsilon=235.316
gpsVolume=116.59
mQualEpsilon=0.0194883
mQualVolume=0.00350866
new_planned_energy=64.9512
