gpsEpsilon=162.518
gpsVolume=111.023
mQualEpsilon=0.0186599
mQualVolume=0.00650315
new_planned_energy=41.9569
