gpsEpsilon=228.815
gpsVolume=108.798
mQualEpsilon=0.0497047
mQualVolume=0.0141957
new_planned_energy=33.6069
