gpsEpsilon=229.438
gpsVolume=108.798
mQualEpsilon=0.0410569
mQualVolume=0.0182452
new_planned_energy=56.084
