epsilon_quality=0.138012
volume_quality=0.712285
