epsilon_quality=0.0864833
volume_quality=1.06408
