epsilon_quality=0.0263994
volume_quality=0.0435798
