epsilon_quality=0.0250512
volume_quality=0.055217
