epsilon_quality=0.0854467
volume_quality=0.0757194
