epsilon_quality=0.0864905
volume_quality=0.0408596
