epsilon_quality=0.098603
volume_quality=0.164401
