epsilon_quality=0.128389
volume_quality=0.139285
