epsilon_quality=0.0820716
volume_quality=0.0546551
