gpsEpsilon=127.207
gpsVolume=97.7128
mQualEpsilon=0.0179513
mQualVolume=0.00105011
new_planned_energy=57.947
