gpsEpsilon=141.227
gpsVolume=33.8816
mQualEpsilon=0.00595854
mQualVolume=0.00327118
new_planned_energy=44.9564
