gpsEpsilon=138.454
gpsVolume=32.3362
mQualEpsilon=0.01216
mQualVolume=0.00232296
new_planned_energy=67.804
