gpsEpsilon=127.359
gpsVolume=74.4375
mQualEpsilon=0.00592607
mQualVolume=0.00189215
new_planned_energy=104.806
