epsilon_quality=0.258896
volume_quality=1.19613
