epsilon_quality=0.0178424
volume_quality=0.020097
