epsilon_quality=0.144712
volume_quality=0.315668
