epsilon_quality=0.109686
volume_quality=0.126264
