epsilon_quality=0.0297487
volume_quality=0.0130096
