epsilon_quality=0.0467944
volume_quality=0.0151447
