epsilon_quality=0.0152782
volume_quality=0.00718733
