epsilon_quality=0.0102313
volume_quality=0.00195799
