epsilon_quality=0.0759453
volume_quality=0.141898
