epsilon_quality=0.0691183
volume_quality=0.0180333
