epsilon_quality=0.0916102
volume_quality=0.064698
