epsilon_quality=0.26298
volume_quality=0.598486
