epsilon_quality=0.20677
volume_quality=0.323907
