epsilon_quality=0.108999
volume_quality=0.153351
