epsilon_quality=0.238026
volume_quality=0.193496
