epsilon_quality=0.0410972
volume_quality=0.0924414
