epsilon_quality=0.0337284
volume_quality=0.108633
