epsilon_quality=0.0196002
volume_quality=0.0185419
