epsilon_quality=0.127613
volume_quality=0.0711091
