epsilon_quality=0.0886408
volume_quality=0.0766691
