epsilon_quality=0.0484626
volume_quality=0.0154397
