epsilon_quality=0.0400456
volume_quality=0.01857
