epsilon_quality=0.0224622
volume_quality=0.212843
