epsilon_quality=0.244714
volume_quality=1.04059
