epsilon_quality=0.132117
volume_quality=0.0804191
