epsilon_quality=0.0775382
volume_quality=0.0379466
