epsilon_quality=0.101948
volume_quality=0.201672
