epsilon_quality=0.157911
volume_quality=0.768969
