epsilon_quality=0.0554742
volume_quality=0.0729994
