epsilon_quality=0.137201
volume_quality=0.305237
