epsilon_quality=0.016099
volume_quality=0.025464
