epsilon_quality=0.115177
volume_quality=0.0624508
