epsilon_quality=0.0920807
volume_quality=0.0376602
