epsilon_quality=0.0954345
volume_quality=0.223521
