epsilon_quality=0.167107
volume_quality=0.514062
