epsilon_quality=0.0646283
volume_quality=0.0592097
