epsilon_quality=0.0307845
volume_quality=0.0536791
