epsilon_quality=0.151506
volume_quality=0.150667
