epsilon_quality=0.158598
volume_quality=0.227373
