epsilon_quality=0.0304427
volume_quality=0.0103926
