epsilon_quality=0.160773
volume_quality=0.328745
