epsilon_quality=0.0655179
volume_quality=0.170494
