epsilon_quality=0.0422685
volume_quality=0.0162825
