epsilon_quality=0.0693755
volume_quality=0.10267
