epsilon_quality=0.121002
volume_quality=0.0824327
