epsilon_quality=0.0714284
volume_quality=0.0752892
