epsilon_quality=0.110251
volume_quality=0.0961262
