epsilon_quality=0.184888
volume_quality=0.314937
