epsilon_quality=0.273427
volume_quality=0.727997
