epsilon_quality=0.0475951
volume_quality=0.00304043
