epsilon_quality=0.0272192
volume_quality=0.00330206
