epsilon_quality=0.0418655
volume_quality=0.00444494
