epsilon_quality=0.0561823
volume_quality=0.0210304
