epsilon_quality=0.0660463
volume_quality=0.0955054
