epsilon_quality=0.184383
volume_quality=0.66804
