epsilon_quality=0.121463
volume_quality=0.0711384
