epsilon_quality=0.0998051
volume_quality=0.244629
