epsilon_quality=0.200129
volume_quality=1.44282
