epsilon_quality=0.0260683
volume_quality=0.140002
