epsilon_quality=0.0917601
volume_quality=0.0626812
