epsilon_quality=0.248827
volume_quality=0.370947
