epsilon_quality=0.0990029
volume_quality=0.0504393
