epsilon_quality=0.109618
volume_quality=0.0600341
