epsilon_quality=0.0819139
volume_quality=0.0338485
