epsilon_quality=0.111941
volume_quality=0.0391995
