epsilon_quality=0.0893175
volume_quality=0.076811
