epsilon_quality=0.0940149
volume_quality=0.221214
