epsilon_quality=0.0990549
volume_quality=0.228577
