epsilon_quality=0.0933945
volume_quality=0.167135
