epsilon_quality=0.165393
volume_quality=0.493104
