epsilon_quality=0.22218
volume_quality=1.19798
