epsilon_quality=0.206474
volume_quality=0.805075
