epsilon_quality=0.0492508
volume_quality=0.0693774
