epsilon_quality=0.120246
volume_quality=0.18674
