epsilon_quality=0.0632993
volume_quality=0.430595
