epsilon_quality=0.0681652
volume_quality=0.0348147
