epsilon_quality=0.123883
volume_quality=0.0736636
