epsilon_quality=0.0405832
volume_quality=0.0621443
