epsilon_quality=0.0684282
volume_quality=0.0678951
