epsilon_quality=0.0523015
volume_quality=0.018916
