epsilon_quality=0.0906655
volume_quality=0.0432848
