epsilon_quality=0.0394374
volume_quality=0.0094627
