epsilon_quality=0.0965395
volume_quality=0.066653
