epsilon_quality=0.0808556
volume_quality=0.38351
