epsilon_quality=0.211152
volume_quality=1.04371
