epsilon_quality=0.170163
volume_quality=0.681272
