epsilon_quality=0.119957
volume_quality=0.107624
