epsilon_quality=0.0985181
volume_quality=0.0782137
