epsilon_quality=0.0135919
volume_quality=0.0138267
