epsilon_quality=0.115895
volume_quality=0.0986047
