epsilon_quality=0.0673083
volume_quality=0.0687607
