epsilon_quality=0.105873
volume_quality=0.418449
