epsilon_quality=0.0947726
volume_quality=0.046694
