epsilon_quality=0.197088
volume_quality=0.488907
