epsilon_quality=0.165266
volume_quality=0.14549
