epsilon_quality=0.076133
volume_quality=0.0157505
