epsilon_quality=0.0162038
volume_quality=0.00176069
