epsilon_quality=0.0547239
volume_quality=0.126268
