epsilon_quality=0.047591
volume_quality=0.00798139
