epsilon_quality=0.106669
volume_quality=0.234834
