epsilon_quality=0.0135861
volume_quality=0.0402318
