epsilon_quality=0.126665
volume_quality=0.315868
