epsilon_quality=0.167156
volume_quality=0.161881
