epsilon_quality=0.0424178
volume_quality=0.00349613
