epsilon_quality=0.0398551
volume_quality=0.00418545
