epsilon_quality=0.0828672
volume_quality=0.0511292
