epsilon_quality=0.217176
volume_quality=1.34218
