epsilon_quality=0.0509123
volume_quality=0.232207
