epsilon_quality=0.199632
volume_quality=1.28925
