epsilon_quality=0.102947
volume_quality=0.0921353
