epsilon_quality=0.154404
volume_quality=0.346958
