epsilon_quality=0.130511
volume_quality=0.241445
