epsilon_quality=0.208195
volume_quality=0.509483
