epsilon_quality=0.0797342
volume_quality=0.410194
