epsilon_quality=0.0491326
volume_quality=0.187887
