epsilon_quality=0.16558
volume_quality=0.607493
