epsilon_quality=0.0654391
volume_quality=0.0211036
