epsilon_quality=0.0227448
volume_quality=0.0430471
