epsilon_quality=0.139781
volume_quality=0.188635
