epsilon_quality=0.0883882
volume_quality=0.179038
