epsilon_quality=0.110046
volume_quality=0.305104
