epsilon_quality=0.270373
volume_quality=0.776067
