epsilon_quality=0.0473507
volume_quality=0.126697
