epsilon_quality=0.125798
volume_quality=0.251983
