epsilon_quality=0.0571573
volume_quality=0.0343847
