epsilon_quality=0.0069407
volume_quality=0.367151
