epsilon_quality=0.177734
volume_quality=0.176319
