epsilon_quality=0.172476
volume_quality=0.23422
