epsilon_quality=0.0889677
volume_quality=0.0501119
