epsilon_quality=0.000163317
volume_quality=0.0521836
