epsilon_quality=0.0511198
volume_quality=0.0325146
