epsilon_quality=0.0596317
volume_quality=0.030725
