epsilon_quality=0.126037
volume_quality=0.158118
