epsilon_quality=0.197743
volume_quality=0.528637
