epsilon_quality=0.305273
volume_quality=1.69924
