epsilon_quality=0.130589
volume_quality=0.207368
