epsilon_quality=0.21678
volume_quality=0.549801
