epsilon_quality=0.139233
volume_quality=0.576768
