epsilon_quality=0.148988
volume_quality=0.252117
