epsilon_quality=0.214449
volume_quality=0.719981
