epsilon_quality=0.0245507
volume_quality=0.155091
