epsilon_quality=0.190987
volume_quality=0.514204
