epsilon_quality=0.237446
volume_quality=0.872168
