epsilon_quality=0.138108
volume_quality=0.295083
