epsilon_quality=0.0975598
volume_quality=0.0549338
