epsilon_quality=0.0355665
volume_quality=0.0620337
