epsilon_quality=0.0158465
volume_quality=0.0138373
