epsilon_quality=0.0872815
volume_quality=0.468153
