epsilon_quality=0.00612039
volume_quality=0.104889
