epsilon_quality=0.0159861
volume_quality=0.000801673
