epsilon_quality=0.0552237
volume_quality=0.00310697
