epsilon_quality=0.0693809
volume_quality=0.0227277
