epsilon_quality=0.0372769
volume_quality=0.00767254
