epsilon_quality=0.209436
volume_quality=0.246245
