epsilon_quality=0.123672
volume_quality=0.244866
