epsilon_quality=0.106718
volume_quality=0.146962
