epsilon_quality=0.0418387
volume_quality=0.02249
