epsilon_quality=0.129079
volume_quality=0.0826425
