epsilon_quality=0.13614
volume_quality=0.0522099
