epsilon_quality=0.0830204
volume_quality=0.354065
