epsilon_quality=0.0731728
volume_quality=0.131836
