epsilon_quality=0.131231
volume_quality=0.385631
