epsilon_quality=0.111259
volume_quality=0.410816
