epsilon_quality=0.0645626
volume_quality=0.084394
