epsilon_quality=0.150104
volume_quality=0.462912
