epsilon_quality=0.202154
volume_quality=0.492125
