epsilon_quality=0.237304
volume_quality=0.441166
