epsilon_quality=0.0955908
volume_quality=0.0671978
