epsilon_quality=0.0858027
volume_quality=0.0891538
