epsilon_quality=0.0496461
volume_quality=0.0678119
