epsilon_quality=0.0381406
volume_quality=0.0182887
