epsilon_quality=0.156305
volume_quality=0.329591
