epsilon_quality=0.0365373
volume_quality=0.244976
