epsilon_quality=0.00491122
volume_quality=0.00322148
