epsilon_quality=0.0845264
volume_quality=0.093891
