epsilon_quality=0.0171579
volume_quality=0.00136672
