epsilon_quality=0.0669545
volume_quality=0.327433
