epsilon_quality=0.0890975
volume_quality=0.0507098
