epsilon_quality=0.00817794
volume_quality=0.0579172
