epsilon_quality=0.108279
volume_quality=0.28566
