epsilon_quality=0.106524
volume_quality=0.12017
