epsilon_quality=0.0229855
volume_quality=0.0875481
