epsilon_quality=0.0999598
volume_quality=0.0765524
