epsilon_quality=0.00498464
volume_quality=0.0842083
