epsilon_quality=0.00134935
volume_quality=0.00235033
