epsilon_quality=0.0307972
volume_quality=0.109959
