epsilon_quality=0.0353405
volume_quality=0.155565
