epsilon_quality=0.120667
volume_quality=0.320392
