epsilon_quality=0.00189715
volume_quality=0.0405909
