epsilon_quality=0.15121
volume_quality=0.482464
