epsilon_quality=0.158008
volume_quality=1.13763
