epsilon_quality=0.0978812
volume_quality=0.442959
