epsilon_quality=0.111567
volume_quality=0.133294
