epsilon_quality=0.128419
volume_quality=0.316048
