epsilon_quality=0.0144367
volume_quality=0.00273342
