epsilon_quality=0.0278016
volume_quality=0.0125211
