epsilon_quality=0.00594973
volume_quality=0.0220379
