epsilon_quality=0.0533381
volume_quality=0.0535629
