epsilon_quality=0.00496908
volume_quality=0.00307706
