epsilon_quality=0.0591208
volume_quality=0.023988
