epsilon_quality=0.0807419
volume_quality=0.229379
