epsilon_quality=0.0671167
volume_quality=0.0980418
