epsilon_quality=0.0192046
volume_quality=0.00563469
