gpsEpsilon=86.6115
gpsVolume=233.985
mQualEpsilon=0.0130524
mQualVolume=0.00142842
new_planned_energy=71.4616
