gpsEpsilon=89.1238
gpsVolume=236.248
mQualEpsilon=0.000116014
mQualVolume=0.00433199
new_planned_energy=78.2411
