gpsEpsilon=91.3102
gpsVolume=244.166
mQualEpsilon=1.65977
mQualVolume=47.3942
new_planned_energy=-1.65977
