gpsEpsilon=90.2505
gpsVolume=233.977
mQualEpsilon=1.60076
mQualVolume=56.2648
new_planned_energy=-1.60076
