gpsEpsilon=85.9927
gpsVolume=218.853
mQualEpsilon=0.0471498
mQualVolume=0.00472154
new_planned_energy=62.3078
