gpsEpsilon=125.081
gpsVolume=232.281
mQualEpsilon=0.0421264
mQualVolume=0.0122187
new_planned_energy=62.7166
