gpsEpsilon=1.30825e-315
gpsVolume=7.89896e-316
mQualEpsilon=-1
mQualVolume=0.00111707
new_planned_energy=33.7237
