gpsEpsilon=1.36638e-315
gpsVolume=1
mQualEpsilon=0.0599618
mQualVolume=0.0117581
new_planned_energy=29.4991
