gpsEpsilon=124.894
gpsVolume=22.4817
mQualEpsilon=0.0169982
mQualVolume=0.00692311
new_planned_energy=45.3939
