gpsEpsilon=63.3664
gpsVolume=106.077
mQualEpsilon=0.0247928
mQualVolume=0.000948495
new_planned_energy=66.4417
