gpsEpsilon=-0.659684
gpsVolume=0.355032
mQualEpsilon=-1
mQualVolume=0.00813858
new_planned_energy=65.7527
