gpsEpsilon=120.608
gpsVolume=243.301
mQualEpsilon=1.38778e-17
mQualVolume=9.92643e-05
new_planned_energy=24.2002
