gpsEpsilon=91.9777
gpsVolume=244.168
mQualEpsilon=0.046672
mQualVolume=0.00393401
new_planned_energy=58.9754
