epsilon_quality=0.0806992
volume_quality=0.0192871
