epsilon_quality=0.0608885
volume_quality=0.0957977
