epsilon_quality=0.118336
volume_quality=0.234571
