epsilon_quality=0.0318482
volume_quality=0.00283783
