epsilon_quality=0.0372435
volume_quality=0.00271521
