epsilon_quality=0.0272172
volume_quality=0.00371785
