epsilon_quality=0.138296
volume_quality=0.0470818
