epsilon_quality=0.0367301
volume_quality=0.047717
