epsilon_quality=0.118647
volume_quality=0.390504
