epsilon_quality=0.0795161
volume_quality=0.124334
