epsilon_quality=0.119573
volume_quality=0.259697
