epsilon_quality=0.0144365
volume_quality=0.169733
