epsilon_quality=0.194968
volume_quality=0.255966
