epsilon_quality=0.10925
volume_quality=0.10158
