epsilon_quality=0.117594
volume_quality=0.187267
