epsilon_quality=0.268139
volume_quality=0.894361
