epsilon_quality=0.0706395
volume_quality=0.0283562
