epsilon_quality=0.0955798
volume_quality=0.123026
