epsilon_quality=0.0239883
volume_quality=0.12503
