epsilon_quality=0.328595
volume_quality=2.07608
