epsilon_quality=0.142049
volume_quality=0.216092
