epsilon_quality=0.0315439
volume_quality=0.00839296
