epsilon_quality=0.0597913
volume_quality=0.0492458
