epsilon_quality=0.420432
volume_quality=2.44339
