epsilon_quality=0.115407
volume_quality=0.175199
