epsilon_quality=0.107093
volume_quality=0.28022
