epsilon_quality=0.385659
volume_quality=1.65704
