epsilon_quality=0.236452
volume_quality=1.18889
