epsilon_quality=0.0123823
volume_quality=0.000534755
