epsilon_quality=0.0464647
volume_quality=0.00448629
