epsilon_quality=0.098527
volume_quality=0.146832
