epsilon_quality=0.0355855
volume_quality=0.0203014
