epsilon_quality=0.162118
volume_quality=0.179512
