epsilon_quality=0.104967
volume_quality=0.283244
