epsilon_quality=0.0201965
volume_quality=0.0727997
