epsilon_quality=0.0557545
volume_quality=0.154132
