epsilon_quality=0.0329709
volume_quality=0.0163841
