epsilon_quality=0.00466392
volume_quality=0.0984996
