epsilon_quality=0.06594
volume_quality=0.0710488
