epsilon_quality=0.117323
volume_quality=0.179663
