epsilon_quality=0.0129874
volume_quality=0.058473
