epsilon_quality=0.051934
volume_quality=0.0495008
