epsilon_quality=0.0223669
volume_quality=0.00330708
