epsilon_quality=0.065645
volume_quality=0.05682
