epsilon_quality=0.0787808
volume_quality=0.0282321
