epsilon_quality=0.0840505
volume_quality=0.0391046
