epsilon_quality=0.00829545
volume_quality=0.0366396
