epsilon_quality=0.0627169
volume_quality=0.13139
