epsilon_quality=0.0577115
volume_quality=0.093841
