epsilon_quality=0.0730896
volume_quality=0.111273
