epsilon_quality=0.180372
volume_quality=0.425547
