epsilon_quality=0.0936377
volume_quality=0.0672111
