epsilon_quality=0.0482003
volume_quality=0.0385937
