epsilon_quality=0.0486033
volume_quality=0.00771461
