epsilon_quality=0.0748535
volume_quality=0.0200863
