epsilon_quality=0.136587
volume_quality=0.315817
