epsilon_quality=0.136435
volume_quality=0.463979
