epsilon_quality=0.100112
volume_quality=0.139159
