epsilon_quality=0.0837856
volume_quality=0.144602
