epsilon_quality=0.207915
volume_quality=0.563519
