epsilon_quality=0.04421
volume_quality=0.0165485
