epsilon_quality=0.116577
volume_quality=0.10321
