epsilon_quality=0.0504135
volume_quality=0.0426302
