epsilon_quality=0.0451158
volume_quality=0.102485
