epsilon_quality=0.084406
volume_quality=0.097058
