epsilon_quality=0.0805632
volume_quality=0.151651
