epsilon_quality=0.136542
volume_quality=0.827326
