epsilon_quality=0.0846666
volume_quality=0.237105
