epsilon_quality=0.0842649
volume_quality=0.0191605
