epsilon_quality=0.0898888
volume_quality=0.191977
