epsilon_quality=0.170053
volume_quality=0.30928
