epsilon_quality=0.187814
volume_quality=0.307191
