epsilon_quality=0.342354
volume_quality=0.89004
