epsilon_quality=0.00567139
volume_quality=0.203028
