epsilon_quality=0.0863385
volume_quality=0.0933132
