epsilon_quality=0.143398
volume_quality=0.141655
