epsilon_quality=0.0537552
volume_quality=0.0291084
