epsilon_quality=0.125603
volume_quality=0.457795
