epsilon_quality=0.0941515
volume_quality=0.158337
