epsilon_quality=0.0922785
volume_quality=0.0466571
