epsilon_quality=0.102467
volume_quality=0.213361
