epsilon_quality=0.0690628
volume_quality=0.0655592
