epsilon_quality=0.0616725
volume_quality=0.067219
