epsilon_quality=0.111168
volume_quality=0.149123
