epsilon_quality=0.0311556
volume_quality=0.163574
