epsilon_quality=0.182464
volume_quality=0.47953
