epsilon_quality=0.136158
volume_quality=0.11603
