epsilon_quality=0.190829
volume_quality=0.26903
