epsilon_quality=0.192672
volume_quality=0.26564
