epsilon_quality=0.188204
volume_quality=0.252232
