epsilon_quality=0.0703047
volume_quality=0.00907145
