epsilon_quality=0.0751859
volume_quality=0.127083
