epsilon_quality=0.24734
volume_quality=0.693783
