epsilon_quality=0.0690183
volume_quality=0.0300921
