epsilon_quality=0.0746337
volume_quality=0.0218793
