epsilon_quality=0.112055
volume_quality=0.156147
