epsilon_quality=0.140991
volume_quality=0.802056
