epsilon_quality=0.0673437
volume_quality=0.103391
