epsilon_quality=0.030577
volume_quality=0.136654
