epsilon_quality=0.138291
volume_quality=0.316401
