gpsEpsilon=0.00810899
gpsVolume=0.640562
mQualEpsilon=1.40827
mQualVolume=42.1361
new_planned_energy=-1.40827
