gpsEpsilon=0.00810899
gpsVolume=0.640562
mQualEpsilon=-1
mQualVolume=0.00371772
new_planned_energy=24.9527
