gpsEpsilon=2.37152e-322
gpsVolume=2.37152e-322
mQualEpsilon=1.90409
mQualVolume=51.0674
new_planned_energy=20.3919
