gpsEpsilon=2.37152e-322
gpsVolume=2.37152e-322
mQualEpsilon=1.93584
mQualVolume=50.9563
new_planned_energy=-1.93584
