gpsEpsilon=2.37152e-322
gpsVolume=2.37152e-322
mQualEpsilon=1.85876
mQualVolume=50.7111
new_planned_energy=-1.85876
