gpsEpsilon=232.959
gpsVolume=101.129
mQualEpsilon=1.94212
mQualVolume=52.2823
new_planned_energy=-1.94212
