gpsEpsilon=232.959
gpsVolume=101.129
mQualEpsilon=1.92272
mQualVolume=52.1084
new_planned_energy=-1.92272
