gpsEpsilon=158.553
gpsVolume=64.8264
mQualEpsilon=0.00627551
mQualVolume=0.00406505
new_planned_energy=23.2412
