gpsEpsilon=139.371
gpsVolume=56.3974
mQualEpsilon=0.068309
mQualVolume=0.0118435
new_planned_energy=17.3995
