gpsEpsilon=-0.479922
gpsVolume=2.42092e-322
mQualEpsilon=0.041415
mQualVolume=0.023784
new_planned_energy=55.6444
