gpsEpsilon=0
gpsVolume=2.42092e-322
mQualEpsilon=0.0435548
mQualVolume=0.00512135
new_planned_energy=22.5596
