gpsEpsilon=1.81969e-315
gpsVolume=1.43298e-316
mQualEpsilon=1.88683
mQualVolume=48.1631
new_planned_energy=34.1263
