gpsEpsilon=1.90815e-315
gpsVolume=1.90835e-315
mQualEpsilon=0.019365
mQualVolume=0.00579014
new_planned_energy=23.3422
