gpsEpsilon=1.70077e-315
gpsVolume=6.95335e-310
mQualEpsilon=0.044297
mQualVolume=0.00844437
new_planned_energy=37.2274
