gpsEpsilon=163.887
gpsVolume=61.5983
mQualEpsilon=0.091133
mQualVolume=0.0196366
new_planned_energy=50.4809
