gpsEpsilon=1.86534e-315
gpsVolume=1.86534e-315
mQualEpsilon=0.0300751
mQualVolume=0.00562171
new_planned_energy=37.2802
