gpsEpsilon=17.114
gpsVolume=137.571
mQualEpsilon=0.0486507
mQualVolume=0.00581201
new_planned_energy=14.2661
