epsilon_quality=0.109927
volume_quality=0.0558982
