epsilon_quality=0.0292495
volume_quality=0.0982827
