epsilon_quality=0.0595572
volume_quality=0.0384722
