epsilon_quality=0.210733
volume_quality=0.719253
