epsilon_quality=0.068419
volume_quality=0.344503
