epsilon_quality=0.037006
volume_quality=0.0241344
