epsilon_quality=0.135897
volume_quality=0.148715
