epsilon_quality=0.174002
volume_quality=0.274611
