epsilon_quality=0.0619697
volume_quality=0.0334726
